,acc_x_mean,acc_x_std,acc_x_max,acc_x_rms,acc_x_min,acc_x_abs_sum,acc_y_mean,acc_y_std,acc_y_max,acc_y_rms,acc_y_min,acc_y_abs_sum,acc_z_mean,acc_z_std,acc_z_max,acc_z_rms,acc_z_min,acc_z_abs_sum,gyro_x_mean,gyro_x_std,gyro_x_max,gyro_x_rms,gyro_x_min,gyro_x_abs_sum,gyro_y_mean,gyro_y_std,gyro_y_max,gyro_y_rms,gyro_y_min,gyro_y_abs_sum,gyro_z_mean,gyro_z_std,gyro_z_max,gyro_z_rms,gyro_z_min,gyro_z_abs_sum,quat_w_mean,quat_w_std,quat_w_max,quat_w_rms,quat_w_min,quat_w_abs_sum,quat_x_mean,quat_x_std,quat_x_max,quat_x_rms,quat_x_min,quat_x_abs_sum,quat_y_mean,quat_y_std,quat_y_max,quat_y_rms,quat_y_min,quat_y_abs_sum,quat_z_mean,quat_z_std,quat_z_max,quat_z_rms,quat_z_min,quat_z_abs_sum,encoder_angle_mean,encoder_angle_std,encoder_angle_max,encoder_angle_rms,encoder_angle_min,encoder_angle_abs_sum,grf_x_mean,grf_x_std,grf_x_max,grf_x_rms,grf_x_min,grf_x_abs_sum,grf_y_mean,grf_y_std,grf_y_max,grf_y_rms,grf_y_min,grf_y_abs_sum,grf_z_mean,grf_z_std,grf_z_max,grf_z_rms,grf_z_min,grf_z_abs_sum,grt_x_mean,grt_x_std,grt_x_max,grt_x_rms,grt_x_min,grt_x_abs_sum,grt_y_mean,grt_y_std,grt_y_max,grt_y_rms,grt_y_min,grt_y_abs_sum,grt_z_mean,grt_z_std,grt_z_max,grt_z_rms,grt_z_min,grt_z_abs_sum
acc_x_mean,1.0,-0.39798195980435513,0.014260543437206548,-0.5597909646423448,0.7343177597357917,-0.6036316280202952,0.9399985260848922,-0.43106113928572154,-0.00968233909958709,-0.6604545794228471,0.7903203498278664,-0.7316193559840558,0.3489480382984331,-0.5802541399262148,-0.3828653625337365,-0.5631793642396047,0.6622971191694342,-0.6147103242640202,0.3655999069468712,-0.5299947262743293,-0.17365355272569985,-0.47254522275845123,0.7189663013700889,-0.4827289837498341,-0.08264918393849709,-0.4744898379062928,-0.5727273572778944,-0.6236607100677054,0.34650181414848596,-0.6156660952355495,-0.7394399382802809,-0.7314567591406913,-0.787889797879371,-0.794605961865686,0.32745525228373523,-0.7724721382540439,-0.00429319690023825,-0.6757837325457294,-0.25058060558608836,-0.009008351772026192,0.3009993358549174,-0.004293196900237244,0.17148106590774495,-0.6770169252789037,-0.31496763096638825,0.1431798133689218,0.5062282611183261,0.17148106590774478,-0.17984545560551654,-0.6249734799010309,-0.4055023861441949,-0.18178034003204946,0.020241755050399143,-0.1798454556055183,-0.15168330156544155,-0.7397916816529145,-0.4950788186897469,0.12225121025824197,0.3388608137113436,0.15168330156544121,-0.4744975283390574,-0.5872604589978689,-0.633833172109033,-0.5215199748925552,-0.25914756826758045,-0.47449752833905706,-0.13357765014497444,0.008428459230224984,-0.18489404889792552,0.17317084416963704,-0.19135404537530848,0.16702117174174294,0.15877107011233305,0.015527249316759818,0.08541995613129388,0.06433333750248665,0.13572451535761942,0.06271228080684102,0.44838555086524456,0.04239143468121897,0.3984918668339075,0.3003227648446132,0.4426079939865797,0.30337921215181984,0.3787180249278405,0.007535756319957966,0.3456009682919225,0.38105610024810554,0.3220329437849213,0.3813323262312376,-0.31195569338686924,0.01698728845033342,-0.2802892227195242,0.2962433756938064,-0.2901103967233729,0.29527855837659006,0.21212543680745682,0.10358290476137194,0.26735186873459094,0.29552142707505263,0.13923804175650645,0.28377597588250786
acc_x_std,-0.39798195980435513,1.0,0.8470663993568928,0.9784928818897124,-0.8421276408114341,0.9479845086412952,-0.31536190513931267,0.9218599930937581,0.7841393293561314,0.8756373726012521,-0.7664268279695459,0.8361603241951209,-0.23794168658017842,0.883651624387052,0.84159131686221,0.880467882204915,-0.7940989966287131,0.8470247322198029,0.23198962177724325,0.750995592223048,0.6849353175197527,0.7528147933447467,-0.6343678600119247,0.7560534737427699,-0.25794229660047047,0.8184674579155918,0.4674688427662873,0.8305594611513443,-0.8708138723302354,0.81348291712561,0.22822867863951557,0.7238739156241868,0.6104551637444156,0.6643378241406239,-0.8045695314084303,0.6451480918105578,0.3068524960537353,0.6075200000996626,0.5234167707044058,0.31073098545931105,0.04551855415013737,0.30685249605373244,-0.13854683764305106,0.5792972674148343,0.31054084512550706,-0.1208139134593365,-0.40143442517924993,-0.1385468376430508,-0.1979546083154446,0.5899498493365818,0.028053077719471305,-0.196745747928585,-0.32617567219166643,-0.19795460831544331,0.2880757880175501,0.6696347076368002,0.6111580909416268,-0.2702467398599101,-0.11763678007697402,-0.2880757880175499,0.5136471171333168,0.5771129063090996,0.5726168256223085,0.541716059363456,0.19066737844206533,0.5136471171333165,0.5100438579925124,0.22545062132414737,0.5314379200651667,-0.020206321805030347,0.5137066992350865,-0.03578286229069652,-0.5381147180619829,0.16652724541996522,-0.5117227922601032,0.3284822244564638,-0.5240767421614883,0.3266606895385705,-0.5718391668208046,0.15224311435853288,-0.44104324233935815,-0.46153869309646955,-0.6547142058279786,-0.47732014365503467,-0.7062294931270796,0.2510868765249283,-0.5633630990477259,-0.6852712771543028,-0.6990046620441078,-0.6970376016448201,0.6870091797382549,0.10543827273598505,0.649143371420156,-0.6732579155592883,0.6778602475390985,-0.6706404064011425,-0.556819070377851,0.08624228982687673,-0.5538923166853723,-0.59062051588295,-0.494666472874775,-0.5858197002764683
acc_x_max,0.014260543437206548,0.8470663993568928,1.0,0.7556295595382819,-0.48841860049412483,0.6675126888074451,0.051665054547122675,0.6809359278505199,0.7441868704845562,0.5429235171758425,-0.37168918896952674,0.47652387875775537,-0.13997145263559116,0.6070021059747513,0.6206201310070293,0.6178933309388175,-0.5084042311286853,0.5831753956566303,0.2795212149044321,0.45144220140972946,0.49134146413652524,0.442571319922752,-0.31592692649787985,0.43734720504336644,-0.172246036661858,0.5436129485973672,0.2370445888798408,0.5231050004102809,-0.6356934975570767,0.5195243040191772,-0.0421661538939383,0.3874381187610847,0.2671777521245613,0.3160374645025322,-0.618185859178038,0.3107642405225334,0.2670966506442265,0.3163467581879624,0.38977263892544656,0.26900395213809275,0.14317006904007107,0.267096650644224,-0.1003334503187881,0.2923400135921553,0.16011113136081578,-0.09356637694475403,-0.19655560033049604,-0.10033345031878792,-0.24554052085958955,0.29469647935485116,-0.1310520648382683,-0.24516660832155715,-0.29646748133420425,-0.2455405208595889,0.18260539349219745,0.33233270558074657,0.3675237491328309,-0.1771635995567418,0.011401209864227668,-0.18260539349219734,0.33940465048124946,0.316867285585392,0.30578459283578757,0.3369561588777612,0.17397432466998736,0.3394046504812495,0.4075903072863941,0.17619933592132153,0.4071168807540767,0.04002701947675784,0.3957321630637239,0.028426134777870652,-0.4416434620603743,0.21334699064749127,-0.4435438265101752,0.3689408657776735,-0.45248741485850424,0.36474532110384894,-0.34618574858988377,0.12892648070707854,-0.24884656623339863,-0.3063049240788065,-0.40977494443316104,-0.3187144511757291,-0.5014118516486943,0.25681783573739486,-0.3907691048398692,-0.47850738543497784,-0.5343315648343431,-0.49094761647751134,0.5028722873108805,0.12306636572004138,0.48350621367412183,-0.4928358096688156,0.4932658609310514,-0.49061221975988456,-0.4191701500206043,0.11389637558090329,-0.3963700797712312,-0.4227148974428459,-0.3887660619983026,-0.42286504294438243
acc_x_rms,-0.5597909646423448,0.9784928818897124,0.7556295595382819,1.0,-0.9083054829874897,0.9808971930743864,-0.49202040186767054,0.9163054969174681,0.7009914117368379,0.9361037740379223,-0.8571574715567423,0.9172767112213619,-0.3025157021688077,0.9289599267039383,0.8386587667528916,0.9234731480778927,-0.8633308991445159,0.9062231171875437,0.11190621910812677,0.8082517497102252,0.662654517402042,0.7969171312569668,-0.7396482902470874,0.7992634257741004,-0.18275868114745134,0.8508739951228285,0.5731772737036748,0.8842774568082178,-0.8552089387619544,0.8652926745056898,0.395615973290629,0.8114553405779911,0.730366172332544,0.7840270433964578,-0.7828903372958264,0.7643924552808867,0.26927137090688413,0.7169177273785509,0.5274348838442362,0.2740088166765019,-0.04057483191090014,0.2692713709068813,-0.17085699508471167,0.6948999960862962,0.3542464984584465,-0.14725010490120816,-0.49226290381927046,-0.1708569950847117,-0.137627959398823,0.686282860476195,0.12203621136523499,-0.13605351385846842,-0.3022370102362626,-0.13762795939882136,0.2784379644575117,0.7841251874812113,0.6568641058675209,-0.2549353298111942,-0.2034797181620717,-0.2784379644575116,0.5859551158131987,0.6721591436993517,0.6753129692804197,0.6227364972435604,0.22337726816718173,0.5859551158131985,0.5020552645601288,0.19670383865417415,0.5277658964797967,-0.050019459581313784,0.5199276855466911,-0.06257955095255138,-0.5257828287497064,0.13122997551987867,-0.4884558978215432,0.28039404617056835,-0.5058153299479673,0.2797147179902641,-0.6253004398694417,0.10824178870967072,-0.5035551413004015,-0.495954767515652,-0.6959770754589206,-0.5094985852095639,-0.7357169434604106,0.20740850715819725,-0.6081267854296494,-0.7194237621442966,-0.7103743605574182,-0.7280887223376912,0.6958083102026129,0.09076654540620005,0.6541536369302965,-0.6802213792133376,0.6821566301313616,-0.6777228163337535,-0.5613341518932082,0.040755867782093724,-0.5777469132097733,-0.6113782060480328,-0.48230964826227357,-0.6032323089221178
acc_x_min,0.7343177597357917,-0.8421276408114341,-0.48841860049412483,-0.9083054829874897,1.0,-0.8931580523453947,0.6639930376979187,-0.8535354355334654,-0.5590076418143691,-0.9362154815569776,0.9686614719947898,-0.9234440394822735,0.12383621499798583,-0.8957740018040773,-0.8618440409652203,-0.8589832196941599,0.7979482517087724,-0.8274854432434054,-0.08583003170983629,-0.8142651913016017,-0.6618036570837373,-0.8233539475866177,0.7481276600761242,-0.8305926400069268,0.24917557112019784,-0.726735776571135,-0.5126670478044728,-0.7934124829021408,0.7487944623900574,-0.7626482668305534,-0.4493764625091016,-0.7732969148365958,-0.7256281577062421,-0.776976327867611,0.6222845001343977,-0.7478335944777639,-0.3341617727608792,-0.6592386039872883,-0.5482411924702155,-0.33860383237529995,-0.016425025224960837,-0.3341617727608773,-0.03517067454886426,-0.6406745897737597,-0.5038877157233885,-0.06116147753687309,0.3508177120148351,-0.03517067454886418,0.18789275644182404,-0.7389219395898787,-0.0870407824640564,0.18606395392436828,0.35634386582875305,0.18789275644182254,-0.42891872956438737,-0.7688063059969843,-0.7436590313411383,0.4038143094995265,0.08841991151510613,0.42891872956438687,-0.4167155822530232,-0.5600565879398033,-0.5760584685117796,-0.47029909537751274,-0.1297425501855556,-0.41671558225302313,-0.48979847734083276,-0.16065992711588398,-0.5208275351319942,-0.006948315290343959,-0.5333158411967138,0.0010972344529018322,0.46590085255478697,-0.04508272097300899,0.41783338953838883,-0.21239447724593427,0.43231287284091713,-0.21467080628520285,0.5939668334561661,-0.0656001044970192,0.49259754470162764,0.4581921466296209,0.6480584879684458,0.46850204397535494,0.6902703883598629,-0.13714290610502872,0.5815114128872355,0.6855270678611267,0.6396039982766553,0.691215859589074,-0.644758085766135,-0.08691323198235366,-0.6041264244964645,0.6293368113950684,-0.6271777386796507,0.6279692332328108,0.5097411805827292,0.022853669662371377,0.5516521432738172,0.582685575335008,0.41902244521377413,0.5708025788696355
acc_x_abs_sum,-0.6036316280202952,0.9479845086412952,0.6675126888074451,0.9808971930743864,-0.8931580523453947,1.0,-0.5137244398725556,0.9135143864252749,0.672019276828686,0.9438154556359364,-0.860956711065066,0.9411028222776644,-0.39449758081363656,0.9270621378887448,0.7953693777044953,0.9318123689083068,-0.8931289460623181,0.9250425219916111,0.08562415861101237,0.8197988449820987,0.6487158941584754,0.8104772156541901,-0.7769475085858023,0.8148595409197894,-0.17197542881168207,0.897521572791653,0.6047855750780573,0.9405702876745616,-0.8852091048169172,0.9234730236562728,0.44397473967805506,0.8582128967034341,0.7824013454942708,0.8309473519891422,-0.8217243975438555,0.8121807850288908,0.20785223697713928,0.7687810239318169,0.4912338839147039,0.2129454950135404,-0.11161460369774653,0.20785223697713626,-0.2729311102204476,0.7555353416179676,0.2939006738861245,-0.24865445772101372,-0.5893453954730723,-0.27293111022044764,-0.05686721859705192,0.6920075262195985,0.20372237479316416,-0.055265588457232395,-0.2361610470081643,-0.05686721859705037,0.2045565588808251,0.8354241590085221,0.6269445755090068,-0.1792293870440428,-0.2970923528456908,-0.2045565588808248,0.662193036266077,0.7410142311250778,0.7427071729709208,0.697536973206357,0.26613363533718615,0.6621930362660776,0.46820038490748306,0.21356945695559346,0.49778228276365677,-0.10867618854653117,0.47227307931569906,-0.12372331933074741,-0.5126834686001318,0.13252740425687315,-0.47177119171190596,0.24464148303071162,-0.4912816864287169,0.2436586826815048,-0.6497074476060557,0.13216721602008577,-0.5167751149088274,-0.5080469323011001,-0.7265749727034706,-0.5235004272951491,-0.7330161724840375,0.2228192589641634,-0.5913079504545274,-0.7129678573285083,-0.7087610360283262,-0.7232726183217237,0.6945962097979433,0.06125071523877818,0.6492764905978308,-0.6800644933375505,0.6873412689940733,-0.6771156062043754,-0.5614480552377958,0.0632775003856394,-0.5641201307317028,-0.6007091087369706,-0.48720524192667725,-0.5939734375981762
acc_y_mean,0.9399985260848922,-0.31536190513931267,0.051665054547122675,-0.49202040186767054,0.6639930376979187,-0.5137244398725556,1.0,-0.32178016211422505,0.1196976538532391,-0.6096003983263887,0.7497485696283956,-0.6910116226933677,0.33636655953455846,-0.5003724434523944,-0.2926949878247786,-0.480196333605212,0.5919397084024208,-0.5449362718115871,0.4922099183608991,-0.5100512977889144,-0.1162270055986781,-0.43837510246910605,0.7137838893278321,-0.4416412622682153,-0.16038976243487926,-0.4591580283854648,-0.6217463728226323,-0.5334417447729466,0.27627133917949415,-0.5223163740429158,-0.8327583175014145,-0.7051001936488069,-0.7913456118953304,-0.7848198838888674,0.18979406272352528,-0.7664658231536738,0.02044954680849682,-0.6825730448924543,-0.2130188970318947,0.015510318105647033,0.3488192299284244,0.020449546808497865,0.18562912075859941,-0.6689802054954471,-0.2632013913985674,0.15746511548881717,0.5308674353123892,0.18562912075859964,-0.18999659216154513,-0.6386367400126506,-0.4286515333557699,-0.19211399688066352,-0.0010691613587637998,-0.18999659216154674,-0.09512444063065403,-0.7200816119073116,-0.4178687615713655,0.06441504903004741,0.40217079897712305,0.09512444063065369,-0.450388787236975,-0.6100794458631458,-0.6505079191759193,-0.5110257047397969,-0.18021472879707412,-0.4503887872369757,-0.10530451466941845,0.08299120727445305,-0.1448394815420724,0.21930209179204463,-0.18683311364672123,0.2092202701179329,0.14146764721663563,0.08150301779138777,0.07071871551058123,0.07215683529387629,0.11007650797260243,0.06730481547603755,0.4968876803697663,0.1797213655913409,0.49008929963837156,0.37449572147706145,0.45618340465562285,0.3694482729405522,0.3992121840746756,0.10982269456440963,0.4159923329417311,0.41270720058228627,0.3119570696943388,0.40409879047759323,-0.2855689378147638,-0.0008286016439795495,-0.2552885155204275,0.27089465571444804,-0.2502868706253577,0.27127659324234416,0.20841190691891545,0.1833688382871715,0.30258120933563765,0.30297113683818006,0.10937306402880388,0.2853949404563507
acc_y_std,-0.43106113928572154,0.9218599930937581,0.6809359278505199,0.9163054969174681,-0.8535354355334654,0.9135143864252749,-0.32178016211422505,1.0,0.8770334398854245,0.9335533896613593,-0.8306949011248257,0.8805208688178809,-0.15833113540010008,0.8959215906997469,0.8969331056385188,0.8889515160077305,-0.7440899027507888,0.8251054956455651,0.382375661368912,0.7960113725280845,0.7877359520257852,0.852793426644814,-0.6203382249139526,0.8612979821022821,-0.3073021470194962,0.784475628785002,0.4310479686600287,0.8428718748638999,-0.8715368896967188,0.8209657291420707,0.25770719984238794,0.7349321686006188,0.65382891250533,0.6484704768270073,-0.7728342825030303,0.618069755005454,0.2503125747739573,0.5504996707755793,0.4508610286356188,0.2538071453211534,0.014748207431071018,0.25031257477395424,-0.12125413491848235,0.5521204071994308,0.3098949073430659,-0.10338152225088666,-0.3729271567144725,-0.12125413491848254,-0.15953314429988505,0.5540943360724909,0.0624796749989391,-0.15843353505223967,-0.29166296858139973,-0.1595331442998841,0.24559270244035697,0.6592828764079012,0.579606244936939,-0.22819781349131685,-0.14279840868812643,-0.24559270244035686,0.4893091295201898,0.5258442014775372,0.5374254312377857,0.5101432678092329,0.24159134281604286,0.4893091295201899,0.48806509986962193,0.12148739691388201,0.47709491592491987,-0.046458696156674105,0.5264007733502275,-0.0522475778173793,-0.4810702932466215,-0.015519260921425956,-0.4727905381790171,0.2287518571330598,-0.4456694641531269,0.23385435713636174,-0.6840888361038221,0.020982283830690632,-0.5872685908035642,-0.5783993709533864,-0.7275146874385866,-0.5880775524292624,-0.767840182870224,0.10833301053849709,-0.6776761944170072,-0.7555727401990989,-0.6930534594301809,-0.7609778952352451,0.663508334228594,0.089864089954406,0.6227037106863658,-0.649410508299232,0.6590124428088451,-0.6476423301226825,-0.5481481580992982,-0.07275154674403655,-0.6270350793896474,-0.613227192657209,-0.44488220408003615,-0.5999141690851727
acc_y_max,-0.00968233909958709,0.7841393293561314,0.7441868704845562,0.7009914117368379,-0.5590076418143691,0.672019276828686,0.1196976538532391,0.8770334398854245,1.0,0.674422294393909,-0.4957604980913014,0.5686983452424179,0.053687506474941825,0.6768768182373147,0.8043812088256158,0.6749030031058821,-0.4361476382444178,0.5657911675768241,0.6793683056888017,0.560623100757307,0.7671733264592691,0.6790931521684093,-0.25356326179286043,0.6849938018292606,-0.38438967333622337,0.5222734905996143,0.10648647554930228,0.5795786582590717,-0.7207364859877949,0.5583699851341415,-0.0863574449356971,0.38443996852811013,0.2927709795529192,0.2675436769715447,-0.6225412662784994,0.2419096067083187,0.22912152498799676,0.21502171624289754,0.3185570752440625,0.23025323506413772,0.15478385943199904,0.22912152498799437,-0.03083199724234251,0.2264418753086671,0.18166474896854595,-0.02520346332816157,-0.11226170228972165,-0.03083199724234276,-0.22748447343872177,0.24981007387998622,-0.1227333560178576,-0.22733947061428866,-0.2771570491426348,-0.22748447343872136,0.16982133319612794,0.3245019141072646,0.3671450320211528,-0.1659957078163117,0.022565383948339037,-0.16982133319612797,0.25964043989315944,0.20966145784833778,0.21089924478633756,0.24865347121946516,0.17480579493596443,0.25964043989315966,0.39109386415784336,0.0989953921152388,0.36011310357802523,0.00990733646978645,0.41201533965242004,0.005448131169667382,-0.37561363260063796,-0.042962358403599785,-0.40490787118771354,0.21578576921771114,-0.35016435052561296,0.22074738446050693,-0.49752207965456335,0.043002061899828706,-0.42005186441852466,-0.4560368174542898,-0.541283451509379,-0.46645162376882376,-0.5830292528299078,0.1146104847640816,-0.5060150278015513,-0.56768916130208,-0.5330189167922722,-0.5761030274718865,0.49976174422318626,0.07073861992816328,0.4710848166048826,-0.4916646068334553,0.5095054609277566,-0.4899556465655736,-0.4165641906185169,-0.04834633374375796,-0.4807010037287443,-0.4594919803001017,-0.3478571785439569,-0.4507930678808027
acc_y_rms,-0.6604545794228471,0.8756373726012521,0.5429235171758425,0.9361037740379223,-0.9362154815569776,0.9438154556359364,-0.6096003983263887,0.9335533896613593,0.674422294393909,1.0,-0.9457469083655444,0.9870365286742039,-0.25961086349657764,0.9417258206031079,0.8578214465274014,0.9286432490292376,-0.8440055277872238,0.8992457427478894,0.11402416571281498,0.8509337601369031,0.6959936209577067,0.8852661778793859,-0.7817312339830657,0.8916019983579585,-0.16834103014451393,0.8527382756131184,0.622944668292593,0.8948394645233703,-0.8324734582768084,0.8683795071574518,0.5310292931696623,0.8595713592889119,0.8225473040117509,0.8389691887063216,-0.7075043418041153,0.8122359126322859,0.21045387473888982,0.7381006885478596,0.4704063894848364,0.21545646272137609,-0.11896463739334039,0.21045387473888702,-0.1553543006046001,0.7361115420068252,0.3817089954075494,-0.12844082592811076,-0.5186327050100201,-0.15535430060460034,-0.07728546174328664,0.7355376226065956,0.20723925895151346,-0.07547460496951894,-0.26249056526935605,-0.07728546174328504,0.25457599119689045,0.8356365845362824,0.6538748873511178,-0.2276591216399126,-0.2705832150163661,-0.2545759911968902,0.5865708880082668,0.694294870207916,0.7084362864151396,0.6310507188433715,0.22772632996554876,0.5865708880082672,0.4838676352027892,0.09829370631433709,0.48573236789775,-0.06426592042805902,0.5361770736748808,-0.06770925030073811,-0.46502230402593087,-0.053114104726014515,-0.4352840851781723,0.17144476340373951,-0.42003553586701253,0.17793414381075484,-0.7231651357898123,-0.029048194787178447,-0.6405770127033734,-0.58836655071083,-0.7540319203154463,-0.5943364588361906,-0.7870274469518163,0.05303666683378674,-0.7153992211815254,-0.7826473605886827,-0.6919562378459624,-0.7827870646286905,0.6689320660106042,0.0700146007087572,0.6232618429502311,-0.6529095698119775,0.6537919748479666,-0.6514830991395627,-0.5515161874375114,-0.11918206033263107,-0.6467937068804007,-0.6313859604386594,-0.42750607201860125,-0.6140698662376226
acc_y_min,0.7903203498278664,-0.7664268279695459,-0.37168918896952674,-0.8571574715567423,0.9686614719947898,-0.860956711065066,0.7497485696283956,-0.8306949011248257,-0.4957604980913014,-0.9457469083655444,1.0,-0.9498880293269641,0.1786397552404241,-0.8536845082793746,-0.7815485315213541,-0.8211569732876948,0.7857703815374908,-0.8033266565859652,-0.011287839297678315,-0.8144876950738743,-0.6201983363414708,-0.8179828082131237,0.790094702375785,-0.8263584337853883,0.2050206064711729,-0.7376637102734165,-0.5633847829473679,-0.7992889109537141,0.7188306807063152,-0.7733278184009554,-0.554609228655594,-0.8201867398197092,-0.8054622984226898,-0.8136741786489834,0.5715003685111488,-0.7817571185741667,-0.23977660026203348,-0.6838970469130141,-0.4622751697042157,-0.24445868547250005,0.08893879425369976,-0.23977660026203138,0.045353492948482586,-0.6711988383810427,-0.43267908911117486,0.01904604734916721,0.42616846776540246,0.045353492948482996,0.08622645333392538,-0.7247873808934087,-0.19284626919889658,0.08432679666393679,0.26133578797299606,0.08622645333392398,-0.33214455322014963,-0.7939235487555432,-0.6691487584117692,0.30496437353889216,0.2002895290955224,0.33214455322014913,-0.45726305910349563,-0.6119807687189873,-0.6309972926865338,-0.5151712249690863,-0.14241793513449397,-0.4572630591034957,-0.4277202613868758,-0.07129599573672267,-0.4437545539389865,0.07066591279239703,-0.4939071324756838,0.07184682550473499,0.4078457422552995,0.05816165351998117,0.36194449928005284,-0.12991938039465845,0.3625690189946355,-0.1362432593851427,0.6772145265554809,0.059073480052155874,0.6078161156266069,0.5421238939404641,0.6916118501591221,0.5458474794987844,0.7144888985705398,-0.02100657769547704,0.6520521100644827,0.7162789294751236,0.6173143104381904,0.7155492660860603,-0.6024889312255478,-0.08084346675868756,-0.5609303229866007,0.586587004141701,-0.5782894129194383,0.5861742077763753,0.4876242146370055,0.13426223715006994,0.5832412512258125,0.5767080971738807,0.36734332603094777,0.5587760975300969
acc_y_abs_sum,-0.7316193559840558,0.8361603241951209,0.47652387875775537,0.9172767112213619,-0.9234440394822735,0.9411028222776644,-0.6910116226933677,0.8805208688178809,0.5686983452424179,0.9870365286742039,-0.9498880293269641,1.0,-0.36498163783842075,0.9273198170024771,0.7835090062982565,0.921106622660674,-0.8873588162464023,0.917603481850906,-0.02274382597848324,0.8459097864725065,0.6179233499614161,0.8520133086996144,-0.845527655971196,0.856991753116574,-0.0898152523103535,0.8791035854898691,0.6980612884510283,0.9162909934096839,-0.8089772631374675,0.8949029802592243,0.6188586870281473,0.9085611157445671,0.8825448875608549,0.9050981942891936,-0.7083986701740252,0.8825076819261748,0.16649307810195554,0.8066038302933186,0.45485977640218944,0.1720274806605963,-0.18794084872189978,0.16649307810195282,-0.22380568522930966,0.8095761354423266,0.36215243775375217,-0.19457290113316028,-0.605919169279134,-0.22380568522930985,-0.013866250965850365,0.7660462742961903,0.28117549109998974,-0.011901976185515618,-0.2171569101683939,-0.013866250965848795,0.21596194084572742,0.8909935983009891,0.6466053861813008,-0.18619796955848567,-0.34407805933618546,-0.2159619408457271,0.6582115039488711,0.7719926604397215,0.7876805226206703,0.7056721630184613,0.26464366366996267,0.6582115039488714,0.46568359371435414,0.10015106200851868,0.47212090256218864,-0.08268357870115196,0.5134004848841766,-0.08692832170250246,-0.45290098536078294,-0.04094271289958299,-0.415756063265845,0.15350237193335048,-0.40953150645603786,0.15949137812880232,-0.7164268995895148,-0.029429640549289267,-0.6339756077475156,-0.5695888688911732,-0.7449503609968311,-0.5746819927677639,-0.7729824857294202,0.04515893923935384,-0.7046364883660864,-0.7687709280524542,-0.6781346427266627,-0.7676015752903881,0.6586918034479412,0.05289296042058061,0.6117249341816594,-0.6424929686853079,0.6433308215714145,-0.6407955784216552,-0.5445484496394607,-0.1112994860844227,-0.6334110371605544,-0.6183852416060304,-0.42189430999088134,-0.6015258316787363
acc_z_mean,0.3489480382984331,-0.23794168658017842,-0.13997145263559116,-0.3025157021688077,0.12383621499798583,-0.39449758081363656,0.33636655953455846,-0.15833113540010008,0.053687506474941825,-0.25961086349657764,0.1786397552404241,-0.36498163783842075,1.0,-0.3231374383955006,0.09131303911946284,-0.40859984418872686,0.6138481097359647,-0.5347475748552607,0.4918030352074424,-0.202236472966618,0.17565851641455438,-0.06291661379248852,0.5054700441745089,-0.04305469601330035,-0.6051750380113755,-0.5454973068994298,-0.7110308447348929,-0.564136998258715,0.24032333664871483,-0.6060617675060932,-0.6163096815733771,-0.5601337976329166,-0.6011295309015035,-0.5829065158478389,0.43977109644031576,-0.6096761205021944,0.3983070934936664,-0.6872963021260143,0.06646395384114542,0.39350835418009356,0.5866996581009795,0.39830709349366905,0.7716511441492254,-0.6826229919919566,0.26335153216698143,0.7524082960085124,0.8492364226111205,0.7716511441492248,-0.4649863198312726,-0.2613393299510667,-0.5680142553166357,-0.4658580379229583,-0.30215390938599596,-0.46498631983127375,0.4716017732471811,-0.5614075237594144,0.03864217901907938,-0.4925741537020712,0.7058763092241415,-0.4716017732471806,-0.885799536865324,-0.7953588534479126,-0.8021874041439488,-0.8698866206589534,-0.5520799613542345,-0.885799536865324,-0.006475764519422134,0.1423390949761226,0.027513238793568734,0.21658474536218525,-0.03570464187987631,0.20153502521675973,0.07631777061873424,-0.008092391047063954,0.06621839858037855,0.021511405503687044,0.08749427811864491,0.020499799882613367,0.3257808449677297,0.10756332926631076,0.2998120769290144,0.24645798362763444,0.27895991121828384,0.24296211969267495,0.2663309503012431,0.0919407605398226,0.3174408028804284,0.2551968609452033,0.22447280397177552,0.24495541860053244,-0.15389231255346297,0.04156565811511095,-0.13996226911704043,0.14104343463618912,-0.15496811141263028,0.13860726900628337,0.11777955841131504,0.12709103799277638,0.19789046130437393,0.15719627476263082,0.05963136224335332,0.14824464124490647
acc_z_std,-0.5802541399262148,0.883651624387052,0.6070021059747513,0.9289599267039383,-0.8957740018040773,0.9270621378887448,-0.5003724434523944,0.8959215906997469,0.6768768182373147,0.9417258206031079,-0.8536845082793746,0.9273198170024771,-0.3231374383955006,1.0,0.8939946269228397,0.9931836184165578,-0.913467798068916,0.9664859340790992,0.10074627183626024,0.815755897975923,0.6648069488846139,0.8485619078548623,-0.7585965978973196,0.8473465355778519,-0.03576440817123214,0.820447508953943,0.6495981115650913,0.8849792541048352,-0.7814407981561126,0.8591697936642415,0.4664838865278887,0.7768467888798469,0.722891161596368,0.8250870231800949,-0.7516218771645612,0.8162728307787108,0.2968983970306118,0.7699134920997954,0.5886580978719623,0.30225141144635204,-0.026495434758996038,0.29689839703060894,-0.0907847851654858,0.7883483515232748,0.507849661415022,-0.05858454734317176,-0.48392875738418434,-0.0907847851654856,-0.1937618367527278,0.7779594926842824,0.08546987655179489,-0.19194315221620875,-0.40239829669580246,-0.19376183675272615,0.3443327554206252,0.8539404564673698,0.7567967254898897,-0.3171157594170314,-0.1702103408856802,-0.34433275542062497,0.6339954317380897,0.6937472066918492,0.7029636541213279,0.6629692930079176,0.28448247006311067,0.6339954317380894,0.6210547604268114,0.18681367364447482,0.6159059485621198,0.11640444813979073,0.6556298308271663,0.10628704493897194,-0.5533097426755319,0.04236520257124048,-0.532953175989671,0.3033798985301588,-0.5212619117254983,0.30681740059420287,-0.595709380517544,0.08585495651070936,-0.4903755978278522,-0.4612034836182339,-0.6622859495738123,-0.4703669079424693,-0.7794401984087529,0.14032472116805003,-0.6829752603921184,-0.7720679928521256,-0.7241272626559327,-0.77380939037939,0.7304837209424492,0.11383733388121951,0.691482970376755,-0.7132859720965592,0.7232932193843127,-0.7110727856941431,-0.6019158934849381,-0.02966451157072621,-0.6570821519242753,-0.6641635291000001,-0.4976436312309895,-0.6519928629286936
acc_z_max,-0.3828653625337365,0.84159131686221,0.6206201310070293,0.8386587667528916,-0.8618440409652203,0.7953693777044953,-0.2926949878247786,0.8969331056385188,0.8043812088256158,0.8578214465274014,-0.7815485315213541,0.7835090062982565,0.09131303911946284,0.8939946269228397,1.0,0.8547208993509287,-0.6559211154565308,0.7578898388775804,0.4141847733565243,0.7367071506042272,0.7947338374248946,0.8423977716811543,-0.5057596696279761,0.8489214806255214,-0.3128624998293359,0.621847371404215,0.33785560931426545,0.6755392578252748,-0.7312709016494643,0.6348758247577833,0.1685829886826604,0.5525574841005801,0.46795244578871725,0.5478104139762809,-0.6167999893950771,0.5234730444570348,0.4387019252719504,0.4559675302090053,0.5876862610041844,0.44174647275078066,0.2122285873142879,0.4387019252719486,0.19999064204263256,0.4612380027137815,0.556944273985101,0.22123972554910692,-0.12431905799769083,0.1999906420426324,-0.38366994026849527,0.6277170149631236,-0.1592593372576409,-0.38237109287474136,-0.5105787604628178,-0.3836699402684943,0.494958386025044,0.5833416465955072,0.7271522379841117,-0.47880302898407573,0.11388625900848502,-0.4949583860250445,0.2755366832365924,0.35214803178085946,0.3596602538973103,0.3050902508937269,0.0890665311972166,0.27553668323659264,0.6035725183484456,0.17944253225368742,0.59400079035265,0.17347683360059213,0.6438596298091217,0.16491841439952235,-0.5180138610408215,0.011704946241899229,-0.511393537020868,0.3124641867505213,-0.48257674146116014,0.3165093727855418,-0.5180865199337704,0.09303833860065075,-0.4237460294311567,-0.427833133270001,-0.586039283247434,-0.43882369267451643,-0.705276229898927,0.15931877387501944,-0.601148784654196,-0.700457642681771,-0.6606952138762981,-0.7066651240394736,0.6679858177124489,0.1390278191655146,0.6353043052906793,-0.6548197691392191,0.661777514887212,-0.6536523051309628,-0.547884774935964,-0.028353787335323875,-0.5993984452746492,-0.6124580293276747,-0.455654596973103,-0.6015665955296265
acc_z_rms,-0.5631793642396047,0.880467882204915,0.6178933309388175,0.9234731480778927,-0.8589832196941599,0.9318123689083068,-0.480196333605212,0.8889515160077305,0.6749030031058821,0.9286432490292376,-0.8211569732876948,0.921106622660674,-0.40859984418872686,0.9931836184165578,0.8547208993509287,1.0,-0.9311557474879869,0.9839831644416335,0.07868427406004794,0.80589418234236,0.6340579402127202,0.8254087244354651,-0.7688906868181384,0.8223342674064054,0.024137423829795016,0.8458519792334293,0.6865740784525114,0.910472315521783,-0.7863966874889486,0.8908091964626956,0.49050618322604606,0.8013015615404671,0.7472368737110355,0.8431340326284681,-0.7883617608525301,0.8378062323840797,0.23506396917421554,0.8007690984621033,0.5483542496820388,0.24058694477921633,-0.08812761971016356,0.23506396917421235,-0.18202370273828747,0.8206031127249189,0.44609977691918484,-0.14983347103937703,-0.554913830436964,-0.1820237027382872,-0.13302593540345217,0.7563443960281453,0.1415405596101116,-0.13126777856791547,-0.3477538165122897,-0.13302593540345078,0.26607028258215676,0.8696967638126225,0.7104863306054303,-0.23858754146245262,-0.24192134222971212,-0.26607028258215654,0.7093359574830321,0.7416582004301742,0.7537749737272303,0.7310407348942508,0.35685456850454345,0.7093359574830315,0.5954760223152079,0.18750403111255037,0.5887149406918597,0.0898268878231071,0.6215259916070816,0.07866184164228876,-0.5389818337848163,0.04457567986670495,-0.521105269053748,0.2887753593968119,-0.5099249524929924,0.2920250764877167,-0.5993762026899977,0.07064907379441661,-0.49849842420078994,-0.46295314410794375,-0.6615778621079139,-0.47114501039081125,-0.7726031997298899,0.12764712754682322,-0.684443067136633,-0.7633986013225671,-0.7158814137978946,-0.7641068781236915,0.7176359042187809,0.09629406693578532,0.6777589131252735,-0.7000426985644115,0.713709930211462,-0.6974000610769191,-0.5914803645406522,-0.030653526872632807,-0.6465109367408977,-0.6499406992299116,-0.4874414451630266,-0.6376510489559094
acc_z_min,0.6622971191694342,-0.7940989966287131,-0.5084042311286853,-0.8633308991445159,0.7979482517087724,-0.8931289460623181,0.5919397084024208,-0.7440899027507888,-0.4361476382444178,-0.8440055277872238,0.7857703815374908,-0.8873588162464023,0.6138481097359647,-0.913467798068916,-0.6559211154565308,-0.9311557474879869,1.0,-0.9719709263080306,0.20077914923603643,-0.7454385661411419,-0.4390975158061604,-0.6863005554908521,0.8553245876418412,-0.6793499227436401,-0.16056689321280754,-0.8604772224695673,-0.7932750213980784,-0.906940887648899,0.7082464486600354,-0.9025797149364733,-0.5780265009660241,-0.8517757241377201,-0.8005366589415581,-0.9131616778150504,0.785079852668636,-0.9163914856537111,-0.18512292724805718,-0.8830582661836538,-0.532862913969316,-0.19125558209234123,0.165332219714646,-0.18512292724805415,0.28021959399858704,-0.8969510405610397,-0.39938618272871557,0.24652749496844503,0.6631123820813349,0.28021959399858654,0.04988316419765113,-0.7616546433866461,-0.2267952164448277,0.04800026336407332,0.27751610179331115,0.04988316419764912,-0.22188075978752655,-0.907893468941629,-0.6830954137476055,0.1917806659095283,0.31404190959787215,0.2218807597875262,-0.7953781793059299,-0.8408356806101521,-0.8513818189992958,-0.8223189656235063,-0.39443984653121983,-0.7953781793059296,-0.5593749807492863,-0.1866585807219344,-0.5633007499389922,-0.06913119313702965,-0.5808699029868026,-0.057349050302248,0.5224103131968258,-0.11320611104859503,0.48987357939548054,-0.285827495900243,0.5030258892938753,-0.28628357550607375,0.5358205155517066,-0.1153484563723609,0.42218662107563476,0.3839377532320451,0.6016335162880607,0.39243393793431625,0.7082296275094737,-0.1452722037829467,0.6174422460715852,0.697209219732775,0.6697262168046024,0.6972280739463415,-0.6831461327810604,-0.09713563490126902,-0.6477945441634388,0.6654092628962978,-0.6760852244131227,0.6625843772133032,0.5618643225134062,-0.01597891079666096,0.5925502610479433,0.607614413322312,0.4758407739738918,0.5989485541403056
acc_z_abs_sum,-0.6147103242640202,0.8470247322198029,0.5831753956566303,0.9062231171875437,-0.8274854432434054,0.9250425219916111,-0.5449362718115871,0.8251054956455651,0.5657911675768241,0.8992457427478894,-0.8033266565859652,0.917603481850906,-0.5347475748552607,0.9664859340790992,0.7578898388775804,0.9839831644416335,-0.9719709263080306,1.0,-0.07405485408638,0.7830065943239028,0.5285768307353783,0.7609190934262382,-0.8260399608291336,0.7556107552885021,0.12818783461275068,0.868171865802911,0.7680952018470485,0.9265983315327481,-0.7495641665164932,0.9154256083585811,0.5707063490297213,0.845249315912847,0.8024015263360409,0.9018985105569036,-0.7909939449955978,0.9024398903342279,0.17130492672719222,0.8694167893111168,0.516642710765069,0.1773379456252052,-0.1724718914652431,0.17130492672718894,-0.2705340294153777,0.8899814544247485,0.4077619641814728,-0.2364367676589245,-0.6499930037660177,-0.27053402941537763,-0.053511531317409225,0.7683102998381901,0.22690909714443278,-0.05165265142797121,-0.28445599259761384,-0.053511531317407726,0.20602694341531186,0.9150445600705445,0.6828682901040884,-0.17615003497335827,-0.32541422595462105,-0.2060269434153115,0.7942054989639462,0.8249255259508967,0.8372197633966663,0.8164548883443048,0.3980262578224937,0.7942054989639461,0.5644146194574808,0.19041206038879527,0.5642037645898733,0.0711070367759643,0.5825249407509314,0.058867478138402714,-0.5169619663262897,0.07038955504842184,-0.4907743952786109,0.27285637053096873,-0.49315103087905193,0.27512733580101445,-0.5766831603482382,0.06323181247551105,-0.480044739564376,-0.4297803923199688,-0.6344450786122134,-0.43638889836870803,-0.7437689928974334,0.11640025885983639,-0.6634782509607792,-0.7340205269011499,-0.6902896744865736,-0.733127474640439,0.6932309345154062,0.08135948346334708,0.6532329145200487,-0.6748396103322476,0.687059074025843,-0.6719487743237216,-0.5711507079897871,-0.021524858777766543,-0.6186374449377653,-0.621520612015818,-0.4703972962838368,-0.6099477142544453
gyro_x_mean,0.3655999069468712,0.23198962177724325,0.2795212149044321,0.11190621910812677,-0.08583003170983629,0.08562415861101237,0.4922099183608991,0.382375661368912,0.6793683056888017,0.11402416571281498,-0.011287839297678315,-0.02274382597848324,0.4918030352074424,0.10074627183626024,0.4141847733565243,0.07868427406004794,0.20077914923603643,-0.07405485408638,1.0,0.07726708998686152,0.5822053545800582,0.2823987067178559,0.3914262028543032,0.2926405403421627,-0.5645315000845179,-0.09036661017890615,-0.49230061895724453,0.003349833096850215,-0.2559574392845275,-0.022477143836785396,-0.5020240511413017,-0.21656145597341137,-0.2899487613138937,-0.3444287542579908,-0.11357937281028534,-0.3730918897700976,0.17468297513086598,-0.3587286085757766,0.04428975318186868,0.17174836285249526,0.3293809653347277,0.17468297513086553,0.1938987334182405,-0.38492124247228726,-0.05954954756151872,0.17787393723424097,0.36092233069620566,0.19389873341824015,-0.24310041379424988,-0.24426115952875196,-0.3376862308059668,-0.24417699495338555,-0.145478793208233,-0.2431004137942507,0.09087371345631011,-0.240675659233986,6.765490795887025e-05,-0.10630494410304334,0.2837684712869489,-0.09087371345631022,-0.3116134263195536,-0.3917222522773888,-0.3953801965194143,-0.34082929177045285,-0.09638588623757072,-0.31161342631955363,0.0072672051704286,0.0474861521725617,0.004016403301940984,-0.07204526413811504,0.010883793477958882,-0.07907775537039038,-0.041500613544228536,-0.10477105821020628,-0.09176896322038572,-0.006767629608087146,-0.029076656197247926,-0.004285116450816146,-0.1167065430938648,0.03554607371204877,-0.10157381912734754,-0.16685037560235966,-0.14391175115173166,-0.1763214594985875,-0.06617785978206889,0.051014180539447444,-0.025111934806518868,-0.05901791309792427,-0.062484747439762504,-0.06873012831803986,0.055092773049576126,0.044255382492550815,0.05774069169064842,-0.05808823928749737,0.07733463849269027,-0.057772592370060896,-0.019511132129109834,0.00263779617138707,-0.0362258490547759,-0.06869120014689183,-0.03422288948721357,-0.06673334836032639
