,acc_x_mean,acc_x_std,acc_x_max,acc_x_rms,acc_x_min,acc_x_abs_sum,acc_y_mean,acc_y_std,acc_y_max,acc_y_rms,acc_y_min,acc_y_abs_sum,acc_z_mean,acc_z_std,acc_z_max,acc_z_rms,acc_z_min,acc_z_abs_sum,gyro_x_mean,gyro_x_std,gyro_x_max,gyro_x_rms,gyro_x_min,gyro_x_abs_sum,gyro_y_mean,gyro_y_std,gyro_y_max,gyro_y_rms,gyro_y_min,gyro_y_abs_sum,gyro_z_mean,gyro_z_std,gyro_z_max,gyro_z_rms,gyro_z_min,gyro_z_abs_sum,quat_w_mean,quat_w_std,quat_w_max,quat_w_rms,quat_w_min,quat_w_abs_sum,quat_x_mean,quat_x_std,quat_x_max,quat_x_rms,quat_x_min,quat_x_abs_sum,quat_y_mean,quat_y_std,quat_y_max,quat_y_rms,quat_y_min,quat_y_abs_sum,quat_z_mean,quat_z_std,quat_z_max,quat_z_rms,quat_z_min,quat_z_abs_sum,encoder_angle_mean,encoder_angle_std,encoder_angle_max,encoder_angle_rms,encoder_angle_min,encoder_angle_abs_sum,grf_x_mean,grf_x_std,grf_x_max,grf_x_rms,grf_x_min,grf_x_abs_sum,grf_y_mean,grf_y_std,grf_y_max,grf_y_rms,grf_y_min,grf_y_abs_sum,grf_z_mean,grf_z_std,grf_z_max,grf_z_rms,grf_z_min,grf_z_abs_sum,grt_x_mean,grt_x_std,grt_x_max,grt_x_rms,grt_x_min,grt_x_abs_sum,grt_y_mean,grt_y_std,grt_y_max,grt_y_rms,grt_y_min,grt_y_abs_sum,grt_z_mean,grt_z_std,grt_z_max,grt_z_rms,grt_z_min,grt_z_abs_sum
acc_x_mean,1.0,-0.12093303239574939,0.22007513626178962,-0.09480709830434897,0.6184256213057906,-0.09640529127044101,0.9009734217605819,0.13210264640608493,0.5569368186030464,0.034726124809301866,0.5781161972904773,-0.00814796978519802,0.05976586894182195,-0.23182857102312376,-0.23921876358844732,-0.22191584343917514,0.29886051101421307,-0.18623500392569725,0.26910462023809184,0.05931850402152,0.35119915951990327,-0.12543282815098553,0.14462050244221647,-0.12555129733800516,0.15948742097221472,0.400036264591443,0.32604441821248775,0.4330734875558665,-0.22986938042560173,0.4523681394681571,-0.5839093945153906,-0.1640205643322147,-0.4182599996369854,-0.21374469263200188,-0.5266689594556051,-0.17558038183501135,-0.5192533789576125,0.0664759755939609,-0.5161415948361261,-0.52127019928722,-0.38624907575593087,-0.519253378957616,-0.7138350996773454,-0.07077316989172115,-0.7525017164664031,-0.7266410535677386,-0.5161073874046382,-0.7138350996773456,0.3267223002876029,-0.20252065895360938,0.2115332197157968,0.32428300988179853,0.3658987532566035,0.3267223002875997,-0.7073253824503299,-0.19509763632923,-0.7698621593281894,0.6908739911530273,-0.4879921868647927,0.7073253824503293,0.21165863184241263,0.1651013028287632,0.18992029713885628,0.20961930985096855,0.1601741739742362,0.2116586318424129,-0.13914957343206552,-0.0005072993551273639,-0.2370952959025842,-0.1365996770146929,-0.17176732793777752,-0.13235816434172737,0.081697528495809,0.3354248792085281,0.2152757820498015,0.17348549342472713,-0.07848129383130122,0.14903149928263829,0.07583449960338415,0.25998722817300807,0.18161315958011212,0.09347569846697242,-0.003985185955476622,0.06735330245982546,0.10254488127148202,0.35533712093147457,0.2461905706904453,0.17992559286270168,-0.0756510616800255,0.14228472832262826,-0.12126378588469555,0.3580654652910066,-0.010837546844138256,0.17375008614437423,-0.23984951394165924,0.13833696428207798,0.06945840667621998,0.2611136252316271,0.2006094543192813,0.17367266179566912,-0.12552151620301255,0.14555390368479842
acc_x_std,-0.12093303239574939,1.0,0.905917937386481,0.9277900235809312,-0.8178620467369982,0.8629882959674097,-0.17123549123567586,0.7976355442638493,0.632724652510543,0.6657892125678917,-0.615261871543066,0.6068070456026807,0.21538794788781604,0.890189315737683,0.8118611558718246,0.8810300841612874,-0.7318124779049721,0.8777138187433051,-0.16800885663771437,0.31490895305823186,0.11793142888970119,0.2860132374372544,-0.3086489006898677,0.28676196564518125,0.0975180127719634,0.22761836611524672,0.2158347376594789,0.19487634924124542,-0.20488186114143989,0.1946838221510894,0.059906827665324576,0.41955704626992824,0.32118365426679335,0.3419943434332425,-0.407506937423684,0.3143112969480857,0.19804001160355342,0.22400240384197923,0.3633719361591807,0.2014844125383793,0.05032998496591851,0.1980400116035558,0.2442325276454068,0.2454019920963069,0.40141687492920236,0.259238605936529,0.11055499549648903,0.24423252764540726,-0.45445622270192676,0.30409917803098424,-0.30742297374734545,-0.4533841734372953,-0.5297447847874616,-0.4544562227019223,0.25377836868216264,0.2747414550766311,0.4020810440271403,-0.24614851877374522,0.11461980673643188,-0.25377836868216236,0.20721971324019256,0.23693532262643072,0.26061450222609955,0.22800435534880872,0.13828870148681938,0.20721971324019275,0.40482460446023494,0.3704548192722738,0.5851662595588702,0.21075181852923514,0.2872963482807823,0.17962209325545608,-0.3551451286310245,-0.11075729113072011,-0.2965542184844349,-0.23298175151975895,-0.3819475344599435,-0.2321961215513117,-0.45012062837408917,0.21312290701680597,-0.30691400338809116,-0.4209858387684207,-0.5402601530038631,-0.44605518232041996,-0.38481926494129565,-0.06689612003912823,-0.3001601056287486,-0.3390886499140178,-0.4648822026145422,-0.36358675152677844,0.4250808482346193,-0.024661538563918155,0.45710712792460295,-0.39056850537791626,0.3141365387042143,-0.41288787256411386,-0.33789699438199483,-0.22348512719795022,-0.31065596706757176,-0.33413952169329036,-0.2362772350225821,-0.3406775794898945
acc_x_max,0.22007513626178962,0.905917937386481,1.0,0.7990376339841287,-0.5520572095525256,0.7188995527804318,0.17157193549382802,0.7206043053224516,0.7958206043158244,0.5281651447421868,-0.2958898685100942,0.4544011289074198,0.3110360365688482,0.7511380667788399,0.7043967369814158,0.7292261257330147,-0.49250055858627023,0.7362224083127806,0.04755802798740831,0.2135778512866721,0.26165946411617574,0.12740724822464802,-0.11783645227433875,0.13340208768536663,0.05553394744656771,0.2565166395575169,0.2054729641493614,0.22624335527840683,-0.26553643979172914,0.23193643158583346,-0.22472024395241103,0.2013310495690966,0.029757999948710454,0.1319156705074198,-0.5188364567868499,0.12351821771827975,0.12629828791533187,0.1284469499164958,0.2391298285996487,0.12807355605716103,0.05097867844234033,0.12629828791533287,0.08204055017455837,0.10916685981958045,0.17238959507724813,0.08889977189889078,0.043863515011318736,0.08204055017455822,-0.3912301030860452,0.11284002160151282,-0.3469016685748785,-0.3921500078714793,-0.392280076367405,-0.3912301030860417,0.09826409521386584,0.10398547104887991,0.18199793780182533,-0.09997791931476135,0.0638096100244569,-0.09826409521386556,0.14406100052889234,0.1598280091165742,0.17851721857611932,0.1577835556551759,0.10084321724839791,0.14406100052889254,0.3511385000080008,0.401510587266278,0.5172676505865974,0.2323290751176714,0.22261492544202222,0.19817566353487517,-0.27339129216701524,0.0412743894123802,-0.17129351675871018,-0.11462773885253369,-0.3660244443483129,-0.12344497477141897,-0.3034580267661624,0.3356518513477294,-0.1290180827636896,-0.27985912796027534,-0.42912785765893185,-0.31459960213195465,-0.2751153233618261,0.09087371354318471,-0.15127322541371696,-0.20618418936243926,-0.4227623781843768,-0.2415503883234909,0.3052589875585934,0.11751853832076206,0.3773199540407561,-0.258275052104192,0.16656200980847743,-0.2903963866823137,-0.2527124885838375,-0.09097653402808621,-0.1794719983557117,-0.2154248762415399,-0.232257750576272,-0.23046819302039281
acc_x_rms,-0.09480709830434897,0.9277900235809312,0.7990376339841287,1.0,-0.7705497763641422,0.9848086658965057,-0.13750133159131725,0.8500572664141585,0.6457450818751005,0.8425436927803278,-0.6225806504463507,0.8086347672353953,-0.031442825530343,0.8178724011288087,0.6761852606526106,0.8514986919759995,-0.8421430922273085,0.8966543416774874,-0.27736564972055233,0.49039704819426017,0.11301748230302287,0.40973719541018805,-0.4886979670881666,0.3947540229479091,0.16271255864813292,0.3996566379655156,0.36715601244186546,0.376949003352994,-0.297079945915609,0.37775021684200993,0.12043410404280519,0.6156718349110942,0.4751984155597028,0.5333609238170486,-0.5202273236479183,0.49753289541943524,0.08647341970049517,0.41602425675492594,0.31953125550549655,0.09170706108332867,-0.13479672048896882,0.08647341970049749,0.11788998247019133,0.38636280680514573,0.32783437382740965,0.13636826201606897,-0.059732541224158595,0.11788998247019132,-0.4615909696767287,0.5021229880049634,-0.18899799786686733,-0.4586791636876077,-0.5989243729617936,-0.46159096967672414,0.12134989449438223,0.4138679487827651,0.31125154693608625,-0.10865960974486037,-0.06836536728736319,-0.12134989449438187,0.33810592207018497,0.4691417018174021,0.4696279484507057,0.3875639539576625,0.13022198711725155,0.3381059220701852,0.3975305999504997,0.23597089056202228,0.531929623365245,0.06656193677143732,0.31563244593135154,0.047281826743969343,-0.40925855080907225,-0.11573534781168039,-0.33075782135855863,-0.27144448499658913,-0.44028785191904796,-0.2704988801178175,-0.6082113147786613,0.13765398491184042,-0.4608326123314814,-0.5592603031907576,-0.6682046916033614,-0.582313333095982,-0.4661136202962185,-0.07572017878115295,-0.3523587204701655,-0.4059460423462168,-0.5514274176359747,-0.4362104514373426,0.49255082115696247,-0.0018567537153391129,0.5276608258826074,-0.44650155607753134,0.3467459173771433,-0.476577100822356,-0.4033958829671217,-0.24184020973320833,-0.35774841020501436,-0.38027290884618953,-0.30247847208575956,-0.39217658420958357
acc_x_min,0.6184256213057906,-0.8178620467369982,-0.5520572095525256,-0.7705497763641422,1.0,-0.7152627163904588,0.6080394614207578,-0.5724234330449584,-0.18814941654982406,-0.5259356220902571,0.862008374071488,-0.48939154320437384,-0.1399074931328441,-0.8359933187291443,-0.7851991044858815,-0.8259265670742091,0.7496327518576903,-0.7832840473816365,0.27566008565268674,-0.23844926051258583,0.08405202560969666,-0.30461729720656705,0.3305064274773636,-0.30273254924953064,-0.05115201399478684,0.005933735718793166,-0.03824721464092019,0.06228263125543009,0.020644508235945644,0.07375782285636627,-0.34391537169324543,-0.4132460857232433,-0.46686776268576397,-0.3671701072144532,0.03222662746373854,-0.3246630489921447,-0.40927628548911565,-0.14362790891921484,-0.5288668113209941,-0.4129887540572174,-0.22449479197325725,-0.40927628548912004,-0.5418718560147497,-0.1964289873169383,-0.6626355358066228,-0.5571792710582516,-0.3492203838507653,-0.5418718560147502,0.5139106637853537,-0.3642168573984656,0.3224738528329273,0.511526953763339,0.5992319420472272,0.5139106637853484,-0.5406378340315648,-0.29722662592997023,-0.6702949338087266,0.526572402253061,-0.3242651651107401,0.5406378340315646,-0.033765840148305595,-0.10410444878753522,-0.09281073128017638,-0.05374540869448942,0.016251273356799545,-0.033765840148305644,-0.39350908782802985,-0.24599385712068186,-0.5660661371911047,-0.24010543461695494,-0.3191105929189796,-0.21990763950857214,0.33316752648452114,0.30472567739972034,0.37201855347558094,0.2919191782068245,0.2556806962477624,0.2748603211082117,0.40704415260267046,0.011468934020068298,0.3641739956523111,0.39618811484466543,0.42925767116805313,0.3977687579189268,0.36920336158270484,0.2746317303844582,0.38944613302373854,0.3778084180767834,0.3278856598795447,0.37263882937477005,-0.405606658297335,0.23267716057076498,-0.36179559438151293,0.4083468009788538,-0.3842151493017136,0.4049941785901379,0.315203626616403,0.32927689606229266,0.3709121951807027,0.36357870247113,0.13469477733153412,0.3513822724712518
acc_x_abs_sum,-0.09640529127044101,0.8629882959674097,0.7188995527804318,0.9848086658965057,-0.7152627163904588,1.0,-0.1347338395807637,0.8355694174329817,0.6166001494554181,0.874533288531492,-0.5932855249056127,0.8599740306677216,-0.1510658835798877,0.7516311794590428,0.585418851646698,0.8013208131960345,-0.8540995789209695,0.8726430619314797,-0.3194603469920451,0.5361804812528005,0.09816330239207645,0.4436417412251813,-0.54351516657281,0.4240875461324196,0.19536037274012102,0.4488445952537313,0.41955829238329434,0.4345051438118442,-0.3037990533730529,0.4350563806818755,0.1581146653756581,0.6855142537148983,0.540990682687739,0.6009235454216413,-0.5391250131823613,0.5620633479344005,0.026831732207545804,0.48286010766676024,0.28522662959596995,0.032647529198825936,-0.21131558538203052,0.026831732207548004,0.058391829742583196,0.4429689382806467,0.29302333036402267,0.07857504198735993,-0.13166272409507956,0.05839182974258336,-0.43959130737645197,0.5564965288869287,-0.13414953481754216,-0.43612326234780363,-0.599216690819921,-0.43959130737644686,0.05866237704881264,0.4637202414471098,0.2673601350620864,-0.044275233829892874,-0.14365864356964347,-0.058662377048812574,0.39820192266549304,0.5412290728718034,0.5413164126780232,0.45289967365770867,0.15414609621689027,0.3982019226654929,0.3702930473073693,0.17515420345851435,0.48410457407223556,-0.005584747382357565,0.3112265598690971,-0.022056819266820404,-0.41441907351757373,-0.123831125425666,-0.33558649775612315,-0.2787714905535333,-0.43939896138250717,-0.27658021890801676,-0.6541128725839528,0.09241273902700385,-0.5122384111706548,-0.5962088073751596,-0.6919464223899319,-0.6166982025660165,-0.4828155490233047,-0.09128592845018449,-0.36718978909932204,-0.4212412764537613,-0.5569867970606817,-0.4512605349173178,0.4999348193611742,-0.01003783923480655,0.5289727426926751,-0.45306735798891923,0.35335890494045946,-0.48315417986285997,-0.4128679848594898,-0.24908552620671182,-0.36762927380168053,-0.3867113613274357,-0.3085913351328429,-0.3990400086435564
acc_y_mean,0.9009734217605819,-0.17123549123567586,0.17157193549382802,-0.13750133159131725,0.6080394614207578,-0.1347338395807637,1.0,0.05438049794150106,0.5519591535761051,-0.04575242126064791,0.657726554357368,-0.09681246268084844,0.10857021371492077,-0.23042201215056218,-0.2244674604792764,-0.22502336052053204,0.3296884321492843,-0.1884580689134008,0.5302953945112399,-0.04442615674375406,0.48896069558143834,-0.33205036271126726,0.33687917811625573,-0.3485580470313682,-0.056980897177029075,0.28401432905260054,0.11310397076148251,0.27689997290093793,-0.3177263335112811,0.298076156981202,-0.7680401613074503,-0.2816198748860826,-0.5808856483456334,-0.3719557319117861,-0.5568765157030675,-0.3449287227161118,-0.33965750032120223,-0.12189970045241484,-0.4659420058872719,-0.3439470718736711,-0.19562631640384076,-0.33965750032120434,-0.6320553902307328,-0.2504994922824585,-0.7713322764678823,-0.6531065352089951,-0.3916619627171578,-0.632055390230732,0.19456349259616806,-0.3453831883753916,0.04825190078395942,0.19054930032645556,0.35303020228664655,0.19456349259616612,-0.5994349175533973,-0.37299560353657235,-0.7654714573187421,0.5761080108689854,-0.34600878132668317,0.5994349175533964,-0.046431426076977374,0.024596119030600164,-0.007157270038927243,-0.03240601146232113,-0.0918827088683572,-0.046431426076977395,-0.22527903591158568,0.10654345775524186,-0.2750662228496691,-0.09841646312177757,-0.27803185091690313,-0.10437260016794042,0.1803669239865764,0.4444056037830943,0.33034799131961967,0.2871158689802722,-0.0333117298144885,0.2576845980427704,0.19835941035261767,0.37445132689864374,0.3345967944740981,0.21736584216537144,0.08079974720363794,0.18508354162447124,0.22095837296285212,0.46616913031841084,0.3764567198739661,0.310649997574035,-0.010516651115127021,0.26968045014509145,-0.2443617361646822,0.4617835469291712,-0.10122276308303527,0.298545001278684,-0.38098787557563524,0.25789984597233323,0.17132821172433718,0.3896651285213453,0.32687475161373536,0.30234230581443877,-0.12046467492264462,0.2689977932316091
acc_y_std,0.13210264640608493,0.7976355442638493,0.7206043053224516,0.8500572664141585,-0.5724234330449584,0.8355694174329817,0.05438049794150106,1.0,0.800485999873192,0.8786351978856031,-0.6171918462843207,0.8062836229772578,0.012221310209473524,0.719662711739892,0.6100657015941738,0.7490295384361072,-0.7207524013204716,0.7645200380959217,-0.2700050185546925,0.5509489987778183,0.1995676629660079,0.41477438863196053,-0.4889525637258181,0.3974355001130796,0.38405022885852885,0.5350340734256114,0.5758398111788648,0.5602325483891262,-0.22401160339902768,0.5673805032765125,0.023767644008040673,0.6288416845390267,0.4330473559508535,0.49033302208736423,-0.6419376213783873,0.462961683946946,-0.14138893076132794,0.4290416009076616,0.10781995143782093,-0.13692052762134918,-0.2949440626700391,-0.14138893076132725,-0.14749740553418647,0.39145370213054786,0.08265073565006358,-0.1300017735407514,-0.24836392867568421,-0.14749740553418672,-0.2420972135467655,0.41229494439703235,-0.031541736197760975,-0.2401460423973193,-0.4045045321983466,-0.24209721354676242,-0.15195361219679768,0.36825847291830205,0.03902643696129885,0.1588591170160009,-0.26319427619797214,0.1519536121967977,0.48435900297264917,0.45989265200138446,0.525411088343516,0.5053441649413036,0.3399973930659545,0.48435900297264933,0.31126287317921353,0.22361198311541233,0.3961935012119002,-0.046958084330127894,0.2183128662657077,-0.06317524463804486,-0.3912547348349326,-0.07548873620715432,-0.2921874527847311,-0.28942689536973853,-0.440818785593795,-0.2945700556454134,-0.5776909628779787,0.1474337044203275,-0.4187032225605141,-0.5278029625137132,-0.63028738365454,-0.5506811613276543,-0.434019901659044,-0.01950698182723934,-0.29232147256604407,-0.36396948122602474,-0.5402546185857423,-0.396690132274049,0.4361019700391084,0.07095513468520254,0.48597287523626986,-0.38162547539093966,0.27748733131577386,-0.41732863379274626,-0.40887389172137845,-0.1632422098441765,-0.3145290396864356,-0.3408527255456456,-0.39774399856610854,-0.3597032548279233
acc_y_max,0.5569368186030464,0.632724652510543,0.7958206043158244,0.6457450818751005,-0.18814941654982406,0.6166001494554181,0.5519591535761051,0.800485999873192,1.0,0.6289954366542696,-0.09793212465385075,0.5445894688660399,0.14620404334715617,0.501681407736298,0.4259514478008378,0.5132253620332737,-0.38697566042667153,0.5557825476076366,0.13256102747779638,0.3619170808967832,0.4533330470755936,0.11932187254252027,-0.14231654905041127,0.10462735963985186,0.18975484437785572,0.5181325882602827,0.4487987116805677,0.53156767682392,-0.36403809747889476,0.5472392316035073,-0.41724546466732965,0.26873270221226864,-0.03077346473641787,0.14200553827612114,-0.7747372106206404,0.13641208349372744,-0.17485213000908228,0.228164839608832,-0.053714156753652306,-0.17354872873426005,-0.22787577187844266,-0.17485213000908253,-0.34098211524897365,0.13375524594713814,-0.24948823285152422,-0.3391747359905312,-0.3007206378075509,-0.34098211524897376,-0.19851106432645954,0.11686977711892008,-0.12757044028146375,-0.1996096851176589,-0.21729258894860926,-0.19851106432645743,-0.3280896271591583,0.07222519755161518,-0.2687208590622787,0.320623281312059,-0.2889145565428086,0.328089627159158,0.27566591470207336,0.30343484795557735,0.3358810210263284,0.29926055181720923,0.17448263449326312,0.2756659147020734,0.1767355037143631,0.3161244679825808,0.2645981030717513,-0.0036881732001322306,0.061200416667621126,-0.027068219639412562,-0.2114256959354642,0.2155010440659694,-0.04052549819083665,-0.055214319734098835,-0.38659097010705357,-0.07814332269376516,-0.31521288077136567,0.38871535360917,-0.09695370477472975,-0.26916310383417635,-0.4439059170006382,-0.3104973093785134,-0.21320190188297686,0.276104606847832,-0.007256885027308366,-0.10452090803076128,-0.4449110085578361,-0.1570709556541468,0.2143460025145302,0.3316266639344398,0.34637230566437793,-0.14077120408410587,0.008483071128539158,-0.1937349699464714,-0.22177389296776845,0.09429432886317338,-0.0550823760106767,-0.09802697780760743,-0.3648633550011158,-0.13151394650386058
acc_y_rms,0.034726124809301866,0.6657892125678917,0.5281651447421868,0.8425436927803278,-0.5259356220902571,0.874533288531492,-0.04575242126064791,0.8786351978856031,0.6289954366542696,1.0,-0.5817040971828115,0.9847391697195476,-0.19386402776456846,0.5826286750141568,0.41417033571871215,0.643009704885243,-0.7713347782597268,0.7044739363827683,-0.47156960237462126,0.6301732461019084,0.040431390021837973,0.6200995356658173,-0.6790245741884393,0.6074774760136761,0.2890451206120425,0.7043491490800856,0.66443518558408,0.6673790961299993,-0.40416327711197103,0.6649794043574219,0.22829444614032182,0.7584739048132314,0.6001836624255041,0.7506521650233176,-0.5768633966315453,0.7291212112576974,-0.1945795924288591,0.6886186634747646,0.15161625779069027,-0.18638271974159737,-0.4740924727112258,-0.1945795924288581,-0.19057171505548737,0.6122682579221762,0.11094564965222123,-0.1664498250057304,-0.4034890495278185,-0.1905717150554876,-0.2528627414823576,0.7042002372265813,0.12026614247476024,-0.24763085380272404,-0.5160885523021989,-0.2528627414823544,-0.2133290034801398,0.6357525565602203,0.06555114550185681,0.2331777075553782,-0.4465989887035822,0.21332900348013945,0.5741900613081067,0.7153752069665533,0.7271968791991941,0.634943364862727,0.24109656847806363,0.5741900613081067,0.2638990202778482,0.07711844676659776,0.31103161331473256,-0.16378825242085532,0.2201435351892985,-0.16722020996936726,-0.37520295469014886,-0.043428781511577544,-0.2668895809055146,-0.25667947081248993,-0.4371194628520378,-0.26125357265590093,-0.68282055755813,0.08234156450355225,-0.5332253530655487,-0.6106543987808369,-0.7174546926009148,-0.6319887009365694,-0.43975209729790815,0.00397203656761677,-0.28508839178773193,-0.36195723196274543,-0.5568437137791258,-0.39876394711189606,0.4383424915564789,0.1059767439250427,0.5004788548326472,-0.37845398812453734,0.2615639301073301,-0.4194199401510353,-0.39562512039646497,-0.137886351734624,-0.2969553136145035,-0.31843750109739344,-0.395416266229327,-0.34067723454032056
acc_y_min,0.5781161972904773,-0.615261871543066,-0.2958898685100942,-0.6225806504463507,0.862008374071488,-0.5932855249056127,0.657726554357368,-0.6171918462843207,-0.09793212465385075,-0.5817040971828115,1.0,-0.534340783857673,-0.022751393624089556,-0.7306524473876547,-0.6872452626792123,-0.7332203754213756,0.7341117449009624,-0.6587712040985259,0.4698983262235491,-0.346723781454083,0.1806800580474726,-0.43168315283487557,0.4848286427653711,-0.4294159404267556,-0.26319825607062436,-0.09132642996362057,-0.2187736249087575,-0.07573541489780627,-0.09160664626270873,-0.06664851161322531,-0.4658877254188818,-0.5162807353559544,-0.5994558517963735,-0.4539233431108981,-0.00569497369079777,-0.4131715703648324,-0.17478692153101655,-0.242644504825107,-0.34190387504657843,-0.1790684425872469,-0.015092011040851038,-0.17478692153101946,-0.3477104848638841,-0.29535217456753116,-0.5158119575768829,-0.3658554247259016,-0.1612884181392001,-0.34771048486388434,0.2580689063347984,-0.41354843378713885,0.056061922899100475,0.2548154178028941,0.42834519632886375,0.2580689063347953,-0.3331792642246606,-0.3685237979261633,-0.49568312110741025,0.31713326712266093,-0.12448725894751157,0.33317926422466004,-0.20949813809278045,-0.19567850244652651,-0.2229206491708084,-0.21730871735296,-0.14812509253973472,-0.20949813809278026,-0.32817703993192415,-0.10464518695156515,-0.41911209711842734,-0.05191432556631919,-0.2803854372130897,-0.04841471042084185,0.3591386718675564,0.3682328713650982,0.4115455121392288,0.3907315858064119,0.24520314321718006,0.3737131398747935,0.4886262724568919,0.14883343831933024,0.4747292297299981,0.47884948474435385,0.4542835194973204,0.4700716610333903,0.4135640531469935,0.337632514823303,0.4386214210769797,0.4345483974966068,0.33105406806535503,0.4258291699003496,-0.4312243056923953,0.2669237917800485,-0.36766738139912813,0.4360215090004153,-0.420793710733262,0.4307698188368342,0.3709146597848806,0.3610004541383158,0.42333314067588373,0.41396715956843816,0.1917197698452688,0.40268414209271464
acc_y_abs_sum,-0.00814796978519802,0.6068070456026807,0.4544011289074198,0.8086347672353953,-0.48939154320437384,0.8599740306677216,-0.09681246268084844,0.8062836229772578,0.5445894688660399,0.9847391697195476,-0.534340783857673,1.0,-0.28704196089877654,0.4977417278945001,0.31048345842965475,0.5693832325222746,-0.7563024092415331,0.6574749589653761,-0.5266241047990646,0.6355075228837509,-0.013788324740306144,0.6617614500460338,-0.7161620726645067,0.6511826447705525,0.28473378578122993,0.715035782736731,0.6722427918478693,0.6817029997669564,-0.40747284635404313,0.6761048482233656,0.30378307106686386,0.7989669596885755,0.6611305091021855,0.8135046359181677,-0.535208766839583,0.7923614179568962,-0.20834156048990907,0.7416987370769497,0.16382791667348223,-0.19934282117488897,-0.5083176145277704,-0.20834156048990818,-0.1822854851854157,0.6665434022440448,0.14271309926583445,-0.1558230851444879,-0.42237997561257573,-0.18228548518541582,-0.24998332556389874,0.7698334880845641,0.1550217582346063,-0.2439407330548013,-0.5399863919641013,-0.24998332556389566,-0.21244194863722762,0.6997032250970204,0.09303007743095677,0.23562293660972866,-0.47265949908482907,0.21244194863722765,0.6108982332762454,0.7591104853970361,0.7696530732943545,0.6743957499437837,0.255052122797995,0.6108982332762461,0.25004035281574916,0.018929055857144075,0.2847349587514385,-0.18951052325397277,0.23109904182718305,-0.19099033382919234,-0.3593380734922415,-0.05809633307823316,-0.26406082986029045,-0.2443233282289917,-0.408680431475153,-0.24625667769701645,-0.6921072025816504,0.030377534519675026,-0.563056733800382,-0.6156463940916156,-0.7080184119258344,-0.6329924373324717,-0.4300602955467712,-0.020828945520262886,-0.29117098233566097,-0.35910558605147735,-0.5268678787042095,-0.39224432491607875,0.4292033234877705,0.07204898361788084,0.47900589682125466,-0.37407371566275893,0.2691383025328815,-0.4105097507866068,-0.3787764399089075,-0.14669858080522352,-0.29557899286757794,-0.31096102196875847,-0.3647100929955333,-0.33118416547365437
acc_z_mean,0.05976586894182195,0.21538794788781604,0.3110360365688482,-0.031442825530343,-0.1399074931328441,-0.1510658835798877,0.10857021371492077,0.012221310209473524,0.14620404334715617,-0.19386402776456846,-0.022751393624089556,-0.28704196089877654,1.0,0.2894612596858693,0.478948784555076,0.1326095725744597,0.2673476606905876,-0.04942598897861289,0.31933998694643606,-0.27791828720800693,0.17546981802293551,-0.24431428120523044,0.37538518321974035,-0.21733329391766398,-0.39829518750702636,-0.20607773752738,-0.3388386298782399,-0.2976461077004453,-0.1399472519643269,-0.29875525572667344,-0.40972205163648445,-0.5272247619527834,-0.5559686904598392,-0.4284920303490401,0.044758423762793695,-0.4070017013787282,0.31708090548907575,-0.3899853719236181,0.12032701768341753,0.31369991295828364,0.3999808815136699,0.31708090548907747,0.255047811407507,-0.3412756830352422,0.07424891334773724,0.23805513252899224,0.3290462179852199,0.2550478114075072,-0.09419809105888914,-0.34278256919147054,-0.28132452930405905,-0.09770797997856744,0.06154098291993797,-0.09419809105888875,0.24646219154250898,-0.31949200942914435,0.09685189979357517,-0.26007204855597993,0.32279270335721993,-0.24646219154250876,-0.5231160551417143,-0.47350460391753535,-0.5179968666022831,-0.5323443320613956,-0.3277844302304828,-0.5231160551417144,-0.0829890392492275,0.5674353348668251,0.09483954662266329,0.363872683663502,-0.25691809725944476,0.3247158125362284,0.25786365533153177,0.3564102941130235,0.3211472376212469,0.287103164518757,0.08403872761033232,0.2629006025954309,0.4413280929221208,0.5690063042216221,0.5690622416336294,0.41728012947473625,0.21807076422801985,0.37957221325292706,0.3331467344991652,0.39893195737215004,0.3940818616076051,0.3626726139734485,0.12625942378957347,0.34144118523637285,-0.31757611019161414,0.3812650627571607,-0.16202281736723714,0.3310719507550766,-0.38314115362050094,0.3077412868942267,0.2672102074081715,0.35664577081606963,0.350760814027038,0.3207021907184938,0.014410272870754946,0.30351900460627734
acc_z_std,-0.23182857102312376,0.890189315737683,0.7511380667788399,0.8178724011288087,-0.8359933187291443,0.7516311794590428,-0.23042201215056218,0.719662711739892,0.501681407736298,0.5826286750141568,-0.7306524473876547,0.4977417278945001,0.2894612596858693,1.0,0.9614392550731791,0.9756868882442847,-0.7385783910073238,0.9046157422990526,-0.10926465256442625,0.25030375039283614,0.11414190954041173,0.21905878128049258,-0.22959912817352296,0.21648666045389056,0.04003798254673337,0.14672164351495623,0.11929057226636923,0.06134383171828715,-0.17344926137895825,0.05775693357445148,0.0028467000084909174,0.26763143610167317,0.2099760910665975,0.18222616897121638,-0.26925339629309175,0.14870134052679204,0.25795636674447686,0.06381585036317898,0.3184480169355142,0.2597750135357837,0.1545318264316582,0.2579563667444803,0.27764096366032065,0.06860351715949316,0.33518597180079934,0.28318432326092263,0.200452808722031,0.2776409636603205,-0.43514167634247136,0.17884319829687376,-0.3425061993159119,-0.43496044500223835,-0.4504102015791893,-0.4351416763424673,0.29172438841814846,0.11698913507823142,0.3510423676519585,-0.28856157974928226,0.19581401539479218,-0.29172438841814846,0.008836284646569648,0.07006030405711576,0.06308635230863024,0.026282364464874544,-0.01819858982634438,0.008836284646569631,0.33113446890522186,0.4108666979237931,0.5149380877697338,0.1759072561892616,0.1949386191504303,0.1437706771168635,-0.3168579723607165,-0.12750458642196288,-0.27928282495871337,-0.22361663531160503,-0.34472620342168603,-0.22157827491283863,-0.3859079308950417,0.21672898103069885,-0.24329229532135305,-0.36685026551059463,-0.4741598683496376,-0.3880545403908194,-0.34080950810786,-0.08543837201451264,-0.2775100380998484,-0.30523153789102736,-0.41608512183603963,-0.32307929522665335,0.36124067986467345,-0.004209459313883401,0.399902416939656,-0.3336753413168761,0.256525478641022,-0.35490055811212323,-0.3028465046372115,-0.19725013585964532,-0.2834894986450387,-0.29685885918712357,-0.24377165068892118,-0.30148929894520893
acc_z_max,-0.23921876358844732,0.8118611558718246,0.7043967369814158,0.6761852606526106,-0.7851991044858815,0.585418851646698,-0.2244674604792764,0.6100657015941738,0.4259514478008378,0.41417033571871215,-0.6872452626792123,0.31048345842965475,0.478948784555076,0.9614392550731791,1.0,0.9074205501047883,-0.5542143736093919,0.7854175919531035,-0.009328923302612023,0.12000509136299235,0.1160735600243049,0.10842819462919966,-0.08457439682162218,0.1132662143040801,-0.021799929900678097,0.0203267085555017,-0.004895615583977613,-0.06444101317541273,-0.11581321109673658,-0.06845730707920046,-0.07878500559604633,0.07530690798498824,0.04625730569333557,0.009548732928514948,-0.1622777914479384,-0.015314745506754095,0.3327308739169328,-0.08767121510152137,0.3225742824868781,0.33314710138120307,0.28417239051734106,0.3327308739169364,0.3474412595931621,-0.07446250549022017,0.3348004246650065,0.3474499316257185,0.3145986495200532,0.3474412595931614,-0.405368492829441,0.033203083343426976,-0.397399768438915,-0.4063434933909089,-0.37111340053688463,-0.40536849282943793,0.3613388399725172,-0.020784989977696053,0.36098229912764473,-0.36292320695199676,0.3102711018181431,-0.36133883997251715,-0.1400834239509434,-0.10880164646031612,-0.12092854899748856,-0.13733786640284704,-0.09399804512597486,-0.14008342395094334,0.27007819183909004,0.47636760979115395,0.47249902083015166,0.24881941561075946,0.11555547982635272,0.21255513249216512,-0.2226617699651015,-0.0924970775661216,-0.20414363483962308,-0.14496740155203441,-0.25728277520728865,-0.14309120981326537,-0.21182165258132876,0.2595327075898983,-0.08409177116032719,-0.2098012562316718,-0.3181870394233769,-0.23027053697126187,-0.22179446134735648,-0.04609426683314634,-0.18431137762744756,-0.19675636175683872,-0.30270511775542264,-0.20886923525082884,0.24036692873403068,0.011343348692178228,0.28042026570122025,-0.2229165664538469,0.1632549000882758,-0.23843499612266772,-0.20043239634798904,-0.13055684053063168,-0.19060326904964467,-0.1987795121595516,-0.17757365408470419,-0.2006766635267273
acc_z_rms,-0.22191584343917514,0.8810300841612874,0.7292261257330147,0.8514986919759995,-0.8259265670742091,0.8013208131960345,-0.22502336052053204,0.7490295384361072,0.5132253620332737,0.643009704885243,-0.7332203754213756,0.5693832325222746,0.1326095725744597,0.9756868882442847,0.9074205501047883,1.0,-0.7925605719992002,0.9651276095768396,-0.13995200013441228,0.33299312218991706,0.13523683252221658,0.2816759023850462,-0.3001386636504636,0.27207220012841926,0.09946614563945678,0.19739883392251104,0.18135863913168485,0.14882665971008505,-0.1857072846116165,0.14621041225115713,0.05997768698725949,0.3626878134014578,0.3010930352296321,0.26717590940776836,-0.30978358297112996,0.23188081520339765,0.18882501484293912,0.1289472456078081,0.28546729905463525,0.1910204049482967,0.076374069149778,0.18882501484294234,0.20997887736912152,0.14956077848576985,0.3109609321791863,0.2194120864544039,0.11593834028396573,0.20997887736912138,-0.4269744527937114,0.2480618923841483,-0.3036786749828686,-0.42626302061005655,-0.4777557719149428,-0.42697445279370755,0.223597053063307,0.18628354940598515,0.31922452303329546,-0.2180371059377266,0.11289092944115145,-0.223597053063307,0.11211784524724776,0.14400951051315983,0.15334025347338376,0.12675475932411834,0.05798494285312719,0.112117845247248,0.3435383662300466,0.33822922735177097,0.5054424177358494,0.1351052996044738,0.22781554528662562,0.10827415506244273,-0.34090450170488945,-0.1483377810412403,-0.3091526593054496,-0.23639129120209895,-0.36803168629235744,-0.23216022332482456,-0.4599600010067383,0.17096543146224796,-0.33201780509361395,-0.4297885496439334,-0.5429631049431515,-0.44909498335531195,-0.3746017774209446,-0.1069575378418025,-0.3163362019765602,-0.33878193976863735,-0.4513667448475081,-0.3559968043448949,0.398729288117003,-0.03338889004739792,0.43597771332865287,-0.3698209994175955,0.3033436201452528,-0.3892430828388457,-0.32397398117715825,-0.21629714699448657,-0.3099594164776371,-0.3204110708894823,-0.254672860463039,-0.3244633498279142
acc_z_min,0.29886051101421307,-0.7318124779049721,-0.49250055858627023,-0.8421430922273085,0.7496327518576903,-0.8540995789209695,0.3296884321492843,-0.7207524013204716,-0.38697566042667153,-0.7713347782597268,0.7341117449009624,-0.7563024092415331,0.2673476606905876,-0.7385783910073238,-0.5542143736093919,-0.7925605719992002,1.0,-0.8399433673716364,0.36095609402161377,-0.4373951228759548,0.01522355478974564,-0.38770558711652586,0.5020120465901048,-0.36842728435565697,-0.21204393196871285,-0.30119659320753134,-0.33914141612968685,-0.2573317132056929,0.1301459874106038,-0.25624333128802745,-0.29362184356496246,-0.6687156515228603,-0.6011701746188622,-0.5470281927106639,0.33793169103576004,-0.49809578278655686,-0.0435629809883267,-0.3570274710960856,-0.2294042103008375,-0.047737991382962544,0.15161664320011942,-0.043562980988329024,-0.12141414527751004,-0.38497675623178645,-0.3221602675910838,-0.13944342520154254,0.05983482087174307,-0.12141414527751015,0.330314056633569,-0.48797475585244315,0.054013291731168984,0.32696668294110887,0.47983107907764483,0.3303140566335648,-0.12960057744926182,-0.4014804916002931,-0.3008106060500399,0.11441958706143375,0.06167065147713575,0.12960057744926148,-0.3152500774963787,-0.43726457463705076,-0.44015752381688333,-0.36215602301174676,-0.13657173585419793,-0.31525007749637884,-0.3644994478663167,-0.0850395667210888,-0.44412549976296567,0.04933349541068284,-0.32852044579946216,0.055129454794339554,0.44149366226529596,0.24025658424085708,0.4000883091268716,0.3923567706672739,0.4000730972415469,0.3875574386528579,0.6639615855687162,0.03356725447616531,0.5651495619255068,0.622339925309006,0.6570719032408141,0.6306598345854543,0.5202414987992292,0.22000138969929645,0.4460253088279492,0.4920662328383729,0.5138868263904814,0.5084410292887012,-0.5416294692394398,0.1011041684461727,-0.5386440004255407,0.5102001866418752,-0.4278120649841693,0.530751480441075,0.4587492371428295,0.3351546629130884,0.44326936268607614,0.4632239609080341,0.3003136849680429,0.4681338730953349
acc_z_abs_sum,-0.18623500392569725,0.8777138187433051,0.7362224083127806,0.8966543416774874,-0.7832840473816365,0.8726430619314797,-0.1884580689134008,0.7645200380959217,0.5557825476076366,0.7044739363827683,-0.6587712040985259,0.6574749589653761,-0.04942598897861289,0.9046157422990526,0.7854175919531035,0.9651276095768396,-0.8399433673716364,1.0,-0.15965531258930585,0.42997649352774525,0.1764951392266541,0.3397493369059725,-0.37848082456125026,0.32244780643111154,0.12671601026861057,0.2778931803485551,0.25455224204483423,0.2542300798993297,-0.23391283590142334,0.2519948511262893,0.08857753943014925,0.45900175407459615,0.3797002083218979,0.3638311643427686,-0.38424521831685654,0.32745627121877685,0.14142286151697792,0.22491422182662538,0.29024211102784303,0.14459167230845746,-0.0005000184145961132,0.141422861516981,0.15741053650197517,0.24299724569589698,0.3091603866018177,0.1710304270494259,0.03906826615304368,0.15741053650197537,-0.4605971917149634,0.3324815113274179,-0.2928303107377389,-0.45924487824206983,-0.5403925597074499,-0.460597191714959,0.17135567560212578,0.2704145819065777,0.31070133229185776,-0.16303518856527854,0.03902607601875033,-0.1713556756021254,0.21804894859541268,0.2506199989663893,0.26900432682143444,0.2378813745437034,0.1225455760211573,0.21804894859541293,0.37188857859914115,0.2765031523655026,0.5191705921389546,0.0969325081019188,0.28296505057279736,0.07205013174509037,-0.3715251315543694,-0.1373840244539643,-0.32508069344050444,-0.2498166250269396,-0.4073435996373697,-0.24690998673158168,-0.5386601621802184,0.15100149818331246,-0.40691330687964505,-0.4954856972260173,-0.6137938435000901,-0.5161982300818694,-0.4145836198089099,-0.10062976329797828,-0.34098276575771613,-0.37024587980300183,-0.4983251675112521,-0.39212433285678217,0.4428450533299013,-0.03249603324800357,0.4843412155128341,-0.40843898157913505,0.33836075107582947,-0.4305973298529115,-0.3587646419449748,-0.2268192198124958,-0.33433421226804316,-0.3490236566785445,-0.27991526245516474,-0.3557600487328101
gyro_x_mean,0.26910462023809184,-0.16800885663771437,0.04755802798740831,-0.27736564972055233,0.27566008565268674,-0.3194603469920451,0.5302953945112399,-0.2700050185546925,0.13256102747779638,-0.47156960237462126,0.4698983262235491,-0.5266241047990646,0.31933998694643606,-0.10926465256442625,-0.009328923302612023,-0.13995200013441228,0.36095609402161377,-0.15965531258930585,1.0,-0.43726115117207104,0.6405517034366067,-0.7454664635653978,0.8475703381794893,-0.761197955217897,-0.3215564376176119,-0.3788516406213502,-0.4968848455225329,-0.406190399618883,0.02094500531208387,-0.3967255802473053,-0.7243970123656517,-0.6129329351910717,-0.7551194430207758,-0.718716091882051,-0.09470213083356696,-0.706912611714354,0.23964648952096684,-0.6731666205752914,-0.1338772949341459,0.23026155003379298,0.47254743066186916,0.23964648952096715,-0.02995871831043082,-0.6197239820056506,-0.34125486411098366,-0.059385585757794096,0.22612016529104195,-0.029958718310430666,-0.09742851735802376,-0.6463244766795987,-0.39791536240012143,-0.10439309810487385,0.2234072587243615,-0.09742851735802378,0.032549014868671663,-0.6913774949461229,-0.2811152933387614,-0.06197781501814062,0.30453122145954253,-0.0325490148686717,-0.6063313589885938,-0.5632283853212475,-0.6280521276580462,-0.6233351169891183,-0.39480891971037685,-0.6063313589885944,-0.20391542274595847,0.26860673103572114,-0.12127251910735727,0.2983194835409075,-0.2699610335486487,0.27407551942344377,0.3347698535230726,0.307886142132958,0.3615761719928872,0.3468151071744257,0.2012754685038997,0.3310064411799413,0.5540637259071057,0.3177856903859629,0.5949049334686914,0.5249183492061745,0.4437690371268464,0.5105544339643694,0.4368084924698549,0.31643338637840146,0.4347873807865447,0.4518165003497231,0.3114823698648273,0.450842856574901,-0.44663227205436545,0.2608722909132075,-0.3722839579369593,0.4475807259803494,-0.4497024895381174,0.4428084480354958,0.37887772653055724,0.38624381636395655,0.42224222051000165,0.431596527059414,0.12111884661229333,0.42410620194139104
