,acc_x_mean,acc_x_std,acc_x_max,acc_x_rms,acc_x_min,acc_x_abs_sum,acc_y_mean,acc_y_std,acc_y_max,acc_y_rms,acc_y_min,acc_y_abs_sum,acc_z_mean,acc_z_std,acc_z_max,acc_z_rms,acc_z_min,acc_z_abs_sum,gyro_x_mean,gyro_x_std,gyro_x_max,gyro_x_rms,gyro_x_min,gyro_x_abs_sum,gyro_y_mean,gyro_y_std,gyro_y_max,gyro_y_rms,gyro_y_min,gyro_y_abs_sum,gyro_z_mean,gyro_z_std,gyro_z_max,gyro_z_rms,gyro_z_min,gyro_z_abs_sum,quat_w_mean,quat_w_std,quat_w_max,quat_w_rms,quat_w_min,quat_w_abs_sum,quat_x_mean,quat_x_std,quat_x_max,quat_x_rms,quat_x_min,quat_x_abs_sum,quat_y_mean,quat_y_std,quat_y_max,quat_y_rms,quat_y_min,quat_y_abs_sum,quat_z_mean,quat_z_std,quat_z_max,quat_z_rms,quat_z_min,quat_z_abs_sum,encoder_angle_mean,encoder_angle_std,encoder_angle_max,encoder_angle_rms,encoder_angle_min,encoder_angle_abs_sum,grf_x_mean,grf_x_std,grf_x_max,grf_x_rms,grf_x_min,grf_x_abs_sum,grf_y_mean,grf_y_std,grf_y_max,grf_y_rms,grf_y_min,grf_y_abs_sum,grf_z_mean,grf_z_std,grf_z_max,grf_z_rms,grf_z_min,grf_z_abs_sum,grt_x_mean,grt_x_std,grt_x_max,grt_x_rms,grt_x_min,grt_x_abs_sum,grt_y_mean,grt_y_std,grt_y_max,grt_y_rms,grt_y_min,grt_y_abs_sum,grt_z_mean,grt_z_std,grt_z_max,grt_z_rms,grt_z_min,grt_z_abs_sum
acc_x_mean,1.0,-0.06029537538693596,0.4606976276619877,0.03230432762274218,0.39193390146366325,0.07715876105304198,0.832316677415622,-0.11617515111465464,0.5254107331277194,0.048825961934215914,0.5394430781540881,0.09888276334027173,-0.47874995516229263,-0.03855080422910069,-0.13721006638887082,0.02534117508892201,-0.1232893583913403,0.08259260308105258,-0.3781024847981239,-0.05155153536814475,-0.22868791217612278,-0.05269137299147436,-0.1913804768292157,-0.06065439400135599,0.20461257169110236,-0.1155563167545998,0.11863044195957917,0.09714003517534876,0.2626075133330397,0.1118323495879234,0.5383885691482346,0.15083894470438658,0.36053477590664057,0.31610188441425674,0.5065914295883925,0.29968720412464683,0.2997047635726538,0.35035658708949585,0.3716962134446974,-0.22996180166503793,0.11427483998567027,-0.26053307473924275,-0.2707847003758202,0.2555775298606911,-0.19720001723395736,-0.26935413258855334,-0.3058013432995552,-0.2707847003758194,-0.3499800032078341,0.27849965133246,-0.1637005108866403,0.20327381133156783,-0.43571769693165463,0.17514320904108127,-0.3127640438546906,-0.05298723147748667,-0.2218404975520539,0.3131524298358263,-0.29734386563665866,0.312764043854688,-0.057670501835421835,0.09712758647482073,-0.015482484456675683,-0.051246937415866264,-0.056887657355015143,-0.05767050183542177,0.0563767379959011,-0.22979747582519397,0.02336062774067032,-0.08573863563307413,0.14475560743238838,-0.062385217176020205,0.04096341494377305,-0.21284438620462723,-0.06677617113752972,-0.09567207448432545,0.1626880307341078,-0.07393148377946437,-0.07102082080965,-0.29854578373100954,-0.21067827876556106,-0.03855747152069487,0.016609494845078995,-0.014305421059927105,0.017520393174260233,-0.22366204717828228,-0.11006985838137465,-0.09175860811681233,0.16332162276460152,-0.06950404959711246,0.0298356688737752,-0.23233164047399724,-0.06016101715988586,-0.09248102721066224,0.13747328060595657,-0.06510521886761357,0.024998935061327943,-0.20521284596706618,-0.07413978210047557,-0.09666954197682222,0.11388255584137622,-0.07266090236790565
acc_x_std,-0.06029537538693596,1.0,0.7409683181257622,0.9288897326343145,-0.8328358814037709,0.8244555189554845,0.06502708626297878,0.8750660690748026,0.5671893531432847,0.7891680626721381,-0.6519952302106067,0.7303813778022347,-0.034658777820155404,0.8155743627463756,0.7210852895643459,0.8382510299595829,-0.7161021495213866,0.8120422001499599,0.11154114874630262,0.6266718288629788,0.5532064931063346,0.6223909599691468,-0.4780399156589755,0.6214035827110335,0.32759757895466984,0.6091572066420677,0.6468194413840682,0.5551222698332702,-0.22691692596134916,0.5339342372058408,0.2704457626261883,0.6094165823096434,0.5062044885504894,0.5663913841430516,-0.3379824740257542,0.5450043915590076,0.18928044966838029,0.4883311816716846,0.377958532789427,-0.004718136976920153,0.01964423952067481,-0.03172707830288701,-0.35974710877177174,0.5149489405838065,-0.15428751363405097,-0.3586174943887232,-0.48376701946530243,-0.35974710877176863,0.003141243598023106,0.5239416442894607,0.1612614741235532,0.24968626804691915,-0.21925522590489183,0.20563399738623137,-0.05073386900066454,0.4177672342480586,0.1048776623317644,0.05370059626443633,-0.24202390322572634,0.05073386900065669,-0.2421184976543649,0.4303913046784448,-0.14566198059804797,-0.22485019052661875,-0.337069715546638,-0.24211849765436472,0.1801722686811065,0.12473052922096538,0.2541221966887319,-0.2374819382905481,0.13173589118020412,-0.26236613707887635,0.009141960775075663,0.1458597678004057,0.06797432013155144,-0.12778457130683096,-0.1084492959293822,-0.13756293697080155,-0.3924915754891909,0.22190242775657346,-0.21353550630390758,-0.22315643282424058,-0.5064125949034656,-0.24843777939188003,-0.27372837371590875,0.22192365888314558,-0.06410019371381993,-0.22122170396001942,-0.4925557525812779,-0.2656754548688406,0.22586033200168296,0.11542681916170894,0.31132347202503524,-0.1650114624869442,0.09123004063636658,-0.192013321866949,-0.07834467153405283,0.013066624017183543,-0.04463372062512403,-0.24315385775010143,-0.09926335558232745,-0.2647817898007886
acc_x_max,0.4606976276619877,0.7409683181257622,1.0,0.7513448344401185,-0.3571493322436488,0.6973304364629526,0.4896745999887912,0.6414200055738161,0.868335875568208,0.6754565509765805,-0.14248891778280787,0.6531065342530643,-0.29916845300057027,0.678513732510684,0.5246686260330837,0.7130419251972152,-0.6562146224542222,0.7422933880882675,-0.18982163036770328,0.49312945009224934,0.289460661546941,0.5009722153994686,-0.5910484861816881,0.49588123508271836,0.39206422117647166,0.4049941414202249,0.5754065975607261,0.4898425134207398,-0.013358491514681983,0.4764669142840731,0.5300542905205923,0.6873406710648419,0.7063537258430109,0.6894162645140118,-0.03351538456972427,0.6482436746970481,0.2982679261196099,0.6172910325670027,0.49213453078097025,-0.11615959574145839,0.04492396142696634,-0.15987904171518022,-0.3989630400667436,0.5139057757690502,-0.20475167317916643,-0.39769393096897165,-0.504180396347483,-0.39896304006674027,-0.14815066922432593,0.6008833282341322,0.08671484600887487,0.28440583297682026,-0.37456576565715055,0.23428774175605344,-0.1991815972352704,0.35474294226118375,-0.0090253883171412,0.20216927326915363,-0.36151446151772154,0.19918159723526208,-0.22200996385141397,0.4817907346166991,-0.10165392680677639,-0.20245083594524607,-0.3120211729810111,-0.22200996385141394,0.17728142788963472,-0.01835917226362892,0.22415825223675473,-0.2549173645032752,0.1795239774542479,-0.2645616251288325,0.015295729176050942,-0.016994783971102895,0.0003107511057838831,-0.14074430487975473,-0.0052475959579242,-0.13722949196996648,-0.37001034233869634,-0.024294571308642245,-0.31203893659979,-0.2041940513418149,-0.39884198450541886,-0.2082302924731075,-0.22385291267073487,0.03501138417704012,-0.13222411641280024,-0.23563865467421355,-0.29283569067082105,-0.2570037589444116,0.2167836766193395,-0.04768284759348093,0.2278164217663973,-0.191157873777601,0.15736297692059192,-0.1956640621227882,-0.054058731654096755,-0.10322895446105099,-0.08327643055125453,-0.25198508156125715,-0.02315992424408046,-0.2583841429938025
acc_x_rms,0.03230432762274218,0.9288897326343145,0.7513448344401185,1.0,-0.6853092426778488,0.9629997258759153,0.1299073400925841,0.8454519087774894,0.602384805642472,0.8897337636323448,-0.5534464879658408,0.8624042702270747,-0.18295087982214878,0.76769820599006,0.5993624261844923,0.8153585476806408,-0.7552734883963194,0.8396044187578982,0.10908832264557114,0.6899771361317946,0.6231260731646708,0.6985445076229456,-0.4955043485898638,0.6945473078488619,0.3880225965772548,0.6789229231609726,0.7282781532610598,0.6228709296873365,-0.2171299912822532,0.6018927821555053,0.39077887572132564,0.7354751046307098,0.6323271020355065,0.6882901764085373,-0.31732569724606813,0.6626305419352959,0.15416440421946817,0.6081909918038739,0.3721823690660166,0.04246332044862095,-0.06290496914151376,0.0091903332122776,-0.42063808194213137,0.5946407989514044,-0.17649403430725538,-0.4189284906155858,-0.5455145415241801,-0.42063808194212876,0.023594764434419154,0.6056221390898976,0.21573633646653145,0.27241642158049184,-0.21547227982569536,0.21728946787675435,-0.033035348603976215,0.47872363232870124,0.14259916455517785,0.03613414737231891,-0.24935792676410146,0.0330353486039682,-0.22816857288147094,0.5831035449835885,-0.09980572236627727,-0.20294052169733345,-0.35067762511434536,-0.22816857288147085,0.18215878448757564,0.08436715867321086,0.2364077724435092,-0.2784402421038305,0.13793152298093284,-0.30238030275517336,0.030052748571470236,0.09797682927599426,0.0691578580194562,-0.1917338230372236,-0.048575950810295115,-0.19718308207399798,-0.46123807575608294,0.14333008192749658,-0.29607916544123986,-0.2693526802505346,-0.5444480610801787,-0.29001924918366057,-0.3025626260802743,0.16813012545738107,-0.1210287331243651,-0.26700717926484857,-0.4578665580787877,-0.30550177909235904,0.24756723257601643,0.09152599571176886,0.3151129551017444,-0.19789308794524513,0.10723010001630402,-0.2256295846859496,-0.08499941950921594,-0.030618837322461723,-0.0742186693010054,-0.28015806410552285,-0.08520984478503967,-0.3010877559354477
acc_x_min,0.39193390146366325,-0.8328358814037709,-0.3571493322436488,-0.6853092426778488,1.0,-0.509350838931486,0.198471033312699,-0.7288482142991883,-0.20567347862600624,-0.5317720449086405,0.8130084598940549,-0.4475385286504649,-0.3051508910522107,-0.739040321602548,-0.7918715404316734,-0.7068410435319553,0.5233863407038368,-0.5884425353552131,-0.13853864368771845,-0.395299273874767,-0.4045388553809111,-0.36015881921152954,0.24844647228652011,-0.36063283721563477,-0.21264306650061696,-0.43762608102743217,-0.4240436151019658,-0.35168167091598923,0.23470478330401365,-0.3315944314450763,0.10688334161307973,-0.22190601997974618,-0.09163520092173583,-0.15579340330787997,0.3952346321414952,-0.15386975472648218,-0.17750704886325364,-0.10875406597421687,-0.24342034199489665,0.05420192530360322,-0.15215704352099213,0.056559348248084146,0.18810918150760145,-0.27531817019755916,0.07970170612799458,0.18781993018437715,0.2647995805067419,0.18810918150759928,0.008707179920256472,-0.1566110805320856,-0.01936217053968426,-0.19509614710684606,0.10339184093737633,-0.18296413933419373,0.008211854029181983,-0.15162638704991596,-0.03283759615364742,-0.009318841951622072,0.08893566840210161,-0.008211854029176123,0.2207352218633291,-0.12131704686800046,0.1978175585169069,0.21636070674734145,0.2557725605580944,0.22073522186332928,-0.15292412533552976,-0.19683511630511044,-0.23776512720251872,0.12771884648985637,-0.08166775878181042,0.155214100953483,0.04491735225377123,-0.19435279354577586,-0.03744318276332663,0.0023062472885051494,0.2094731399074896,0.017693797906156567,0.2283030901174203,-0.34126708103645825,0.024791000430409067,0.14013520116174458,0.372346410977872,0.16998223242236735,0.20485411875640946,-0.2687816861450516,-0.017213100060980594,0.12400998511328461,0.5001309370498298,0.17029501966294877,-0.17671438381433593,-0.1420694924605958,-0.2741928604494342,0.10471748369655366,-0.05193008188930377,0.13033608358782398,0.06271763757945517,-0.07772117832227732,-0.00026178549247282874,0.15601752670533392,0.11678685018674412,0.17905743337735092
acc_x_abs_sum,0.07715876105304198,0.8244555189554845,0.6973304364629526,0.9629997258759153,-0.509350838931486,1.0,0.13581692173536825,0.75719231296727,0.5621701651126664,0.8682922298097272,-0.4336523715978045,0.869155109082248,-0.3099098482735096,0.6350823218551954,0.4204410972359034,0.7019419474600133,-0.6902741589106894,0.7715911752960517,0.16945201150989525,0.7201047460417718,0.67219285556534,0.7447562702467713,-0.4662844501969104,0.7415266835438045,0.3602538177618933,0.6928952459369035,0.7244526686936927,0.620439454635566,-0.21889145427952483,0.5985547755688059,0.4745601284292597,0.7868922996789507,0.6908453225348555,0.7562054046455209,-0.2869315877803498,0.7354806799716885,0.06901184046387737,0.6798076945555411,0.3170046073504552,0.11545819244622268,-0.16406073294778561,0.07939290753391921,-0.415262623036429,0.6181258556533651,-0.1586694474781528,-0.41321886899676896,-0.5471321749374901,-0.41526262303642675,0.08704282933030116,0.6766684879078935,0.2925173847679333,0.22852761117383688,-0.1749253326413295,0.1656642879106225,0.007364264164355128,0.5570351349986657,0.19955230681505026,-0.003913043432748544,-0.24261193600880693,-0.0073642641643620515,-0.18004749247804955,0.6616987676718405,-0.04086890868842868,-0.1520680101234285,-0.32376218618278674,-0.18004749247804983,0.15928649557793575,0.050076026602860584,0.19208154224910048,-0.28422082220160944,0.12200393101893144,-0.30512360420168716,0.04776377499728552,0.06909576649487262,0.07455050745825409,-0.2199992702175644,-0.0019925007799730843,-0.2234229169869804,-0.4710358544121049,0.0715624568923875,-0.3329139171934151,-0.27230068424970794,-0.5245916385956414,-0.2880824511494307,-0.29963204268765015,0.12557231148041145,-0.150146139600383,-0.27380956223915776,-0.3917493131876755,-0.3059601651482094,0.23665627482727325,0.0761965535870531,0.29260307472770675,-0.19428892171021842,0.10562572991337982,-0.22036073386887065,-0.08695432370474258,-0.044109478668760554,-0.08771396182408386,-0.2700928156541114,-0.07702211108993694,-0.28981988801878117
acc_y_mean,0.832316677415622,0.06502708626297878,0.4896745999887912,0.1299073400925841,0.198471033312699,0.13581692173536825,1.0,-0.030684093503399616,0.6611121806199828,0.12089176929113679,0.5016098383049857,0.17657097308396913,-0.5177834545068649,0.15385833403335486,0.06424207968345624,0.20395600264529903,-0.26415603736031507,0.22626804216593605,-0.32710815855732756,-0.08783351820343553,-0.2185549172331766,-0.035046157778889225,-0.14725245405549858,-0.03257446592366967,0.48911916073989836,-0.14203037549157588,0.2913800586894911,0.1476585800274009,0.4687135740579388,0.17636416691926338,0.5366721950529288,0.23503040422981641,0.44107957495984523,0.2709566120232104,0.4793100333497979,0.23343696729167085,0.4638435196951706,0.2589392837304786,0.5042782813239506,-0.2901449239873451,0.298760020984667,-0.3154308983383091,-0.3303435215172529,0.21630114053569316,-0.2925987165492877,-0.3296644074585948,-0.3442976997256461,-0.3303435215172512,-0.506029538997842,0.1799959915708365,-0.33439479765655034,0.35546926893927594,-0.575767617296205,0.3395894909133317,-0.330588368146781,-0.10736535736713043,-0.2777821898095945,0.3307909868713016,-0.3176229963942602,0.33058836814677867,-0.09047726758830991,-0.0003657135154136156,-0.07006392213841574,-0.08895425133503664,-0.07378074162735922,-0.09047726758830978,0.14137645223371215,-0.2987942750102254,0.0910891857412997,-0.18674262166680836,0.24058479615843953,-0.1641459074474266,-0.04068296576698868,-0.4015168929152497,-0.21545243393663935,-0.14293006727944646,0.15456619432665242,-0.10306723629310974,-0.24078218276725658,-0.4096377295779989,-0.376228543442291,-0.20453052773201066,-0.10538710779182235,-0.17162079816893236,-0.09864498023868337,-0.4053358456538265,-0.2824352355507171,-0.29228907135528587,0.11540157303071301,-0.26382249100590316,0.2125682719745197,-0.41981281772729007,0.05252834493124935,-0.2827892227948917,0.34166120692623364,-0.24556490746686685,-0.004150572545383259,-0.42685335792498813,-0.1816377650744287,-0.24581237291340782,0.16781343508410448,-0.21167858544964013
acc_y_std,-0.11617515111465464,0.8750660690748026,0.6414200055738161,0.8454519087774894,-0.7288482142991883,0.75719231296727,-0.030684093503399616,1.0,0.6077067071171816,0.8710909960847387,-0.7807794532076662,0.7814119016200035,0.021874664252091256,0.8044829324478662,0.6841684619873565,0.8106646638823853,-0.7538609770874654,0.8049070777703075,0.0716429434023242,0.64980026546564,0.5611837965135353,0.6312683330340093,-0.5164837711215261,0.6204771389048115,0.23151030696456634,0.6006609345594415,0.5777079865369666,0.5328853700430803,-0.28487967556474747,0.5044261779462101,0.24829424230791627,0.6338265943430291,0.5137088656476808,0.5867898837223986,-0.3788740103745919,0.5661657049511677,0.1203425700602874,0.5132409318133545,0.31399285006645744,0.017142711821351495,-0.05605789512309011,-0.012989884453953422,-0.2526211889230667,0.45159749892244166,-0.04924326371610272,-0.2517150719960597,-0.3669679706795873,-0.25262118892306296,0.11961365697306187,0.5377007698171568,0.26899106695331637,0.14146299245341404,-0.0898969007315436,0.0963850860393974,-0.016676727570261504,0.42531120982789944,0.14321672747451805,0.019533879545141672,-0.20126593667526044,0.01667672757025267,-0.2384887979464713,0.4866078188170132,-0.12901647714648412,-0.21943654133456036,-0.3434083626579695,-0.23848879794647196,0.15316325597302516,0.18343342213851996,0.24501993188452156,-0.20234469039959396,0.08594673579610301,-0.23226546251340605,0.03099230626016499,0.23280442469828486,0.11941166975162604,-0.10412186352621591,-0.1225649945804196,-0.12125574188100989,-0.3454055616622156,0.27159775247522355,-0.16334939430441975,-0.16078769934735349,-0.4834448359022246,-0.18864679945984056,-0.26760294952922087,0.2948240016020321,-0.05170488825941625,-0.18389179664297162,-0.5139007644240728,-0.23011211716588545,0.16826658150019683,0.20267862248306173,0.2934251281222641,-0.1040069039108483,0.010463672230614958,-0.1366673846499077,-0.07877437118779192,0.11362237605962773,-0.017120764679784708,-0.1915847295709032,-0.1328646661142691,-0.21974968255098706
acc_y_max,0.5254107331277194,0.5671893531432847,0.868335875568208,0.602384805642472,-0.20567347862600624,0.5621701651126664,0.6611121806199828,0.6077067071171816,1.0,0.62633333474685,-0.037576294730315304,0.5981789563926871,-0.3302007281736095,0.6580605440523372,0.5008361058078638,0.6810401795750322,-0.6755766695536485,0.7156607594606775,-0.2425072987876933,0.3760182914258957,0.18255272382059737,0.39734047634296177,-0.5332631253464947,0.389827208245413,0.47189194605513857,0.2538077795615856,0.5411064108712238,0.3957801806237408,0.17182196051458876,0.3932128759246788,0.5759907885394749,0.654362892615735,0.7254590489140702,0.6565664235242635,0.0917375516170416,0.6082699091909053,0.3559893631501455,0.5962284500760531,0.5300999389670729,-0.17867442283733878,0.09515132734885884,-0.22560266590413394,-0.30072674728546306,0.4003055443988538,-0.1443214909765792,-0.29984554727439683,-0.38451362586777044,-0.3007267472854589,-0.22730100003301681,0.5507295120841345,0.01275499915363482,0.24956873256687648,-0.4271143036948145,0.2056808235945688,-0.23218453105111217,0.2807086764450763,-0.05528575218138777,0.2348286507492357,-0.35962239168692517,0.23218453105110332,-0.19402517486980037,0.4266348740058144,-0.08136319403320236,-0.1775123297262474,-0.26850594446212406,-0.1940251748698005,0.17159079472406372,-0.06523907800214704,0.21017550081205819,-0.2540935338922428,0.19104304350323106,-0.2600447409568689,-0.01782443804739705,-0.13010275944164842,-0.07540789590551783,-0.13345208076455667,0.02730474247835127,-0.11774337990807746,-0.3694507115232403,-0.12706914048894238,-0.35782206415171103,-0.21270650432706148,-0.3582982674248348,-0.2066142472253273,-0.23742508347157787,-0.11943066125889837,-0.24378812686127277,-0.3274074137974176,-0.20550699777066683,-0.33396825418997816,0.2538852344377934,-0.12497477327057675,0.23608616313574338,-0.2345970264757532,0.22060671718578367,-0.23085375218693785,-0.04462990703637978,-0.22109383877189318,-0.12713090892484347,-0.2946821431898568,0.039560274169850515,-0.28863371379280034
acc_y_rms,0.048825961934215914,0.7891680626721381,0.6754565509765805,0.8897337636323448,-0.5317720449086405,0.8682922298097272,0.12089176929113679,0.8710909960847387,0.62633333474685,1.0,-0.5529535738518999,0.9826605874904344,-0.22832821132477968,0.7140381402603534,0.49773475122243377,0.7743162183144777,-0.7874280094763249,0.8406131010286054,0.0007740861728520917,0.6647663001297587,0.5511976096782958,0.6699961934132342,-0.5476328357017176,0.6567259341117475,0.34935648893690885,0.7051965383447961,0.7165653110031237,0.7142271327641562,-0.26780455214361254,0.6953551809299806,0.34284640766651214,0.7939485906119359,0.6414156001567535,0.7212198371473519,-0.4035862155333037,0.6851634140273287,0.1476523126887784,0.6261515996726341,0.352756886918649,0.0554853512969707,-0.09484570361322778,0.02163999567032273,-0.40182054219136093,0.5792589781655302,-0.14101380857911805,-0.4003838866586364,-0.5102704188337823,-0.40182054219135854,0.09417995481501365,0.6009128353696935,0.28936540895785967,0.22331230773803473,-0.11973147592056332,0.1680803267553526,-0.03453922546776143,0.4669605285038146,0.1423767220274667,0.03733896152142898,-0.24270462152049221,0.034539225467753114,-0.25507319341688506,0.6363978944337741,-0.10130940536598196,-0.22482370737662413,-0.3753422198486854,-0.2550731934168852,0.1339094857398214,0.12120525651111241,0.19956280588737865,-0.2497484990439536,0.0845542568390648,-0.2759443281298358,0.08421413023460586,0.22211235176366217,0.16868627587271273,-0.20283314885771045,-0.04299258183372406,-0.22003876446668058,-0.4190969119374549,0.19928695468650567,-0.2483848073748542,-0.20779428243501732,-0.5273970806083512,-0.23333408102065623,-0.28645847894378784,0.2808940801672059,-0.0695866489977389,-0.19516348917053608,-0.47737686110265815,-0.23859544868333316,0.15779029463255365,0.22038989682664942,0.275344426706604,-0.10741014835713814,-0.013788572744958497,-0.14557741378950648,-0.07993205329338991,0.09865390259819799,-0.01894449217276707,-0.213056442973765,-0.11764472789641266,-0.2415360308466778
acc_y_min,0.5394430781540881,-0.6519952302106067,-0.14248891778280787,-0.5534464879658408,0.8130084598940549,-0.4336523715978045,0.5016098383049857,-0.7807794532076662,-0.037576294730315304,-0.5529535738518999,1.0,-0.4403802834991938,-0.3644960318937511,-0.5759992394481046,-0.5873328659981742,-0.5430723244746325,0.46386428898414317,-0.47111480355262886,-0.23798307046960135,-0.4397192692629454,-0.4848542954790612,-0.3964202127421723,0.2075959643367916,-0.3914613183325319,0.04623069825406982,-0.46769242504045305,-0.26442076867189596,-0.2943000955327508,0.4220501069924161,-0.26288840047143996,0.18108358583984485,-0.2212106425156133,-0.03454405415711815,-0.15921114767166963,0.5146334884605119,-0.16647400924892325,0.06627860891446356,-0.11833262666728535,-0.014460765468678213,-0.09365276965285362,0.07179782360997593,-0.09377915564445749,0.03562158768575715,-0.20671366190546972,-0.08569164497516994,0.03532263321323415,0.10516805022603305,0.035621587685754935,-0.27471704785591655,-0.17645922451064724,-0.2621549509601577,0.006879000789979016,-0.19245494011623926,0.02182801589642001,-0.14418820682744268,-0.24121557697073973,-0.1855553526708007,0.14293134376605532,-0.04173229003246635,0.14418820682744846,0.1648047827175769,-0.1877548193084281,0.13134151761845822,0.15807673324956661,0.21709607058053207,0.16480478271757676,-0.06949164757412545,-0.307283174422777,-0.173058847182497,0.038145908454823955,0.03702050362704819,0.0725885623584584,-0.03455759462291838,-0.362198727726381,-0.17695135437291704,-0.011704079893849565,0.1845628449670558,0.018403170206707863,0.10516092090140942,-0.44533223046187387,-0.10753347676825345,0.009576993430018365,0.29299750900749433,0.04621194144629485,0.13343979883449497,-0.417867407590298,-0.11298799555475635,-0.009516618787895795,0.469745927533169,0.04015604749836282,-0.026466368359799573,-0.3230568632866419,-0.1951649647357865,-0.05142938156325239,0.13301474613143893,-0.013333877042690909,0.03566200192895691,-0.27757861078096885,-0.08920693864155414,0.03643493494130911,0.15899605024772068,0.07173422922473174
acc_y_abs_sum,0.09888276334027173,0.7303813778022347,0.6531065342530643,0.8624042702270747,-0.4475385286504649,0.869155109082248,0.17657097308396913,0.7814119016200035,0.5981789563926871,0.9826605874904344,-0.4403802834991938,1.0,-0.3107659896011419,0.6457878699636733,0.4144622990802821,0.7210641659596068,-0.7378518972356909,0.8068426943371303,-0.013411301588334071,0.6386700595576751,0.5244947851059242,0.6583552843023017,-0.5254878950592942,0.6466056470737542,0.37880518975589283,0.7139093724873696,0.7407265352274333,0.7451005463219,-0.2485946353553786,0.7294280907274734,0.35896000310381904,0.8065837450682618,0.6518264187430672,0.7328148572231657,-0.3937952343256234,0.6959091622533947,0.16085297253393668,0.6385610680261367,0.36603926384855695,0.06588428926024466,-0.09083205390432365,0.03269650763464221,-0.44082037191429124,0.6062546695075173,-0.17395724802329263,-0.43925204513323307,-0.5481727341926097,-0.44082037191428813,0.06789870523600446,0.6012606550941095,0.2704339970989529,0.24969097840740323,-0.145692400852901,0.19324174019707074,-0.04548922073724893,0.4641903194369218,0.12986376322247317,0.04824060313571207,-0.2571948765282283,0.04548922073724169,-0.25037243256812863,0.6499504805629259,-0.09243462035653438,-0.21853908472578665,-0.371387166170507,-0.2503724325681285,0.12645257517563885,0.08941767595492071,0.17920438210595493,-0.2591374166014472,0.08795874895140347,-0.28264753472968374,0.09797881963106067,0.20116941072034392,0.1721812163969803,-0.22931149389996996,-0.017270248267947576,-0.245463075845359,-0.42926099822125463,0.1553432287139464,-0.2714901245443876,-0.21846939393689796,-0.5157123763052373,-0.2412840802592077,-0.28272387395908916,0.25580228404867666,-0.07587184330164819,-0.19371848867717809,-0.44510705266729006,-0.23467658742895453,0.15060035484962409,0.20486582676240103,0.25559166402651823,-0.10814740572540558,-0.013682885868928163,-0.14508153755361328,-0.07996177234312575,0.08046473403681852,-0.024820578113768442,-0.209585508422003,-0.10895821484259721,-0.23670239798628426
acc_z_mean,-0.47874995516229263,-0.034658777820155404,-0.29916845300057027,-0.18295087982214878,-0.3051508910522107,-0.3099098482735096,-0.5177834545068649,0.021874664252091256,-0.3302007281736095,-0.22832821132477968,-0.3644960318937511,-0.3107659896011419,1.0,0.11189115538525646,0.3637782622077834,-0.01813811918699585,0.283537961611332,-0.1788951410812431,-0.0342361692545496,-0.05888993394310654,-0.06122388907594744,-0.16773502215448227,0.02529291061935135,-0.18311478202109563,-0.38157462328440483,-0.019624623883770363,-0.3050906479163101,-0.19356307903953546,-0.29756698850458796,-0.2126257160821196,-0.5452187396996739,-0.4976727812549314,-0.5750999795121341,-0.4133744358440833,-0.1869562526217324,-0.38797237862696976,-0.028944107376693173,-0.3371542930100453,-0.15032066276761494,-0.12026041699425238,0.0956911495982823,-0.10436070534537976,0.4464978576820815,-0.3502605389111615,0.3152690620809122,0.445313157319654,0.44937670954630904,0.44649785768208006,0.060933192452262586,-0.31570187626347346,-0.053243342280176895,-0.29449756204882954,0.1918590091153402,-0.2646579308348677,0.014504368928779574,-0.29887123305199514,-0.0696904176812459,-0.01664196112935836,0.1978976710023274,-0.014504368928778686,-0.07581150975652202,-0.27660523943928905,-0.12256286490560939,-0.08493187611354248,-0.001813402295185477,-0.07581150975652183,-0.05190713741174397,0.3218108406710148,0.06106376509929879,0.1899163176974606,-0.13281446448747175,0.16999885679336832,0.0301990406085565,0.3576266554049376,0.17618245689750275,0.1903084563274622,-0.17102862217991918,0.1615760421304705,0.346575438786943,0.4917440310744595,0.4707198267211284,0.27209739988606824,0.16073098969704558,0.24026257246852145,0.1974944742813595,0.3127031128425758,0.32222483217458364,0.28336087497189294,-0.0597896483489644,0.2645425053530626,-0.20906581095061544,0.3787073291966711,-0.03399278658853274,0.3009827850862999,-0.29252910364447576,0.2763745534807912,0.061974992119650275,0.3505673162380226,0.21546377715472548,0.18726198211985318,-0.09756560537735405,0.17010522588633245
acc_z_std,-0.03855080422910069,0.8155743627463756,0.678513732510684,0.76769820599006,-0.739040321602548,0.6350823218551954,0.15385833403335486,0.8044829324478662,0.6580605440523372,0.7140381402603534,-0.5759992394481046,0.6457878699636733,0.11189115538525646,1.0,0.9296416072485515,0.979191412136809,-0.8065958573121461,0.9175770722614189,-0.03609326093864878,0.4596755516071767,0.3605264828530859,0.432636509410521,-0.47137870018973516,0.42648830975587615,0.34694623703031036,0.45985513227075364,0.5507800372171078,0.46473286972411254,-0.14020935165087528,0.4412963081834463,0.2066148751590242,0.5516556377727491,0.47823700100568584,0.4978496069008096,-0.28438561968825843,0.4647190983640882,0.27255908406223545,0.4300431083276646,0.41657271126739015,-0.05280992873519481,0.09824555728398977,-0.08113361496397527,-0.3128795462930726,0.46610775012692957,-0.11327181550065875,-0.3120249886263016,-0.4136503504675805,-0.3128795462930687,-0.04813596269990324,0.41177588313038443,0.0987301591304347,0.31675641181442327,-0.20896058479085652,0.28408503734426394,-0.018254137642308627,0.28678230739485333,0.09415120211635249,0.020383374282629884,-0.14147177056493032,0.018254137642298874,-0.22793745771836735,0.37174383901225866,-0.1351124160516618,-0.21350996430132332,-0.29920741710001375,-0.22793745771836704,0.17132994878603763,0.15212889530548876,0.2654202730555123,-0.22071609376018025,0.11273519290917375,-0.24831028572242853,-0.00213065371124607,0.11502290324551624,0.03222780924935825,-0.08731729258132569,-0.1203628163695222,-0.09271130882323217,-0.35496453456231547,0.23730171760054616,-0.17991872238138326,-0.19729689884581195,-0.4844659472603093,-0.21850416724690022,-0.2519864012526731,0.13709229252965568,-0.10893348518772909,-0.24615670951075333,-0.4499249505877124,-0.2805794045064544,0.23450245742912593,0.08242951376376051,0.3296510019086678,-0.1422231186666465,0.12030668370703387,-0.16222870657683214,-0.018856057023124824,-0.00382298359950347,0.005439219382803878,-0.27159231556620844,-0.03623690918670135,-0.2885131846963002
acc_z_max,-0.13721006638887082,0.7210852895643459,0.5246686260330837,0.5993624261844923,-0.7918715404316734,0.4204410972359034,0.06424207968345624,0.6841684619873565,0.5008361058078638,0.49773475122243377,-0.5873328659981742,0.4144622990802821,0.3637782622077834,0.9296416072485515,1.0,0.8679804221676327,-0.5877001620369038,0.7402239411650763,-0.06217347809109239,0.3189764935963911,0.23510438008709283,0.26907965548095997,-0.37053026656615023,0.2607107072872403,0.23897681617590819,0.317061349321215,0.3730317549493347,0.2988806752845093,-0.13734604469396913,0.27617293965768974,0.02281527864459578,0.28161844802382663,0.23334763829932895,0.25182066473605036,-0.2322443415934843,0.23001069183067188,0.33359478802193815,0.21660306757672043,0.4056452247981123,-0.16457895152280605,0.23459621954157106,-0.181975579236541,-0.1572847220991411,0.2901097036321612,-0.03858731861287079,-0.1569186546062169,-0.24350408696082457,-0.15728472209913788,-0.14605027115763028,0.2092123201135145,-0.054896800542277656,0.24577472230936376,-0.24073192864749943,0.2318203091312963,-0.09246109881767431,0.09647750841558492,-0.029282493345597564,0.09369988627853545,-0.13423108529560132,0.09246109881766643,-0.23856408258368042,0.16051952946977763,-0.19112811525076076,-0.23304507640668723,-0.2652470236964729,-0.23856408258367948,0.17432330019302053,0.1476453627298062,0.2697176532031516,-0.16170134911125336,0.1230431256921077,-0.185499686653769,-0.03707217533390499,0.12200778323676909,0.003851667743172607,0.00037470826863247793,-0.17122127072364782,-0.006624642546772563,-0.22372322516166168,0.2908702420571327,-0.049011363205797284,-0.12535956689706984,-0.3626563259536153,-0.14820213296893897,-0.1792001782174898,0.14626805324031966,-0.04072596526078078,-0.16559684018501222,-0.41191579445269577,-0.1983837041524286,0.1940172267703766,0.07443416261190802,0.28012447044652766,-0.10043119959991642,0.09991251231726228,-0.11563992157857539,-0.010429118016516045,0.013930437808305706,0.022311999679465813,-0.20881816711737,-0.041769798899667185,-0.22257723403504467
acc_z_rms,0.02534117508892201,0.8382510299595829,0.7130419251972152,0.8153585476806408,-0.7068410435319553,0.7019419474600133,0.20395600264529903,0.8106646638823853,0.6810401795750322,0.7743162183144777,-0.5430723244746325,0.7210641659596068,-0.01813811918699585,0.979191412136809,0.8679804221676327,1.0,-0.8456655432501481,0.966660925177977,-0.02299690253308273,0.5007498112736548,0.3988552273290613,0.48175981460857387,-0.48939420682063867,0.47464315959050574,0.38428672939556,0.5149536481902471,0.6139210529588581,0.5348655724537101,-0.14425700163949728,0.5133616668197992,0.25495738135872437,0.6212176069646484,0.5329452039441942,0.5639805373924766,-0.3075279231955783,0.5298160003466885,0.2809792075091935,0.48401934402235,0.44383436643223567,-0.029400716638136384,0.08446750574338625,-0.05877586087204944,-0.38146861107334806,0.5346577554097348,-0.14744616272247407,-0.380316471058517,-0.4877690714696007,-0.38146861107334396,-0.047621189446718976,0.4623453032927938,0.1180681260600914,0.3508378001017344,-0.22809710298364183,0.3127770665841322,-0.016861324233989332,0.3313444479982952,0.10719104478095853,0.019192139914498044,-0.16586780785694613,0.016861324233979475,-0.23842532423799298,0.4159344906432425,-0.1345855800900194,-0.22152628488508197,-0.3187539248781957,-0.2384253242379926,0.16393281695590922,0.13557600697533737,0.2509301147498035,-0.2345017225782448,0.11118984690232164,-0.26080471787486326,0.019638640185467453,0.11840695972765775,0.05261452428176829,-0.12386320427509044,-0.09375028818363867,-0.12841842847805557,-0.3847621199582845,0.22360647586458482,-0.2125266654885032,-0.2110907795098104,-0.5136336665550892,-0.2323908864878211,-0.2655265057636616,0.1392239556883429,-0.12114796892796889,-0.26150475447305543,-0.4543305152173257,-0.29615791877489794,0.23415559914657352,0.09266488066626802,0.33430354174551746,-0.14500691486993275,0.11783448273844067,-0.1667435662742097,-0.014834320485117528,-0.0059304613294980935,0.006458507688607231,-0.28653212344877427,-0.03082680161697225,-0.3036057920500288
acc_z_min,-0.1232893583913403,-0.7161021495213866,-0.6562146224542222,-0.7552734883963194,0.5233863407038368,-0.6902741589106894,-0.26415603736031507,-0.7538609770874654,-0.6755766695536485,-0.7874280094763249,0.46386428898414317,-0.7378518972356909,0.283537961611332,-0.8065958573121461,-0.5877001620369038,-0.8456655432501481,1.0,-0.8662481439328009,0.026293898617819625,-0.4579177684054494,-0.37335590618428455,-0.4637305936166364,0.4414462862607881,-0.46576776272297343,-0.44978220498279564,-0.44493174053727846,-0.6245971393530177,-0.5188647989438991,0.022404479902846705,-0.5080077122543869,-0.38494742695184686,-0.699475448481682,-0.6394344653715625,-0.6131128090955745,0.21301280185477922,-0.5720765326883828,-0.1192045601774643,-0.519594616743294,-0.29289594231224664,-0.08510349159463744,0.08186281538391599,-0.054476843509725745,0.47384770198967147,-0.5622535940413872,0.22263247604061576,0.4727120843767039,0.5478649805932926,0.47384770198966525,-0.08011850969552291,-0.4936492421495207,-0.23707147121173533,-0.39831127101968866,0.09911265559820856,-0.35540129746811194,-0.11078147147865582,-0.41909700009692846,-0.23194405374743707,0.10832933857211374,0.07546937507613397,0.11078147147866588,0.12635473779172973,-0.46005291076955196,0.0191414610789622,0.1078059328142671,0.21956628743775217,0.12635473779172948,-0.14395729179936637,-0.12146306189691472,-0.20874609700237837,0.23268247453244612,-0.08263511576085736,0.25853800748571815,0.004916397526234992,-0.007659530920314139,0.0017413097185649826,0.15081100477564333,0.03147013311528319,0.1472573037318961,0.44489271248693346,-0.08913678760437312,0.3183360756190529,0.26585222685117516,0.5197731040804622,0.27810883716825435,0.30108228120727104,-0.03634067339026542,0.21120321019518898,0.32524454147378706,0.38285288560547864,0.3488897808678724,-0.28146756666287415,-0.0010738899527550176,-0.33439759974780614,0.21906022922904309,-0.1825329440773484,0.23596447107915217,0.03393275686942532,0.08094366861852087,0.043816775148212854,0.30709574477790497,-0.002815092773832709,0.32004607876925556
acc_z_abs_sum,0.08259260308105258,0.8120422001499599,0.7422933880882675,0.8396044187578982,-0.5884425353552131,0.7715911752960517,0.22626804216593605,0.8049070777703075,0.7156607594606775,0.8406131010286054,-0.47111480355262886,0.8068426943371303,-0.1788951410812431,0.9175770722614189,0.7402239411650763,0.966660925177977,-0.8662481439328009,1.0,-0.01758616581499857,0.5575172536192551,0.43899283472992234,0.5503738423315027,-0.5308286081874924,0.5420535993380711,0.38728910882834344,0.5702057329194137,0.6566291120048031,0.5862037947212314,-0.16274765856984014,0.566058430025689,0.3516363210013888,0.7494113809291684,0.6511972099518071,0.6873976279171994,-0.31837567400981215,0.6481278511874352,0.20544880560751486,0.5911707934800687,0.4041910998155592,0.06041528320177637,-0.02737523750779913,0.02588371930986463,-0.43619125091796185,0.601164904345782,-0.16895237484929967,-0.4347720680029438,-0.5452074910221743,-0.436191250917957,0.02943870006335725,0.5672979400360202,0.22096803261720177,0.34454237832065304,-0.18228105544890535,0.29694546259086607,0.03605219407144682,0.44834533800387527,0.19007836663461228,-0.033144530517617135,-0.15919590489587612,-0.036052194071456635,-0.20714511902385077,0.5359534875907146,-0.07706395309540927,-0.18524410946541162,-0.31246965098534235,-0.20714511902385035,0.1285870202299373,0.12576335513965733,0.20770093095007613,-0.24005711374198327,0.08088323737612155,-0.2659839406773392,0.052432864119064664,0.1251721621029348,0.08336350036452225,-0.1722945680448995,-0.052800983600122885,-0.1773087206235719,-0.4169434065233391,0.17702404210915568,-0.26126511611965775,-0.21877299666343544,-0.52845632981879,-0.2378912075083058,-0.27590735801668054,0.14021099744758622,-0.13470449890788655,-0.269759261820632,-0.4309648683046896,-0.3036037099933326,0.21649507729670772,0.11872080352603373,0.32202955262520067,-0.13705623004587816,0.09153442089214159,-0.16200784833218365,-0.015831716621990396,0.0042010311929768255,0.007568508134164971,-0.2830062235527255,-0.03034323330589379,-0.30149643740825194
