,acc_x_mean,acc_x_std,acc_x_max,acc_x_rms,acc_x_min,acc_x_abs_sum,acc_y_mean,acc_y_std,acc_y_max,acc_y_rms,acc_y_min,acc_y_abs_sum,acc_z_mean,acc_z_std,acc_z_max,acc_z_rms,acc_z_min,acc_z_abs_sum,gyro_x_mean,gyro_x_std,gyro_x_max,gyro_x_rms,gyro_x_min,gyro_x_abs_sum,gyro_y_mean,gyro_y_std,gyro_y_max,gyro_y_rms,gyro_y_min,gyro_y_abs_sum,gyro_z_mean,gyro_z_std,gyro_z_max,gyro_z_rms,gyro_z_min,gyro_z_abs_sum,quat_w_mean,quat_w_std,quat_w_max,quat_w_rms,quat_w_min,quat_w_abs_sum,quat_x_mean,quat_x_std,quat_x_max,quat_x_rms,quat_x_min,quat_x_abs_sum,quat_y_mean,quat_y_std,quat_y_max,quat_y_rms,quat_y_min,quat_y_abs_sum,quat_z_mean,quat_z_std,quat_z_max,quat_z_rms,quat_z_min,quat_z_abs_sum,encoder_angle_mean,encoder_angle_std,encoder_angle_max,encoder_angle_rms,encoder_angle_min,encoder_angle_abs_sum,grf_x_mean,grf_x_std,grf_x_max,grf_x_rms,grf_x_min,grf_x_abs_sum,grf_y_mean,grf_y_std,grf_y_max,grf_y_rms,grf_y_min,grf_y_abs_sum,grf_z_mean,grf_z_std,grf_z_max,grf_z_rms,grf_z_min,grf_z_abs_sum,grt_x_mean,grt_x_std,grt_x_max,grt_x_rms,grt_x_min,grt_x_abs_sum,grt_y_mean,grt_y_std,grt_y_max,grt_y_rms,grt_y_min,grt_y_abs_sum,grt_z_mean,grt_z_std,grt_z_max,grt_z_rms,grt_z_min,grt_z_abs_sum
acc_x_mean,1.0,-0.053262780242552446,0.001344839383245014,-0.058308463391850626,0.02064362713525254,-0.17302662392722354,0.3509758298582396,-0.0462660542297498,-4.8857703459362454e-05,-0.19426949146106584,0.011445331445736395,-0.27234090033722386,0.23225771818315694,-0.051327733127450204,-0.016088661749953992,-0.03907264319677669,0.006895600113751873,-0.0788611356000691,-0.09084866155216781,0.07510118298884756,-0.007148281275115754,-0.036102490606093586,-0.05717682524332665,-0.04665512971299448,-0.11084062798759597,-0.10950767702479268,-0.3319849148303337,-0.030850274647899235,-0.000852831494934067,-0.05310483665207381,0.06247284196518663,-0.1615092988138013,-0.05543150589427603,-0.08991858069739324,0.0932065864012606,-0.06306973698173851,0.11565169301855238,-0.06273434006554428,0.15601324680977355,-0.11570202191151839,0.13129288665861674,-0.11565169301855291,-0.02448308607410243,0.07279510021882835,-0.03477011585749731,0.024516464491408527,-0.03986935484818512,0.02448308607410233,0.020272952610741368,-0.20451861380432682,-0.014273040667046545,-0.02039267717409559,0.04738458689192879,-0.020272952610741468,0.12118963551588117,-0.12794354816848172,0.10865177753136451,0.12057234206040053,0.11212301953470603,0.1211896355158808,-0.635968836052818,-0.6076049066741149,-0.585681663884501,-0.6164758817757019,,-0.6359688360528178,0.11152039243508823,-0.028173322030779845,0.07237733356803068,0.2231777894902052,0.07481423189003791,0.24140621669839868,-0.0391461247630999,0.057247733672120125,-0.0011334966723076645,0.10853697682620446,-0.00848328330668477,0.11327899411556064,0.10573055247895775,0.00228535521607168,0.10170046667323451,0.061033125837519776,0.05371029479658564,0.04969409893402189,-0.016767035810083215,0.09122637252203593,0.06759178741897617,-0.018194743580566924,-0.012649608577987245,-0.018505877377780647,-0.0073936971736666916,-0.14905432140880343,-0.0007659698033832094,-0.008325753817642403,0.04275133795609728,0.00025421254938929255,-0.018538711915618816,0.010245370956362373,0.0008680509090471417,-0.014712873750450547,-0.003370143682386342,-0.01860374398625759
acc_x_std,-0.053262780242552446,1.0,0.9936563680862812,0.9997870653454167,-0.9807661054616378,0.9902304923444555,-0.8657252368998715,0.950636992496905,0.9269579784620045,0.9649006770142113,-0.9149715209215183,0.9532304524128414,0.8810325987634873,0.9865425887911489,0.9880740773710277,0.9861275740836727,-0.9646846010172809,0.9730550595565217,0.9179589721436108,0.18363645457367467,0.8059501210078087,0.7868874194913833,0.37910834957363304,0.8195570953131055,-0.46720081537371844,0.8772727290351232,0.3840068694577179,0.7102443334534514,-0.8971654570516904,0.6241904919786945,-0.6588380668725412,0.9589393568143246,0.5988477237881082,0.7727644478999995,-0.9017533137492957,0.7015244774054699,-0.686604310742355,0.6623004792178007,-0.6408452768421071,0.6869323103814023,-0.7076635046477997,0.6866043107423558,-0.7393084094423208,0.2612402152001751,-0.7430199634203432,0.7392745288981623,-0.7310951231153825,0.7393084094423211,0.7615034003930218,0.2777848360340699,0.7455363220908223,-0.76162271935345,0.7714663330248325,-0.7615034003930224,-0.7087016414070464,0.8191371545165076,-0.6270736713029011,-0.7073449916426077,-0.7649058190059564,-0.708701641407047,0.6735350604321164,0.7160459677511555,0.7371916275962712,0.7095356854671597,,0.6735350604321168,0.39345214059082717,0.5389430690855213,0.4466868738290012,-0.05445862587637167,0.3551076574364068,-0.10526909664142196,-0.4665727756336102,-0.07166865849791614,-0.5580784380437754,0.44563907544648923,-0.37746938774516475,0.4742467826267426,-0.676836429444094,0.20373394429433944,-0.4374222127995525,-0.6108570365443108,-0.7939338529842012,-0.6313432682475267,-0.7589041813213454,0.14303204409274475,-0.8342419095125655,-0.7236388700684862,-0.6868112441525472,-0.7151596465310237,0.4863415870206613,0.46713645877085896,0.4756415810538498,-0.4582058857893926,0.33610835839144415,-0.4788457893363294,-0.4499799624105836,-0.14212064680541678,-0.6089660977119415,-0.6101097416408172,-0.28713618127907975,-0.5878288538815196
acc_x_max,0.001344839383245014,0.9936563680862812,1.0,0.9936408685415262,-0.9706709087873157,0.9761458381149016,-0.8605119394500668,0.9392564411140987,0.9113680850729778,0.9492279287906557,-0.9173208438443319,0.9321883524907119,0.8842734066678783,0.9834104715296871,0.9911927010060464,0.983189067532225,-0.9558616565807992,0.9668545128658865,0.9071467910796512,0.17909218434244,0.7995183985736226,0.7766777944859746,0.3826803800437472,0.8087802437217549,-0.46792810337945245,0.8557173750269808,0.34565306834211185,0.6860826026711166,-0.8861978173518621,0.5992059248734969,-0.6325632880724853,0.9342115951732395,0.6030598079976476,0.745986684633826,-0.875424272038509,0.676118660715267,-0.6647532276014076,0.6437317466397265,-0.616927269191877,0.6650865513209648,-0.6826945688143209,0.6647532276014088,-0.7344581655835487,0.2406328936399152,-0.7403798725789964,0.7344191613485416,-0.7261446232693257,0.7344581655835485,0.7606499373454065,0.25168447487990375,0.740678520921098,-0.7607803720408194,0.7735822963782468,-0.7606499373454072,-0.6834845710742474,0.7936913794488238,-0.6053385005033003,-0.6821370049356317,-0.7398646697346852,-0.6834845710742479,0.6478134293633768,0.6880251231735356,0.708264967774312,0.6819281650891966,,0.6478134293633769,0.37928078187750264,0.5187665921541352,0.4308257597231108,-0.015807974710534658,0.3420310130240226,-0.0644510689985383,-0.44976899929576974,-0.0998806276076366,-0.5450006860488853,0.43990439052036795,-0.35401781905629914,0.47307654101250474,-0.6813166238221026,0.17233091369460668,-0.4549469067948976,-0.6197621179018038,-0.7805063068616784,-0.6390600951266779,-0.7491753887797151,0.11588649514123747,-0.8351160878462127,-0.7146353779648339,-0.6707648857355502,-0.705084394258028,0.46020216452993534,0.44227308875730653,0.4509328262484931,-0.432510372525953,0.31236795081788377,-0.4528715054384919,-0.43086173590106175,-0.16614022701337422,-0.5922674615867007,-0.5918155871677049,-0.26199197884117775,-0.5692945098839082
acc_x_rms,-0.058308463391850626,0.9997870653454167,0.9936408685415262,1.0,-0.980586696412035,0.9907069591576555,-0.8677480502260757,0.9498907842870671,0.9252036940754923,0.9650388469603067,-0.9149363804279321,0.9536335123817664,0.8789983653383676,0.986198534562748,0.9881634489575954,0.9857931106964783,-0.9634831823201954,0.9724679361874649,0.9181577171664522,0.17857813128453134,0.8034170701303895,0.7837881719412978,0.38371631218584634,0.81665493747468,-0.46989189100114964,0.8765570952544994,0.3807162859322542,0.705386884107366,-0.8972412752575175,0.6186316872091598,-0.6570845838148799,0.9604275549805924,0.6021039649772675,0.7714414040011544,-0.9020900274224922,0.6996780957502127,-0.6850630161210842,0.6591136113866984,-0.6396845474510515,0.6853895168230371,-0.7057616952726432,0.6850630161210854,-0.7356559660133155,0.26168463578373263,-0.7394276500809551,0.7356223899933044,-0.7276890671070315,0.7356559660133158,0.7584324774209213,0.28028255597805446,0.7427386311149703,-0.7585508689746129,0.7680722286065327,-0.7584324774209218,-0.7061553662890822,0.8197392537741203,-0.6238036347199517,-0.7047923434293203,-0.7629372087548562,-0.7061553662890824,0.6758882592308346,0.7175101766817819,0.7381732337535886,0.7112086744865814,,0.6758882592308344,0.3889836947881748,0.536461881479211,0.4428743423278878,-0.0593605956880603,0.3509088023508042,-0.10993421053990356,-0.46618452612239775,-0.07172098772554227,-0.5581749610250005,0.4410895557515802,-0.3777499495624523,0.4695102113626896,-0.6809935185527297,0.20012359643970468,-0.4424839011715126,-0.6153488502516294,-0.7960371792911204,-0.6355699471072588,-0.7580055755125308,0.14160915390615098,-0.8346753278504558,-0.7229024921557042,-0.6863467309718388,-0.7142105527509534,0.4846643129950439,0.4734793336363785,0.47533788119815945,-0.45640081280979444,0.3328907207006309,-0.47713100999422875,-0.4475892107458634,-0.14503026391015092,-0.6070241081615046,-0.6095052491417058,-0.28439512836078223,-0.5869365431214003
acc_x_min,0.02064362713525254,-0.9807661054616378,-0.9706709087873157,-0.980586696412035,1.0,-0.958672703645382,0.8175465546707861,-0.9423982187878047,-0.9419783937692536,-0.9421092544999385,0.9145743941210677,-0.9202013065151173,-0.8495000693021578,-0.9598824050674225,-0.9609740141386479,-0.9592246519926633,0.9787261549588302,-0.9462191116918847,-0.9101266118495029,-0.18371613181421914,-0.8050201610299728,-0.7768274047591944,-0.3851245881844655,-0.8084437719349697,0.45734719760043296,-0.8733020890483985,-0.3663073852344534,-0.7019388400794455,0.9043758849777771,-0.6163112307577219,0.6459030966288489,-0.9253625790467916,-0.6215211956834349,-0.7522422127923573,0.8691511769637443,-0.6872550726232282,0.6744880490392945,-0.6613359133276193,0.6208284216856189,-0.6748327412028868,0.7003811152589153,-0.6744880490392953,0.7371158785832707,-0.26099294069698303,0.7426049580276961,-0.7370811947957167,0.7299931652547466,-0.7371158785832707,-0.7579304704596271,-0.2801026839160935,-0.740557677868346,0.7580511025779232,-0.7689999687902457,0.7579304704596272,0.6962208973534261,-0.8063481287846703,0.6160443181977319,0.6949379903709867,0.7504214519554631,0.6962208973534263,-0.6202093287953521,-0.6587075545148029,-0.6780849552690693,-0.6528703950645932,,-0.6202093287953521,-0.4029279282840202,-0.5256173600445785,-0.4519419530138947,0.0396585810264725,-0.368738956034291,0.08860350963099031,0.46380639907082516,0.05710287442451229,0.5520861590883293,-0.4362257120896854,0.3791637438997544,-0.4628452581993652,0.6582899178482504,-0.21767867215211156,0.41085854437651353,0.5952995661834339,0.7849308555346269,0.6182052518959349,0.7500743086641234,-0.1640246409943101,0.8086989520194864,0.7157330116117414,0.6846295988500027,0.7083348485238451,-0.4868814009393829,-0.45053096191540926,-0.4765683303273672,0.4608918428609528,-0.3444033872559402,0.48003971155790237,0.4486857673206991,0.13634944951061914,0.6067482674719081,0.6123023914125231,0.2892745474936349,0.5898464574079374
acc_x_abs_sum,-0.17302662392722354,0.9902304923444555,0.9761458381149016,0.9907069591576555,-0.958672703645382,1.0,-0.9036120155792023,0.9373068561901801,0.903645416488888,0.9728900774040761,-0.8895279670476411,0.9755816028352918,0.8503149830471621,0.9793733027861882,0.9768576434704431,0.9779636240056405,-0.9404285881881372,0.9691987079688853,0.9065539843842602,0.16974517239437217,0.7836847631129036,0.7742977468828394,0.37499165790547245,0.8081873303607553,-0.4588210526020062,0.8689696745303096,0.41122940397370134,0.7007967746552091,-0.8766001677694023,0.6179758016654725,-0.6574118752698453,0.9695303233806354,0.589112068780762,0.7745531012289726,-0.9063454068790461,0.6995461282460904,-0.689030778601692,0.6505309685304939,-0.6522920484098667,0.6893427327411795,-0.7085428632232549,0.6890307786016933,-0.7173687691493045,0.2576298024803842,-0.7182065647503245,0.7173369098923247,-0.7078089441585087,0.7173687691493046,0.7400669483428002,0.2917857303008848,0.7288766338552604,-0.7401697344396785,0.7458657870808114,-0.7400669483428001,-0.7101995167273187,0.8231252227318641,-0.6261150620430711,-0.7087728176305108,-0.7646396564692988,-0.7101995167273197,0.7524267093154584,0.7926896053052801,0.8112658591078291,0.7869680164753345,,0.7524267093154587,0.3688922491196183,0.5385017513856744,0.427037930436974,-0.09181462049486107,0.3323836671097838,-0.1441050130461044,-0.46017619718716996,-0.07724583813750793,-0.5547473487676418,0.4327091080305944,-0.37382790797857673,0.46065527953928675,-0.6848894896240144,0.1882284976226076,-0.45618946411947564,-0.6150909870163692,-0.7880631409230205,-0.632343979299749,-0.7477681069403486,0.12179973063032998,-0.838521231945285,-0.7134845392947192,-0.673287680933013,-0.7042560268198415,0.4792475099663981,0.4888211555247949,0.46903386172527634,-0.44913587931468735,0.3223636606182277,-0.47087369691273995,-0.4411210242895357,-0.140672849652528,-0.597387655471611,-0.596485436727639,-0.28138629958664724,-0.5743797108902532
acc_y_mean,0.3509758298582396,-0.8657252368998715,-0.8605119394500668,-0.8677480502260757,0.8175465546707861,-0.9036120155792023,1.0,-0.7786174775694877,-0.6900834983966226,-0.8681099775704898,0.7836082957038194,-0.8885190227011135,-0.6569169153090606,-0.8466466758961556,-0.8496310440493788,-0.8429055102973162,0.782966024268515,-0.8371401179590563,-0.8017081149531364,-0.03298219680482662,-0.6171907781632432,-0.6186469454848387,-0.40041938109924086,-0.655392553375887,0.41429953127798025,-0.6655385102529782,-0.25127544360269677,-0.46973781044263035,0.732035626881032,-0.39002271056695287,0.48514739468103324,-0.8192910003292787,-0.5985380286753681,-0.6002865325804103,0.7354189367625463,-0.5250695753158149,0.5229720322817876,-0.5200426468124594,0.4772174475268111,-0.523331416140279,0.5393221482338961,-0.5229720322817885,0.5412308848316632,-0.08865993232676238,0.5478426996462298,-0.5411731175721595,0.5270094657179302,-0.5412308848316632,-0.5896690378039641,-0.13959943231355407,-0.5705359817102809,0.5897863851369297,-0.5960655970968621,0.5896690378039648,0.517608256437536,-0.6833450515407075,0.43027085639958457,0.5159146374399259,0.5730852145435916,0.5176082564375364,-0.8345388890786789,-0.8636804221284933,-0.8735048891065474,-0.8606664435243147,,-0.8345388890786791,-0.14319800814436934,-0.4719685774701369,-0.22322270248604167,0.07748805474878336,-0.10675247371449871,0.12474110785627289,0.3209116191728744,0.19148212120314512,0.43573279294412137,-0.32409994490571864,0.2260406182510746,-0.3644222963522136,0.7212589811456621,0.09810237162272813,0.6418667724381384,0.6723190877408821,0.6547524743635994,0.6663435362735107,0.605723829321576,0.10252066578193826,0.7949364632835975,0.5788404173884718,0.49375694560719924,0.5633748632295916,-0.2647392706530952,-0.4427914361333063,-0.2724475996254611,0.23093097705092294,-0.09517453039914496,0.25487328965796885,0.26272554546015836,0.23616785596784215,0.4045852674313408,0.40509078421493416,0.10233851106461918,0.38102444147076464
acc_y_std,-0.0462660542297498,0.950636992496905,0.9392564411140987,0.9498907842870671,-0.9423982187878047,0.9373068561901801,-0.7786174775694877,1.0,0.9719206482052074,0.9797518467523727,-0.9588391870220805,0.9530372962195168,0.8104782324211818,0.950521007103359,0.9285776999200968,0.9499731273796578,-0.9690066089604856,0.9570846931734668,0.8845631410387904,0.3941387008770918,0.9159367583559902,0.9030814507421882,0.18047634113692781,0.9213805646414319,-0.38357225705965625,0.9273301729675396,0.5125908712304523,0.83007149593484,-0.8903315860571706,0.7621749324344809,-0.8071105829028675,0.9445284783875467,0.39137805617604465,0.8857944101468098,-0.9471315021157504,0.8399540777189995,-0.8426498405279175,0.7718032126879737,-0.7957678653641951,0.8428887956911998,-0.854264108352116,0.8426498405279186,-0.8403926610961386,0.43938817804472385,-0.8341843078560948,0.8404150302973289,-0.8443176427927412,0.840392661096139,0.8480572033462992,0.46440918452353785,0.8439514051316896,-0.8481137150694672,0.8471982460361899,-0.8480572033462992,-0.8587797186986273,0.8942745773193874,-0.7906191801655699,-0.8578399679600677,-0.8995809430809475,-0.8587797186986285,0.6269123937848443,0.6671150121718087,0.6861053232103491,0.6608595004884896,,0.6269123937848445,0.6098406150484946,0.6399766369808616,0.6482011335599801,-0.04264609873748188,0.5797009995279442,-0.09906415038184714,-0.6584361086850435,0.0814803629337674,-0.7219704007705005,0.5916730346799554,-0.5815448838988555,0.6057924549214642,-0.5928658600306475,0.3998039916653263,-0.25406364658706415,-0.5157350972456008,-0.8182322226593134,-0.5488867485905352,-0.8813910650030689,0.3215107050454919,-0.8702530982949918,-0.8558020833104466,-0.8322348652170105,-0.8521977168730135,0.6862744654892724,0.5429685067617139,0.6683673699989355,-0.6638501457100324,0.5660302651463571,-0.68024185861264,-0.6505488381571872,0.03491155814550751,-0.7840829656711465,-0.7791304805151867,-0.5013671805869627,-0.7646982313410728
acc_y_max,-4.8857703459362454e-05,0.9269579784620045,0.9113680850729778,0.9252036940754923,-0.9419783937692536,0.903645416488888,-0.6900834983966226,0.9719206482052074,1.0,0.9383533185481903,-0.9035760894884066,0.9101075467440263,0.8365798326157906,0.9307220955239849,0.9094954226665697,0.9305169337138737,-0.9652001418672315,0.9369526196708483,0.8337127924833464,0.43606060557633625,0.8965259426169288,0.8981387318466182,0.13414929049822338,0.9140544606931338,-0.31801548679917613,0.92932203571104,0.559826402521977,0.8636212787637777,-0.8571071585369824,0.8022031613057838,-0.8076807036234249,0.9147137749577312,0.3766422925046227,0.8799015000590454,-0.9236369559439881,0.8402225762219756,-0.8439921597196346,0.7799578899925929,-0.7980393227031988,0.844221416009551,-0.8584285417879126,0.8439921597196355,-0.845110824767925,0.4733492649776403,-0.8365397326390603,0.8451392775224665,-0.8497972264336355,0.8451108247679251,0.8430798599266056,0.5077914131562602,0.8446016392834165,-0.8431111896532438,0.8393848474377268,-0.8430798599266065,-0.8699517343828207,0.8671557581428245,-0.8112871275415016,-0.8691934366535055,-0.9000850702794443,-0.8699517343828209,0.5715190103841064,0.6069948841628203,0.6248510375431714,0.6016159783038609,,0.571519010384106,0.6488835062146724,0.6285535344569939,0.6795566474144235,-0.013759138793183577,0.6203780192503517,-0.07035614973563921,-0.6375617589734808,0.11172903898262197,-0.6891237216501637,0.5690660523079524,-0.5753242905933935,0.5764058184024717,-0.482830140397728,0.4712284987855709,-0.1441643388386057,-0.40113674192071525,-0.7621379139637302,-0.4382396317293635,-0.8396786140992181,0.37807569168021604,-0.799422555909954,-0.8117583947263814,-0.8142522565575047,-0.8106810435566775,0.6980895285045997,0.5152445281159241,0.6767363987658263,-0.678037234946005,0.590793189551156,-0.6927365842165963,-0.67967050012239,0.1124051996084291,-0.791004728167861,-0.7707019017438395,-0.5497008974983789,-0.761840532469092
acc_y_rms,-0.19426949146106584,0.9649006770142113,0.9492279287906557,0.9650388469603067,-0.9421092544999385,0.9728900774040761,-0.8681099775704898,0.9797518467523727,0.9383533185481903,1.0,-0.9385139413312666,0.992201538488737,0.7866088068935833,0.9605831153642236,0.9413509449439986,0.9583357873716264,-0.953522487032313,0.9651778388044108,0.9012629327745532,0.3076930042690201,0.870852313021598,0.8613359826829047,0.25619819142139477,0.8860890505102458,-0.41433816381613486,0.9208994111529264,0.4992361654581222,0.7814647601631195,-0.8941842040284427,0.7081349565305187,-0.7701030377561515,0.9650881446109049,0.44647047495301745,0.8614821583868656,-0.9420915805217874,0.8047786264963946,-0.802925870818642,0.7439528672123512,-0.7643763576950318,0.80319670955773,-0.8196632650555004,0.802925870818643,-0.7946386130209732,0.38387556031122994,-0.7875120461019041,0.794645362876913,-0.7939221826329151,0.7946386130209732,0.8091395434052631,0.4158982302867075,0.8049403497199756,-0.8092040946209743,0.8087327428741025,-0.8091395434052636,-0.819196105952723,0.8894473382961624,-0.7434808886740685,-0.8180155353506736,-0.8650821127894565,-0.819196105952724,0.74732202604963,0.782699384902665,0.7974523112089825,0.7779809016941356,,0.7473220260496298,0.5193459224348163,0.6261633885032809,0.5710102574500283,-0.09841866244104584,0.48940156127752876,-0.1553519481965092,-0.6073745583856651,0.036985229934523606,-0.6843444747529904,0.5412257517005657,-0.5274510778191747,0.5585242390259747,-0.6569982526058226,0.3188782386095114,-0.3529951240661407,-0.578882464582855,-0.8271816399682008,-0.6051959070574718,-0.8500966344373223,0.25381411900027967,-0.8814031355648235,-0.8228356366546518,-0.791070567856833,-0.8173703816514183,0.6274521544615663,0.5611332204062108,0.6132596587633037,-0.6006494249247388,0.48702446990084286,-0.6198189008291797,-0.5815289991499658,-0.037228135928273155,-0.7274660303895213,-0.7268950580949709,-0.4241228196265586,-0.7087323960036832
acc_y_min,0.011445331445736395,-0.9149715209215183,-0.9173208438443319,-0.9149363804279321,0.9145743941210677,-0.8895279670476411,0.7836082957038194,-0.9588391870220805,-0.9035760894884066,-0.9385139413312666,1.0,-0.8923075068018778,-0.7237375299533441,-0.9155928204948484,-0.8899787716419978,-0.9143628399804747,0.9563547814469934,-0.9261330475903302,-0.9110805073003565,-0.3554550554028278,-0.9254400895857279,-0.8700964545523019,-0.22680799877909122,-0.8905300676120997,0.3611851419974714,-0.8540985658235642,-0.40318542803458385,-0.7101410684381023,0.8706364489342958,-0.6412830552547488,0.7479410580765994,-0.8822246138668726,-0.3989922849053863,-0.8226400840166126,0.8856327516366022,-0.7808066357007531,0.760781897928512,-0.7620956051470227,0.690464297756542,-0.7611390757737291,0.787802925487854,-0.7607818979285128,0.8455978643597284,-0.3074926127088452,0.8510768046366564,-0.8455741259155909,0.8434919802507381,-0.8455978643597284,-0.8668647310494858,-0.4088490581946332,-0.8508983878858457,0.866955406548571,-0.8737415519140754,0.8668647310494858,0.7752640131517055,-0.8525996694528374,0.7082789838325103,0.7742379022237168,0.828490162184963,0.775264013151706,-0.5707649459212332,-0.6026488409266479,-0.6187870685875846,-0.5980792656796722,,-0.570764945921233,-0.5578413108531836,-0.6307645291320284,-0.6042636269686418,-0.060534529038632476,-0.5286110909179278,-0.006359096292054655,0.5818964513355873,-0.038192147876028815,0.651935364697149,-0.510781617567923,0.5074606933661132,-0.5286697076954645,0.6373146817205467,-0.3455171134536442,0.29851247260029656,0.5677209506757382,0.8248237513964894,0.6027365964185508,0.8419320027828792,-0.2932295896621973,0.8360321451539028,0.8137118407296543,0.7951695476935485,0.8135810835583192,-0.6078247972972264,-0.4847903375238143,-0.5973420160935246,0.586616151864505,-0.49572850541841174,0.6021548880955627,0.5746471453508188,0.07634202117581494,0.7374508224682149,0.7451323914110003,0.4077281906848797,0.7250001626874538
acc_y_abs_sum,-0.27234090033722386,0.9532304524128414,0.9321883524907119,0.9536335123817664,-0.9202013065151173,0.9755816028352918,-0.8885190227011135,0.9530372962195168,0.9101075467440263,0.992201538488737,-0.8923075068018778,1.0,0.7702708910505605,0.9470534753556783,0.9307262386092903,0.9441398307433662,-0.9200890860197852,0.9493114279807516,0.8763311370472414,0.26466326389047157,0.8199807755069176,0.8230142692052959,0.27285150631074495,0.8494530659759618,-0.4266313274588121,0.9093469932990521,0.5051409574555056,0.7692835044176066,-0.8748352026413837,0.6966766880075345,-0.7412030233736298,0.9639650074440002,0.46032314108133204,0.8383204067763654,-0.928736885804244,0.7760715954358015,-0.7815928740025909,0.7069963458177325,-0.753980013348717,0.7818378844953568,-0.7944265307376415,0.7815928740025923,-0.7435670338767749,0.3756940784626092,-0.7332991565259077,0.7435782178063666,-0.7419118805811231,0.7435670338767747,0.7576264454733455,0.38702930970320604,0.7560682384213171,-0.757685670550021,0.7556585550399801,-0.7576264454733451,-0.797270875944073,0.8707337997711163,-0.7201798775705572,-0.7960224198182501,-0.840854901216019,-0.7972708759440736,0.8029482086293689,0.8363739374715098,0.8492835975328867,0.8323017714276599,,0.802948208629368,0.4688951503992528,0.6006488179259242,0.5231563263962773,-0.15419259539032906,0.4387674598135532,-0.21012935327743518,-0.5852474402702696,0.020389318718619327,-0.6652331301948752,0.5298646108488241,-0.503589299926639,0.5485051066307782,-0.6630826928557444,0.2746823469509232,-0.38601530298852804,-0.5852971842619595,-0.8050457985730446,-0.6063579375293484,-0.8221829733695761,0.21105179422446646,-0.8748987081726225,-0.7960440883839428,-0.7555611505499388,-0.7885113676500548,0.5981968016315311,0.5636749463878441,0.5831576282853751,-0.5695602615000803,0.4496058792361376,-0.5898450028578549,-0.546388095840267,-0.045669455324132,-0.6865430262522301,-0.6853431297488529,-0.39396448859805594,-0.6671238758396115
acc_z_mean,0.23225771818315694,0.8810325987634873,0.8842734066678783,0.8789983653383676,-0.8495000693021578,0.8503149830471621,-0.6569169153090606,0.8104782324211818,0.8365798326157906,0.7866088068935833,-0.7237375299533441,0.7702708910505605,1.0,0.8915969325329336,0.9079475411266879,0.8975383830598607,-0.8317084789669031,0.8690701922840093,0.7051913376277587,0.2669169514985991,0.685185335270727,0.7145065606177011,0.20577416496170364,0.737829723104016,-0.3367250560940081,0.7178683945996321,0.3589816342449369,0.652272862285301,-0.7011684896582144,0.5735829940941989,-0.5826070673878312,0.8302230472079225,0.4926101831037574,0.6831937710016466,-0.8027160685433079,0.6223677273800226,-0.608788626821044,0.5568510596221228,-0.5762107085064245,0.6089572933524959,-0.6123916440881609,0.6087886268210447,-0.6614494370737817,0.3093348329971226,-0.6632385558571409,0.6614460791215718,-0.6579362675419321,0.6614494370737816,0.6759858707209783,0.28527718231322935,0.6655298211262989,-0.6760729275328545,0.6785753402452254,-0.6759858707209783,-0.6246663114691337,0.6533491140191725,-0.5663597152495637,-0.6237673619018986,-0.6605476852938417,-0.624666311469134,0.4182516228623768,0.4859089307496124,0.5217994797992753,0.4726964272357146,,0.41825162286237644,0.40279259761522684,0.43797963154029135,0.4334036138222404,0.08087271785630896,0.3634800600172089,0.03836211128281407,-0.3916403375998822,-0.07777696883901933,-0.4764972656925258,0.3748609562666046,-0.31672646225476575,0.3988067199474707,-0.4190342990572223,0.22570471940745226,-0.26077859118848795,-0.36572585613907965,-0.5910336206899512,-0.38253088807674707,-0.6137968823376285,0.13704633068355604,-0.681570130629107,-0.5789735603096295,-0.5651334981365226,-0.5687021002026977,0.4169911760917723,0.38759293455204846,0.4142349621854591,-0.39499801530837303,0.2941294170160904,-0.41226500548154865,-0.45657377062528676,0.019449645971445464,-0.5454157724347816,-0.5091958789111708,-0.33803856005967564,-0.501800478467887
acc_z_std,-0.051327733127450204,0.9865425887911489,0.9834104715296871,0.986198534562748,-0.9598824050674225,0.9793733027861882,-0.8466466758961556,0.950521007103359,0.9307220955239849,0.9605831153642236,-0.9155928204948484,0.9470534753556783,0.8915969325329336,1.0,0.9921442391449871,0.9998125338204875,-0.9677551610146434,0.9951958494316324,0.8915468523055152,0.28449886042028255,0.850994117261619,0.8323307650028245,0.28724634684601763,0.8616886399934668,-0.402510496593912,0.8589997724262237,0.4240990022064943,0.7256281984641111,-0.856252515840088,0.6488488963193042,-0.6971472930334509,0.950423181993766,0.5226599734006304,0.8032994518124793,-0.9164431492454077,0.7385886296453297,-0.7245526326056769,0.6897749159428053,-0.6830366400720937,0.7248581243198378,-0.74439983710978,0.7245526326056783,-0.8072399962287453,0.2844121070556173,-0.8097235512975852,0.8072078074362808,-0.7971432917812684,0.8072399962287448,0.8282171337208106,0.35587958250168295,0.8151746903200128,-0.8283094685885438,0.8338213610626274,-0.8282171337208116,-0.7489727448365056,0.8195619589073376,-0.6809016899055605,-0.7477517139873818,-0.797878350484561,-0.748972744836506,0.6741209427907332,0.7129610857130613,0.7322132539692027,0.7072763245501558,,0.6741209427907328,0.4725656089417402,0.5561446381664424,0.5196913052865204,0.0466809063567029,0.44029824304617154,-0.006570590098026445,-0.4887285314241771,-0.0733625400265115,-0.5865236321256879,0.44995338196308327,-0.40220392274466116,0.47745782263017994,-0.6320284291662104,0.2832081085082633,-0.36007879795137043,-0.5577399848142511,-0.795246945939818,-0.584010254453564,-0.7779968825496381,0.18324538923838296,-0.8432900620922522,-0.7433454820684614,-0.7161751827813068,-0.736850250612924,0.5296866918058859,0.45473029706672824,0.5158371847550453,-0.5030168297970743,0.39409363784705403,-0.5223393934636981,-0.5114197147913508,-0.10206525982823991,-0.6704938840759171,-0.6540763317327992,-0.3473854366847999,-0.6359599167024196
acc_z_max,-0.016088661749953992,0.9880740773710277,0.9911927010060464,0.9881634489575954,-0.9609740141386479,0.9768576434704431,-0.8496310440493788,0.9285776999200968,0.9094954226665697,0.9413509449439986,-0.8899787716419978,0.9307262386092903,0.9079475411266879,0.9921442391449871,1.0,0.9924071071654311,-0.9487925215596479,0.9757886262424933,0.8808217277674035,0.21126328733144698,0.7973059818884629,0.7819645301322081,0.34316488049297794,0.8134619290244945,-0.43864221650656077,0.8454121625966801,0.3773429845480775,0.6963626228005766,-0.8563155257435916,0.6123248582075029,-0.6381019704748432,0.9387576422056263,0.585541240444993,0.7523804254936352,-0.8827797770490158,0.6817375422027737,-0.6755458374377963,0.6405132530672867,-0.6365678273990372,0.6758484298017032,-0.6917707075295708,0.6755458374377973,-0.7414999846995501,0.2522390280418415,-0.7454645800620957,0.74146522917776,-0.7315303168974786,0.7414999846995505,0.7657554604046443,0.2841634920235753,0.7495827385254796,-0.7658677424512546,0.7741580963319035,-0.7657554604046443,-0.6949828985765892,0.7837854762489792,-0.6237075733889249,-0.6936920074966834,-0.7456547769559642,-0.6949828985765898,0.6563930349430794,0.6971372902237867,0.7176451902179811,0.6909595843604908,,0.6563930349430797,0.39570649949217196,0.5093599386230051,0.4442952124427788,0.0056482724469519045,0.3606256768416309,-0.0435131539465467,-0.44736142015416674,-0.10668140222390568,-0.5488486738750724,0.4289240713338166,-0.3544960730775703,0.46114516618761753,-0.6487134459851693,0.20046877176010255,-0.41907134659713147,-0.5832512354577787,-0.767255138292233,-0.6033236996976339,-0.7391786042988286,0.12028130711819922,-0.8286024639849937,-0.7044471376302185,-0.6654711885656546,-0.6947391320243035,0.4678238384052132,0.44192041150642936,0.45798621991886124,-0.44008297730760465,0.32244397388130097,-0.4604019174376464,-0.4469945029802003,-0.13666238663214664,-0.6024506314171677,-0.5927589112359809,-0.28555197520585873,-0.5727660540448788
acc_z_rms,-0.03907264319677669,0.9861275740836727,0.983189067532225,0.9857931106964783,-0.9592246519926633,0.9779636240056405,-0.8429055102973162,0.9499731273796578,0.9305169337138737,0.9583357873716264,-0.9143628399804747,0.9441398307433662,0.8975383830598607,0.9998125338204875,0.9924071071654311,1.0,-0.9671290472085742,0.99475404327704,0.8895898997207808,0.28712964739965663,0.8501999259665833,0.8325197389371677,0.28386455258838655,0.861700194343117,-0.4045493030598648,0.8570209369801383,0.4203354679317787,0.7250668503045107,-0.855530727506362,0.6476188243383015,-0.6991199356664031,0.9505414908727041,0.5196121454585452,0.8048718472501663,-0.918218551689318,0.7404434204918222,-0.7244679372875534,0.6899776115426237,-0.6826056031527271,0.7247708466752419,-0.7441065092080359,0.7244679372875549,-0.8074371076252297,0.28899496119084456,-0.8099200948914883,0.8074065430447551,-0.7977441994360852,0.8074371076252297,0.8282859265102523,0.3561697095375821,0.8151993520541962,-0.8283789876215982,0.8337055117022109,-0.8282859265102521,-0.7486381330769776,0.8201321428255871,-0.6799589941241131,-0.7474254840380992,-0.7975760553358262,-0.7486381330769781,0.6652535352508514,0.7052763238013406,0.7252554013467217,0.6992924442761032,,0.6652535352508515,0.4751806711387334,0.5599207859683445,0.5224424247197027,0.046872063695224536,0.4415907798784313,-0.006406887776447494,-0.491454958185224,-0.06697702884956676,-0.5877155101945982,0.4514133630184079,-0.4058709851824978,0.4780930083422722,-0.6292049324091292,0.2838515860593076,-0.35808299985454106,-0.5554838520308907,-0.7943431157576076,-0.5817726381360587,-0.7788095686793062,0.18830829503114233,-0.8416787243635315,-0.7440598897739439,-0.7179810894427988,-0.7376632935488199,0.5315546090064676,0.45770411519266047,0.5185724019535447,-0.5050723156051606,0.3961137975558604,-0.5243130677157999,-0.5147235416499352,-0.09810610970928281,-0.6719938505174912,-0.6559023294134642,-0.35048211482325703,-0.6379512345346141
acc_z_min,0.006895600113751873,-0.9646846010172809,-0.9558616565807992,-0.9634831823201954,0.9787261549588302,-0.9404285881881372,0.782966024268515,-0.9690066089604856,-0.9652001418672315,-0.953522487032313,0.9563547814469934,-0.9200890860197852,-0.8317084789669031,-0.9677551610146434,-0.9487925215596479,-0.9671290472085742,1.0,-0.970695741962203,-0.9104852976702753,-0.3348425407675492,-0.9010487170911416,-0.865479781392016,-0.2608105404649793,-0.8912438107277181,0.38175047491841685,-0.882180579727049,-0.4334553766299418,-0.7501289888348703,0.8864058248712684,-0.6768952891561286,0.7427552768002303,-0.9223657942161905,-0.48317008871155703,-0.8302251324391542,0.9091799330412198,-0.779992904625145,0.7544792638058896,-0.7461565502593879,0.6962081269854805,-0.7548240611763847,0.7843484563000223,-0.7544792638058905,0.854995581145051,-0.3200572080165996,0.8587330101414818,-0.8549680381692644,0.8486738200398842,-0.8549955811450503,-0.8702520242196818,-0.40423200312470897,-0.8567469060041706,0.8703402359636083,-0.8770303642839404,0.8702520242196828,0.7831124565523438,-0.8515346033216536,0.7146444196562486,0.7820345493223548,0.8316338757398692,0.7831124565523438,-0.6004916427237206,-0.6377659334041335,-0.6565272881119802,-0.6321143488433125,,-0.6004916427237208,-0.5512205904695083,-0.6086768334771523,-0.5947074083252621,-0.06259308833991052,-0.5197861068803061,-0.007564774241725396,0.5395341594814276,-0.008487927459099005,0.6166790742145689,-0.48080409370826377,0.46574205982438516,-0.49908341588186084,0.6075273331848998,-0.36824744273088617,0.2848403523606341,0.5319101023931359,0.8183003337251827,0.5668725247869837,0.8151383102141512,-0.2852871787781903,0.8221385862761356,0.7813598464029204,0.7728828860936043,0.7800776962066311,-0.594934863023983,-0.4617750697291375,-0.5795665027529862,0.5722451097551082,-0.47677318664471585,0.5887819848326563,0.568412930253392,0.06541506542349444,0.7278869153364552,0.7203708541351013,0.40522348187317614,0.7024007911802314
acc_z_abs_sum,-0.0788611356000691,0.9730550595565217,0.9668545128658865,0.9724679361874649,-0.9462191116918847,0.9691987079688853,-0.8371401179590563,0.9570846931734668,0.9369526196708483,0.9651778388044108,-0.9261330475903302,0.9493114279807516,0.8690701922840093,0.9951958494316324,0.9757886262424933,0.99475404327704,-0.970695741962203,1.0,0.8866035673703951,0.3500595805018401,0.886117018134052,0.8678674688432576,0.2280721337866298,0.8945907065377049,-0.35951332308422346,0.8592757242953935,0.4619592959154725,0.7434088635376501,-0.8418320864663418,0.6744005032152395,-0.7392702993883183,0.9468530192737254,0.460003963608312,0.8366406973347342,-0.932110250866,0.7784048642183874,-0.7604477787658926,0.726614353074301,-0.7168798635521364,0.760754936560054,-0.7825551794070902,0.7604477787658939,-0.8524550734756668,0.3107391988026211,-0.8535302475056712,0.8524267404754303,-0.8427563740897337,0.8524550734756666,0.8709149005627344,0.4163728376212453,0.8610622248461758,-0.8709874685865556,0.8732639966506743,-0.8709149005627352,-0.7876406436095927,0.8399549431573051,-0.7234935801882448,-0.7864986609146822,-0.833084543306612,-0.7876406436095932,0.6848802374058086,0.7209983228103429,0.7383886382274913,0.7159482431145746,,0.6848802374058085,0.5323655282765797,0.5938692399682214,0.5788305109304417,0.08352046639630134,0.5023525002824274,0.026846225381121625,-0.518942229021186,-0.03858432371981853,-0.61064052195383,0.4645486943939151,-0.4403796618224849,0.4870562080374767,-0.6042834835611707,0.3446041392587767,-0.304765195221943,-0.5235560843920558,-0.8016581720761248,-0.5541124651934438,-0.8002901029011932,0.23564065935961936,-0.84444219819789,-0.7660987185506319,-0.7497590609272377,-0.7624082239816632,0.5745988760792258,0.4620484950806286,0.5585123653079072,-0.5491138850104725,0.44909911397089675,-0.5673527954118434,-0.5638813536971887,-0.06319261016839488,-0.7197682525681384,-0.6968341455723045,-0.4001564166544861,-0.68098744303668
gyro_x_mean,-0.09084866155216781,0.9179589721436108,0.9071467910796512,0.9181577171664522,-0.9101266118495029,0.9065539843842602,-0.8017081149531364,0.8845631410387904,0.8337127924833464,0.9012629327745532,-0.9110805073003565,0.8763311370472414,0.7051913376277587,0.8915468523055152,0.8808217277674035,0.8895898997207808,-0.9104852976702753,0.8866035673703951,1.0,0.05649986748263381,0.7858355975101959,0.6879945325349249,0.5145126729101168,0.7287300800663805,-0.5259547336636872,0.8226558266562518,0.24406884479839683,0.5858658903550567,-0.912684451964053,0.4985310739055278,-0.6280101021284734,0.9002162890348738,0.5588855016020347,0.725410520205475,-0.835794628073887,0.6619146116268161,-0.5657032651131908,0.6643868309116734,-0.4945787778715819,0.5662139578723059,-0.623437550185188,0.5657032651131922,-0.7214621591501192,0.14405350797303337,-0.7342050265900797,0.7213821516532457,-0.708354494832382,0.7214621591501194,0.7406126640152535,0.2141152139063239,0.7162597397872762,-0.7407648119407872,0.7591994559385546,-0.7406126640152535,-0.6098132018533166,0.8415438469706893,-0.506809880925247,-0.6082973360786639,-0.694812229035586,-0.6098132018533171,0.6174375158154305,0.65614671946092,0.6744531328577399,0.6501869587585728,,0.6174375158154303,0.3456018991208798,0.5616697486119777,0.4112127911734794,-0.11474333103442617,0.3056112538318578,-0.16482820853307184,-0.3968719999078801,-0.00044016596469508267,-0.4669330389306624,0.3152344704424042,-0.3346065657033422,0.3283862254306939,-0.7534206847434224,0.23176251019893554,-0.46022069684762684,-0.6913491218814913,-0.8682411321775024,-0.7211797750886948,-0.7126173859853916,0.2180019439175807,-0.7451782219366845,-0.6744606060642244,-0.6758633815669545,-0.6752878390199585,0.46406406035644476,0.4148309574491956,0.45349437391780784,-0.44059899145620945,0.3382590014009753,-0.45735985275006635,-0.35229762062265796,-0.2793822202481241,-0.5623326200511385,-0.6243669424045502,-0.1858559635492165,-0.587777540221846
