,acc_x_mean,acc_x_std,acc_x_max,acc_x_rms,acc_x_min,acc_x_abs_sum,acc_y_mean,acc_y_std,acc_y_max,acc_y_rms,acc_y_min,acc_y_abs_sum,acc_z_mean,acc_z_std,acc_z_max,acc_z_rms,acc_z_min,acc_z_abs_sum,gyro_x_mean,gyro_x_std,gyro_x_max,gyro_x_rms,gyro_x_min,gyro_x_abs_sum,gyro_y_mean,gyro_y_std,gyro_y_max,gyro_y_rms,gyro_y_min,gyro_y_abs_sum,gyro_z_mean,gyro_z_std,gyro_z_max,gyro_z_rms,gyro_z_min,gyro_z_abs_sum,quat_w_mean,quat_w_std,quat_w_max,quat_w_rms,quat_w_min,quat_w_abs_sum,quat_x_mean,quat_x_std,quat_x_max,quat_x_rms,quat_x_min,quat_x_abs_sum,quat_y_mean,quat_y_std,quat_y_max,quat_y_rms,quat_y_min,quat_y_abs_sum,quat_z_mean,quat_z_std,quat_z_max,quat_z_rms,quat_z_min,quat_z_abs_sum,encoder_angle_mean,encoder_angle_std,encoder_angle_max,encoder_angle_rms,encoder_angle_min,encoder_angle_abs_sum,grf_x_mean,grf_x_std,grf_x_max,grf_x_rms,grf_x_min,grf_x_abs_sum,grf_y_mean,grf_y_std,grf_y_max,grf_y_rms,grf_y_min,grf_y_abs_sum,grf_z_mean,grf_z_std,grf_z_max,grf_z_rms,grf_z_min,grf_z_abs_sum,grt_x_mean,grt_x_std,grt_x_max,grt_x_rms,grt_x_min,grt_x_abs_sum,grt_y_mean,grt_y_std,grt_y_max,grt_y_rms,grt_y_min,grt_y_abs_sum,grt_z_mean,grt_z_std,grt_z_max,grt_z_rms,grt_z_min,grt_z_abs_sum
acc_x_mean,1.0,0.7210222341281713,0.7419195029515534,0.7815903053269365,-0.45290256555584213,0.7873141971625257,0.5257385293503521,0.5844643862179782,0.6068305874831945,0.47290233968348727,-0.30396680308356777,0.4808124500560079,-0.625197013219087,0.3335005050735474,0.15060056297601146,0.28482100940005695,-0.5238889329146577,0.29101589306584763,-0.12107986785563711,0.24974062466788366,0.27647830817879593,0.1759768117429344,-0.11396597710732534,0.132098100338163,-0.6146998286210541,0.4920291993845424,-0.3422182101430164,0.67907656649509,-0.625900024272341,0.6793862196890837,-0.26085793329869394,0.7672624444125461,0.14668409110282218,0.3438626375200168,-0.4792460044393358,0.2742540535829958,-0.05157440841968702,0.22134053579773788,-0.04774940503681192,-0.05129026221745506,-0.15641615129763795,-0.05157440841968772,0.11769682680395949,0.14328373926116658,0.13009815980057624,-0.11769318048289808,0.11397455041038762,-0.11769682680395978,0.09541719370991379,0.3286694747637024,0.18055358263933535,0.09619338805245144,0.06296445735412023,0.095417193709914,0.09784150183699888,0.155324501623743,0.19674829827429952,0.09786263575520959,0.15646021498703852,0.09784150183699782,0.6212466509393328,0.5840270308194755,0.5551252139961014,0.5989285071562359,,0.6212466509393324,-0.04160474324791874,0.07138558306433401,0.03101198713393811,-0.3331350511270749,-0.018105846813543797,-0.3394365446895425,-0.33396373379185246,0.6811446409539008,-0.03055288147214358,0.124837189831371,-0.48142997907373064,0.04143368939601687,-0.21157585375463242,0.686253238872408,0.24291527539411156,-0.150725450801751,-0.6997501476859946,-0.21157585375463225,-0.3380843858821429,0.6411743630794219,0.236966487597996,-0.28477903171985053,-0.5604953417009079,-0.3380843858821429,0.31235580564319915,0.08148426418877015,0.32676530151882455,-0.3148369717419928,0.3280220271390887,-0.31245745416357285,-0.2574419702850991,0.3164675286874044,-0.1282829209571748,-0.30474516075151126,-0.29193425182708305,-0.32491544002512274
acc_x_std,0.7210222341281713,1.0,0.9702741812884892,0.9904940410817553,-0.8111607439571072,0.983274337036222,0.04400433471006732,0.8535233938818301,0.7479340659301744,0.8204858190829392,-0.7568339375303593,0.8232739444573207,-0.118436752570157,0.7421602666838377,0.6195125664444312,0.7504051551531531,-0.7799660085598445,0.7464539692323824,0.3234256706612838,0.6957436108769913,0.7223674357672457,0.6845518025827398,-0.5602648503243733,0.6574382745369856,-0.6420594598219392,0.7242523060616406,-0.2319535787638669,0.83146103336654,-0.7862041471341428,0.8171277253808559,-0.7336227913396686,0.8712919941391546,-0.36721909125236857,0.7907617825378234,-0.8669260729510903,0.7497609961412383,-0.5813519130845454,0.7124753558201391,-0.49070916777501644,-0.5805496451766329,-0.6682567194986443,-0.5813519130845454,0.5943790019748013,0.683333721361298,0.6492123946662849,-0.5941981741733655,0.5351452902355905,-0.5943790019748014,0.6362341746486253,0.7252777210714252,0.7045398070050928,0.637021158576692,0.5627896051623094,0.636234174648625,0.608661386312489,0.6208940218207708,0.7196882859601063,0.6089999100609076,0.5589302231246448,0.6086613863124878,0.6943638029783781,0.7056579125600118,0.7011051709381722,0.704365183381664,,0.6943638029783783,0.5286973417259737,0.6201932952709388,0.6413066814400331,-0.07936641548481697,0.3900220668110625,-0.16037125460868204,-0.6204047081245259,0.841952697610056,-0.2806055364471752,-0.10048053105760964,-0.7857541767827982,-0.1906673736695314,0.2564172289531217,0.8986887374588557,0.6708783309615888,0.3145646275946677,-0.3892971787547373,0.2564172289531218,-0.29320238595047643,0.9113255653504212,0.5165285027441517,-0.22541780408349177,-0.7348180293152023,-0.29320238595047576,0.8296602287195589,0.3860397342269382,0.8409733540449996,-0.8295065161542083,0.8182604180856535,-0.8299351366977431,-0.623689457787369,0.667372624201383,-0.39612055624078846,-0.6032481543397501,-0.7010100177844308,-0.6395105172427948
acc_x_max,0.7419195029515534,0.9702741812884892,1.0,0.9678676342601592,-0.6970708418814053,0.9477400334456949,0.050526519401074166,0.7974594440144889,0.7233468763269124,0.7755640214050372,-0.6789654188471267,0.7818063836549759,-0.12384889653401127,0.7280316038131023,0.599479834673332,0.7326160162449642,-0.7660698982612638,0.726989315754639,0.3451405962361651,0.6807164335923022,0.7308526449092592,0.6722364880704551,-0.52547392665524,0.6405683596491448,-0.6399568403261898,0.7308936606342893,-0.21357090352978816,0.8227434482605788,-0.7841625233639367,0.8078321250466582,-0.7537117487191372,0.8465401964484045,-0.42357073054101624,0.803875873555918,-0.8729663784705792,0.7672083567190623,-0.5858738405284885,0.7236745204140224,-0.49059647328916584,-0.584995871295481,-0.6802061249082804,-0.5858738405284886,0.5273337575261232,0.6192266531735215,0.5786346603591388,-0.5271598789631234,0.4703957755254981,-0.527333757526123,0.61839471031752,0.7497651596295901,0.6975920652154873,0.6193136691877866,0.5335962504567324,0.61839471031752,0.5367961326715666,0.5960042337488236,0.6669578668440048,0.5371289370848301,0.49342675540948283,0.5367961326715651,0.6275988492344178,0.6462116796826137,0.650970441364083,0.6424394444233037,,0.6275988492344179,0.4850109108201029,0.6203593807403299,0.609884725524662,-0.05553602636732817,0.33781612264500455,-0.13655541902770868,-0.5615294715787378,0.8763608913312804,-0.2009072902997585,-0.13275896152323824,-0.745703274684506,-0.2290218720721443,0.28773099969587634,0.9180236596020627,0.69322149327238,0.3450218163150962,-0.3760987691894148,0.2877309996958765,-0.29086232941739243,0.8868867931785962,0.49804985939645624,-0.22760616059207153,-0.7072593848051273,-0.2908623294173919,0.7896745036887001,0.39168176042054514,0.8052976342558661,-0.7895755957512582,0.7723314116672595,-0.7901290140408344,-0.6283415077339363,0.7035251939446855,-0.3892312843423299,-0.6135461821213365,-0.7167765558847069,-0.6520866352797772
acc_x_rms,0.7815903053269365,0.9904940410817553,0.9678676342601592,1.0,-0.7850062924027682,0.9953400533617831,0.09329974026451299,0.8365095905426199,0.7357404029405603,0.8049819343323037,-0.7235890028191916,0.8105548507973696,-0.16563270191132612,0.7100166041016622,0.5900411811521734,0.7213163172517818,-0.7580953596465901,0.7176207893723943,0.2753905471774654,0.6662551988586127,0.6928344251394544,0.6461913134807593,-0.5402573640146479,0.6160372553365173,-0.6640411161992299,0.728025277975423,-0.25111610385347666,0.8427590395999923,-0.794109257959649,0.8293267228538769,-0.7153562676869538,0.911691608007538,-0.32845681670459875,0.7787005627028587,-0.8693154988992456,0.7310965209919829,-0.5483694255924519,0.6875596586106777,-0.4621744715764705,-0.5475851177217195,-0.640019358966348,-0.5483694255924524,0.553488603778268,0.634878191300574,0.6035578293115973,-0.5533251050363405,0.5007359778215078,-0.5534886037782684,0.599289610165942,0.7160123176542644,0.6763298950209219,0.6001207868143948,0.5268825597202169,0.599289610165942,0.5643999343187333,0.5811963659679071,0.6774709801813694,0.5647092167714188,0.5221562367742949,0.5643999343187321,0.7033274312350024,0.7046563718396552,0.6955113769846656,0.7068245475009654,,0.703327431235003,0.4786615012787005,0.5933161612554546,0.5949633564092095,-0.10359412632653302,0.34146327912789376,-0.18209118312633696,-0.5956663372267934,0.8719192393185018,-0.23737751442338426,-0.07626704147637199,-0.7721121251805005,-0.1722241455315641,0.23062744390775622,0.9062562109480411,0.6612430030679525,0.29114959821513803,-0.4126783188717071,0.2306274439077562,-0.2965572480732916,0.9227246194894433,0.5230201986521206,-0.22701551130737668,-0.7377900151116987,-0.2965572480732911,0.7992554458322442,0.3523389937947111,0.8097729187331726,-0.7996824239103757,0.791676084536547,-0.7996421777528839,-0.6068950262502456,0.673856915060329,-0.3651632210520678,-0.5907471630776331,-0.6852089158718702,-0.6286964358174263
acc_x_min,-0.45290256555584213,-0.8111607439571072,-0.6970708418814053,-0.7850062924027682,1.0,-0.8029291316400258,-0.050205599526882645,-0.7368680943020877,-0.5863821407796067,-0.7264611647552688,0.737949054920423,-0.7300242548710506,0.12270446488356401,-0.5439884018058615,-0.4504361351586008,-0.5887943268196636,0.5925893930089969,-0.5932296218140289,-0.09311252727253004,-0.49580054594020306,-0.4819912557674545,-0.4856398632376923,0.4997708946338796,-0.4827141673647839,0.5879126192303358,-0.47144327456887014,0.34649274467255153,-0.712655921719201,0.6531170820163734,-0.7149173240424798,0.45706255092320497,-0.6934384101611298,0.15573596143136237,-0.5227271392330988,0.6273889669197761,-0.4771679845081396,0.39301620241538227,-0.456631355538698,0.3220784151915988,0.3927822439701462,0.4333562843100162,0.3930162024153826,-0.6098310892998912,-0.6527812826344027,-0.6580629068957001,0.6096652115816947,-0.5471022972942009,0.6098310892998916,-0.4945287988715182,-0.45426018112998734,-0.5199262186500139,-0.49465560208230247,-0.45923615771221754,-0.49452879887151824,-0.6340757843815322,-0.5274174917315043,-0.6718784211860814,-0.6343116497204718,-0.5738987073119783,-0.634075784381529,-0.7065090948520225,-0.7137368572012611,-0.7037336000063481,-0.713720425076081,,-0.7065090948520227,-0.5089400835867439,-0.4879556531664301,-0.5568685203070205,0.13211776605901296,-0.39296537881707,0.1974578085363116,0.6877271791118734,-0.5348119839406869,0.46936766475896924,0.03936158401252266,0.7368405913790846,0.0909276811963211,-0.05705295216468414,-0.570152933632551,-0.3943821854221795,-0.09933480819979267,0.3443091887695594,-0.057052952164684166,0.32965857970098705,-0.7511464083058546,-0.3775646856832132,0.26811213461239986,0.6655035421977731,0.32965857970098633,-0.7307755299747305,-0.23839914449188482,-0.715899404179248,0.7322806433469028,-0.7349594858251214,0.7315843541376014,0.5425187891285823,-0.42551074888918017,0.4045178858641014,0.5264207049660208,0.5593679260623113,0.5454428350023629
acc_x_abs_sum,0.7873141971625257,0.983274337036222,0.9477400334456949,0.9953400533617831,-0.8029291316400258,1.0,0.10178774441707752,0.8539500155419076,0.7416517122497227,0.816766813226403,-0.7385939547889362,0.8222467578085659,-0.17712637572410914,0.7045622208106816,0.5830446000300101,0.714544030215222,-0.759820417001965,0.7130637375313668,0.24516542083963364,0.6592072027103816,0.6775404455281566,0.6340526257311782,-0.5406793265774332,0.6050491764720946,-0.6677324170266379,0.7102187358466754,-0.2736512546405092,0.8399177485119456,-0.7886543793775752,0.8275769095672162,-0.6939752949818163,0.9283038060905764,-0.28716140820739167,0.7625370768223224,-0.8550819594922359,0.7108586116898901,-0.5277763081954313,0.6665905869953751,-0.44632447159020705,-0.527024025234927,-0.61956864937336,-0.5277763081954319,0.5708635060463847,0.6349537636634167,0.6174569942104776,-0.5707142098110021,0.5219539302153131,-0.5708635060463852,0.5913846609338687,0.6965573130407672,0.6663091359813966,0.5921705690578938,0.5255336050032077,0.5913846609338682,0.5806038248482625,0.560836212101319,0.6837637716868651,0.580884633465109,0.5442544530817643,0.5806038248482612,0.7381100860325094,0.7309336094372114,0.718435812872621,0.7362150763556455,,0.738110086032509,0.4773149441139977,0.5723454132800848,0.5873955174356595,-0.12007091949604606,0.3521312580925668,-0.19607545662600925,-0.6097203972588171,0.8496116292233857,-0.2639830753765963,-0.07147406703861076,-0.7785904873620073,-0.16326734056810846,0.21166089910988756,0.9029195532285995,0.64755496800972,0.2737786536690157,-0.4284869374401378,0.21166089910988753,-0.27401421434179973,0.9262336117431834,0.5412865392075703,-0.2021046816167771,-0.7316822109360659,-0.27401421434179923,0.798149873075343,0.3284284700136717,0.80573550971795,-0.7988471481966674,0.7961537661469128,-0.798481988869841,-0.5930079356074236,0.6503683623113341,-0.3573444036081787,-0.5753571398884928,-0.665620655860889,-0.6127588515828407
acc_y_mean,0.5257385293503521,0.04400433471006732,0.050526519401074166,0.09329974026451299,-0.050205599526882645,0.10178774441707752,1.0,0.05716012210357618,0.3046114482889994,0.009434058019631096,0.37424917337800573,0.005435895933198693,-0.8747796832801622,-0.2655419722330785,-0.4265971694571119,-0.2979435972320435,-0.002445316673682561,-0.29608218239134004,-0.4800420252999723,-0.35626149772588167,-0.3582336729619534,-0.42572915489820934,0.3750340556646572,-0.4366381368075182,-0.3395805385176451,-0.07246612805628767,-0.42509151201973516,0.2531249716334837,-0.20465078300384373,0.27416870697393725,0.43200973314891916,0.09647233421919203,0.615881955460914,-0.38200512310350027,0.25482940887298344,-0.43152519876365736,0.5612491395041403,-0.3990180391599376,0.4920351490809326,0.5607537961115697,0.5010075137456697,0.5612491395041405,-0.4047027383966081,-0.4536368760923999,-0.4430670192939058,0.4045826953676237,-0.3689897564993733,0.4047027383966084,-0.5727825715738873,-0.3119154213175182,-0.5305619133954516,-0.572720781031723,-0.5506069925145445,-0.5727825715738872,-0.42705015908993454,-0.2295311179422026,-0.3773891251646591,-0.4271940457894489,-0.33564357552194013,-0.42705015908993516,0.2719735331846363,0.2296342917369377,0.18707843908180208,0.24405788958393498,,0.27197353318463635,-0.5497800476030665,-0.4874072633256611,-0.5688833074341398,-0.4475472426803355,-0.41575021055428735,-0.3764542719324352,-0.16147492777488054,-0.021585404133981904,-0.1374105211964314,0.051735004592977404,-0.10501924202442382,0.045189502535272395,-0.8064908931765076,-0.09224311204981134,-0.5681286850625079,-0.7870102721992537,-0.7659947882876809,-0.8064908931765075,-0.6373427235750561,-0.015982908922557208,-0.5884820754605223,-0.6442422205488474,-0.3545679241821252,-0.6373427235750565,-0.36014866959617264,0.04195110773152658,-0.3169105417913473,0.3603591117531201,-0.3787568690874134,0.36071755343439366,0.03137899147389596,-0.3338988562490522,-0.1269873048207221,-0.11059133475789766,0.12776809784832063,-0.07948600249964258
acc_y_std,0.5844643862179782,0.8535233938818301,0.7974594440144889,0.8365095905426199,-0.7368680943020877,0.8539500155419076,0.05716012210357618,1.0,0.9017941105126841,0.944721589822847,-0.8444771566210986,0.9320080352954205,-0.05253185159814403,0.8108026181310998,0.662908730476728,0.7980388714433152,-0.8904885832165528,0.8092887615528225,0.2214645398236753,0.7189894600143373,0.6571198737709377,0.6607066398350874,-0.6632547950697697,0.6594087421113789,-0.5629517873423339,0.5051230194180767,-0.25131235690515613,0.7331184925042997,-0.6203985292452827,0.7247595260293483,-0.583802982709212,0.7456598201944046,-0.2130267014127674,0.6409863944493968,-0.6903592985205157,0.602468368613062,-0.5279129688073451,0.5798822372871407,-0.48384126299907315,-0.5274589898054767,-0.5862922626486771,-0.5279129688073451,0.7768649866970815,0.6413289263277419,0.7735353134286963,-0.7768164500534737,0.7434741921601056,-0.7768649866970819,0.6551833951253364,0.5597131834411339,0.6720176930733169,0.6554971640749155,0.6411514246867019,0.6551833951253366,0.7722454311780712,0.4709553387477166,0.8104568081889109,0.7723391644632627,0.7673043071483734,0.7722454311780689,0.7986099140858812,0.8180782291064777,0.8191424286945097,0.8145540037121657,,0.7986099140858813,0.6318120071482224,0.4528250077637699,0.6573193507140282,0.013636529640299124,0.6036569386530447,-0.05021884169730727,-0.7881162685301569,0.625889585736098,-0.5821232002400807,-0.2900864486366785,-0.8770555874953422,-0.3496042155476584,0.19860586578178102,0.832766954054501,0.5790822345784618,0.2573773556922711,-0.415404170603981,0.19860586578178124,-0.18270943675417442,0.8274859252941754,0.5182650311393725,-0.11458182016797157,-0.6738747892597916,-0.18270943675417378,0.8155091428834694,0.19480821881386579,0.79886957714519,-0.8159016654782612,0.8348939560392536,-0.8141324393243813,-0.6571548480848033,0.4647956796524137,-0.5305291079233417,-0.6266850489357425,-0.6550311438298972,-0.6502523284106739
acc_y_max,0.6068305874831945,0.7479340659301744,0.7233468763269124,0.7357404029405603,-0.5863821407796067,0.7416517122497227,0.3046114482889994,0.9017941105126841,1.0,0.8620699943769063,-0.6396603961943781,0.8327509510329429,-0.19046948912998296,0.7357131321869677,0.5495239369867599,0.7123808444972229,-0.8528141837276915,0.7231818969350841,0.19821554442591702,0.6293167781331817,0.5765246438122638,0.5636197951220561,-0.5482639199534868,0.5607662269194017,-0.5133430292890363,0.49071451201427485,-0.18290765762080968,0.6924630499958772,-0.5643460051862016,0.677057054814969,-0.45220464713674624,0.6070289216004972,-0.15872503072234226,0.4975241409590049,-0.5542760394965134,0.4636451512157106,-0.41672585908606646,0.45078865959066317,-0.4039802190376209,-0.4166365352191462,-0.4730509371196734,-0.41672585908606674,0.5916872806670344,0.4254850728709177,0.5734080251508815,-0.5916964506766694,0.5782787826461743,-0.5916872806670348,0.4923552163557579,0.42392187141918203,0.5026292509489636,0.49252395100306484,0.49399797045346105,0.49235521635575763,0.5801596119428528,0.43485687871142226,0.6540993153379667,0.5802824055608323,0.5893063471738152,0.5801596119428505,0.6429432686093457,0.6672943795642667,0.6747606397813651,0.6616320853497927,,0.642943268609345,0.4764485354756787,0.28582882124472475,0.4819043801755616,0.04848311054160328,0.4983558261071563,0.00988818708845338,-0.7537323647786891,0.5531857737665362,-0.5732461197105416,-0.3352737802569898,-0.8349470387165328,-0.3964220546279874,0.02044062406675813,0.718753034981661,0.3979896350704597,0.07237199106583239,-0.5268742736194153,0.02044062406675809,-0.416507274408733,0.707124469516055,0.20955220124808785,-0.36487936292827816,-0.7497304125202523,-0.4165072744087322,0.6349995265314429,0.2788456614228189,0.6491672048342683,-0.6330050842100323,0.6330786566505832,-0.6326967987065578,-0.6522141802429797,0.3353963731725517,-0.6049782459082232,-0.6589439424161002,-0.6195193585500842,-0.667080705705604
acc_y_rms,0.47290233968348727,0.8204858190829392,0.7755640214050372,0.8049819343323037,-0.7264611647552688,0.816766813226403,0.009434058019631096,0.944721589822847,0.8620699943769063,1.0,-0.8090527348303486,0.9944952431174731,0.05626309801246231,0.7844776764616377,0.6709776251538986,0.8278801430059965,-0.8383588792390751,0.8435600302137852,0.25083628520301543,0.7661108987688939,0.7010403563173538,0.7087321616339868,-0.7637444487244418,0.7088021721367354,-0.5874501830926059,0.5922847762924401,-0.23470992448711028,0.750775106568265,-0.6866736718107339,0.7324667193399028,-0.668320180425844,0.7460125969417647,-0.34454288486774154,0.7149049297094824,-0.7613676233900136,0.6833531865006035,-0.6120276861536655,0.6632251831565131,-0.541526693542037,-0.611506606186834,-0.6678854917161718,-0.6120276861536657,0.8047613045126129,0.6595543225644009,0.8044072481878694,-0.8047086894861488,0.7712769461749202,-0.8047613045126134,0.716832501256274,0.630799387475803,0.7413873809805898,0.7171465810844907,0.6899674351505821,0.7168325012562732,0.8034517108438843,0.54949386371968,0.8508119646575546,0.8035874589996813,0.7738727061996159,0.8034517108438827,0.7213221345924287,0.7425993804882538,0.7494366532485364,0.7384007930244518,,0.7213221345924278,0.7021214492101442,0.5741541265284976,0.7451061424914309,0.12088240885966112,0.6086283311871566,0.03817296421652511,-0.8448598647283927,0.5998244349359731,-0.6497653999634662,-0.4644166021226593,-0.9169522209111093,-0.5211479923028957,0.28937309148395995,0.7919156198313446,0.6196116608945327,0.3408336918030142,-0.3003305364583391,0.2893730914839605,-0.23319435284721265,0.8416692370239172,0.4802765584912206,-0.17008948414307334,-0.7190055016896937,-0.2331943528472121,0.8621986677187239,0.2940250320661293,0.858021407019862,-0.8624197386442144,0.8672344293743548,-0.8612869824010952,-0.8056946396668816,0.5226391241108761,-0.667360018431454,-0.775139758291804,-0.7927180713920854,-0.7948725800899914
acc_y_min,-0.30396680308356777,-0.7568339375303593,-0.6789654188471267,-0.7235890028191916,0.737949054920423,-0.7385939547889362,0.37424917337800573,-0.8444771566210986,-0.6396603961943781,-0.8090527348303486,1.0,-0.7863006193382015,-0.32467434968691317,-0.8656997103936402,-0.8084430652704148,-0.8743908817687368,0.7847495985531047,-0.885012318291761,-0.387265518091802,-0.8193766352949868,-0.7480178772245082,-0.7963976869708902,0.7886168397879298,-0.8053818158656544,0.31126085411605825,-0.44784560807816537,-0.01788149439204365,-0.5259824733989453,0.41421884126593267,-0.5112505891219822,0.6472301436661588,-0.6266308203335748,0.4212553415979895,-0.684019817460619,0.7045101788145849,-0.6649424525169152,0.7398689177774298,-0.6040397117701723,0.7117300241775428,0.7399119805743207,0.7364606747944997,0.73986891777743,-0.8953247579960247,-0.8128873954550258,-0.918303525843749,0.8951919154186943,-0.8397576314590288,0.8953247579960251,-0.8540374856475669,-0.5507999661597274,-0.827327540486012,-0.8538902124419884,-0.8574537144659785,-0.854037485647567,-0.902853560685188,-0.5293968867770055,-0.9082496227326126,-0.9030138365883078,-0.8481527505538565,-0.902853560685186,-0.5628744968313426,-0.5790771670483088,-0.5854947344955875,-0.576025715114622,,-0.5628744968313425,-0.8520888976648989,-0.5557137460454119,-0.8425580711968181,-0.2738002705032338,-0.7915559972553252,-0.19842688024110866,0.6463353346550862,-0.5827290185861161,0.4461213169962924,0.17395231514602563,0.7472206139886408,0.23344584552829692,-0.48410619783766057,-0.737673785878576,-0.7359218781791408,-0.5261575243751266,0.011391252136912751,-0.48410619783766107,-0.008761272946731027,-0.7782548772414251,-0.6810749693394936,-0.07705624492614159,0.5187570050136945,-0.008761272946731818,-0.8936998756304805,-0.11640864816079485,-0.8522049105529222,0.8937028976983279,-0.9248950238816229,0.8924335133850548,0.5961868345340294,-0.5212401677265219,0.4303211824598275,0.4958174927867128,0.6269553610729627,0.5274865385723322
acc_y_abs_sum,0.4808124500560079,0.8232739444573207,0.7818063836549759,0.8105548507973696,-0.7300242548710506,0.8222467578085659,0.005435895933198693,0.9320080352954205,0.8327509510329429,0.9944952431174731,-0.7863006193382015,1.0,0.036998955423233754,0.7431457427408843,0.6360118302221381,0.7922538378800553,-0.8022487815209245,0.8079565603069457,0.21862248408261908,0.7343914561108729,0.6748306917764005,0.6759513679093868,-0.7421073624624076,0.6737277323055719,-0.6299323206458977,0.5965970415584365,-0.28940288689611327,0.7681759827371825,-0.7237486522579174,0.752052050304527,-0.6749830070081678,0.7685139515146427,-0.33193673212378116,0.7243476449708945,-0.7720754894838708,0.6909600739442856,-0.5823644061022447,0.6743558950717394,-0.4949116721306043,-0.5816451713277309,-0.6470316331783807,-0.5823644061022452,0.789561356194496,0.6563061939777549,0.790896589880655,-0.7895076081009018,0.753750408489049,-0.7895613561944959,0.6950956563988843,0.6546609538482216,0.7306176719530916,0.6955402818264514,0.6577021605393726,0.6950956563988852,0.7889040590844852,0.5352877005854605,0.8337885311838419,0.7890215856626002,0.7614996892440107,0.7889040590844826,0.7511185590916815,0.7755367348990553,0.7841868731380013,0.7704159125864634,,0.7511185590916813,0.6720347260277412,0.5941859819089056,0.7302240035020513,0.06649717726012461,0.5635534252721409,-0.020558188394008102,-0.8354377148676286,0.5950327223110878,-0.6422467500674197,-0.465097095474812,-0.903063372731623,-0.5183891800575025,0.28757631763684033,0.7936585199007008,0.6163880135759888,0.339806968835553,-0.30878347315218796,0.2875763176368407,-0.19534439300857398,0.8355729441979272,0.5066123518086012,-0.13248278788124165,-0.6871365925659558,-0.19534439300857342,0.8593851490053499,0.2824828723825878,0.8529794697486753,-0.8605840277867458,0.8655236976544477,-0.859079143018474,-0.7936178164203669,0.5335926750097244,-0.6439828038019183,-0.7681792889455837,-0.7847320990831447,-0.7893468837621171
acc_z_mean,-0.625197013219087,-0.118436752570157,-0.12384889653401127,-0.16563270191132612,0.12270446488356401,-0.17712637572410914,-0.8747796832801622,-0.05253185159814403,-0.19046948912998296,0.05626309801246231,-0.32467434968691317,0.036998955423233754,1.0,0.3588065268396513,0.5649548450609315,0.4100943636997441,-0.026040640356115804,0.3883050163916547,0.6312737788252332,0.40250547993422536,0.40582484324864404,0.5064606262310135,-0.4085132103511707,0.53454273603319,0.5045201585065553,0.03030134411580937,0.589551372369509,-0.34225120962398226,0.33504276416794293,-0.3722321373612343,-0.43742518932188706,-0.1855748910731105,-0.672521353668769,0.37683527152887825,-0.22472138397819463,0.43699322394366286,-0.6341632517837276,0.4053089732415657,-0.5964965321595537,-0.6338404186978297,-0.5598712278651099,-0.6341632517837272,0.3699518634852204,0.42289938485878276,0.4021475604442835,-0.36980081473877546,0.3384066116501151,-0.3699518634852203,0.5882299547799638,0.26317687591860417,0.5307092630652035,0.587937723026747,0.5811872557298078,0.588229954779963,0.39607818701554515,0.3196615967479212,0.3779763561370299,0.39638691936419174,0.26667358519156675,0.3960781870155448,-0.3692114754877598,-0.33434961074780783,-0.299633795206762,-0.3469099912201047,,-0.36921147548775984,0.5810012331611224,0.5134987332461983,0.5985778423111862,0.6317598513002982,0.43076077612556296,0.5618222396494205,0.13125485817712487,-0.00774668363208226,0.0825641231954512,-0.13809575732199506,0.07513135898299907,-0.13200647625900996,0.8406115036357837,0.010650786233204078,0.5503246081109804,0.8127754842423544,0.8591706724012128,0.8406115036357836,0.4623032185969997,-0.009767352625469761,0.3885641117757404,0.45980106187560943,0.23178168250714828,0.46230321859700035,0.313906164634331,0.10954064384998848,0.3000441019379209,-0.3095791615092153,0.30985932493521545,-0.313027876034568,-0.15591734561592183,0.3449818234165835,-0.031146047543925266,-0.022654764515564228,-0.23559961755074374,-0.04847264747842565
acc_z_std,0.3335005050735474,0.7421602666838377,0.7280316038131023,0.7100166041016622,-0.5439884018058615,0.7045622208106816,-0.2655419722330785,0.8108026181310998,0.7357131321869677,0.7844776764616377,-0.8656997103936402,0.7431457427408843,0.3588065268396513,1.0,0.9214211898069395,0.9791671705247453,-0.8796493113491449,0.9706470048693092,0.6324633916318679,0.9069755747575576,0.8982774891942564,0.9233624314304676,-0.7681199958715514,0.9294531302351862,-0.17295693562707387,0.4869183243647512,0.2039893301451332,0.4726649392927927,-0.34095096738672925,0.44793016664851815,-0.7465435698632863,0.5698018348093008,-0.5806733096890294,0.7643214382823665,-0.7410449947216169,0.7591661897512093,-0.8532424038079274,0.6944833499141201,-0.8448809298050094,-0.8532695591698993,-0.8612937623117639,-0.8532424038079268,0.7636336761465244,0.747015359722314,0.7914578452821425,-0.7634477740373075,0.7065834357176586,-0.7636336761465241,0.874442898637507,0.6277034219515634,0.8604654574616031,0.8744681778699015,0.8624314553007179,0.8744428986375072,0.7736596310325139,0.6282674305789815,0.8558644566988545,0.7740196298053548,0.6990594842742985,0.7736596310325119,0.40501802724190444,0.4177180980424923,0.4269285570698671,0.4153882784422239,,0.4050180272419042,0.825558982920172,0.5951032870356352,0.8433605725270481,0.42902572163071184,0.7517904944933264,0.3562397151304546,-0.5653792730109539,0.6859735922295731,-0.3191118483760515,-0.25154253377763985,-0.7252799892890786,-0.32677677054517285,0.5708517310567384,0.8043669612833434,0.8117490587010655,0.6112474338807794,0.017947264452731256,0.5708517310567387,-0.15281298698511964,0.7827586635647178,0.5190703694386027,-0.09446887042030405,-0.6259406627340061,-0.15281298698511883,0.8380270062135936,0.35269188681366626,0.8409143724983505,-0.8328681910937853,0.8293479772876431,-0.835456582221002,-0.6733279509631083,0.6240066479383989,-0.5050217314746593,-0.5845688235743568,-0.7312957442491729,-0.6202936082371923
acc_z_max,0.15060056297601146,0.6195125664444312,0.599479834673332,0.5900411811521734,-0.4504361351586008,0.5830446000300101,-0.4265971694571119,0.662908730476728,0.5495239369867599,0.6709776251538986,-0.8084430652704148,0.6360118302221381,0.5649548450609315,0.9214211898069395,1.0,0.9281387282593179,-0.6908022630027751,0.890423953684276,0.7491041252030198,0.8021016141924053,0.8201366434829986,0.8810349995418683,-0.6624078409952403,0.8979389123032568,-0.05288081105659014,0.41209685193332657,0.2834071313309193,0.35296567529552936,-0.23034741650994361,0.328642321722787,-0.7705621487797045,0.49005628895843084,-0.6605002746644945,0.7783284570087915,-0.7235159237241915,0.7846575998339468,-0.8452533988725272,0.7313730956615595,-0.8028571906552789,-0.8447208285371058,-0.8549399132907834,-0.845253398872527,0.6721759336946513,0.7487696271254831,0.7108682177373231,-0.6719368300700449,0.600493476149558,-0.6721759336946508,0.8410694258219928,0.6218200628624561,0.8329613300107871,0.8412108664713245,0.8120326206162148,0.8410694258219918,0.697081635116831,0.654207915117981,0.7763320268910832,0.6975702487283175,0.5807746375853492,0.6970816351168286,0.2979104254811923,0.31053820270040233,0.32315588798930406,0.30795245896635665,,0.2979104254811923,0.7686595327624824,0.7034637756371707,0.8344831858452901,0.3914724972748623,0.6189982413558913,0.30165796680332974,-0.39381162250016194,0.6317966377019107,-0.1663584675606811,-0.15092910796275819,-0.5667751048006817,-0.22024467427382743,0.6820235326643246,0.6881096046187172,0.8320169159629357,0.7117810091137435,0.2253667339976121,0.6820235326643243,-0.0052547151934353815,0.6652312927825217,0.5618699408854629,0.04461823689805704,-0.4658482878646503,-0.005254715193434539,0.7763013452950878,0.37751395693232487,0.7769311204037811,-0.7701554709491529,0.756084581233093,-0.7744294068819298,-0.5597342293300358,0.7103598752849666,-0.3276301745707679,-0.458305300691663,-0.6636883681576693,-0.50561049730348
acc_z_rms,0.28482100940005695,0.7504051551531531,0.7326160162449642,0.7213163172517818,-0.5887943268196636,0.714544030215222,-0.2979435972320435,0.7980388714433152,0.7123808444972229,0.8278801430059965,-0.8743908817687368,0.7922538378800553,0.4100943636997441,0.9791671705247453,0.9281387282593179,1.0,-0.8468454225709464,0.9931725364024129,0.6258613702247402,0.9299729346605186,0.9131893200967119,0.9464514194090321,-0.8335520230214875,0.9540408289233631,-0.2359918013230843,0.5432371537259794,0.16328526250781847,0.5299865043942195,-0.41205064250403145,0.5030221056404071,-0.8007854879816029,0.5968378857112434,-0.6498066029257785,0.8160552172266815,-0.8025976940490099,0.8117846555616619,-0.8983692655962436,0.754497309131292,-0.8659669924463177,-0.8983147233913382,-0.9069585665159943,-0.8983692655962435,0.7962049132455055,0.7705697559963299,0.8262236537725451,-0.7960173358817396,0.7405118260409118,-0.7962049132455061,0.9156932276094605,0.6786348756336509,0.9094701936978354,0.915727695397437,0.8939368363008003,0.9156932276094597,0.8099073224936655,0.6856558853080503,0.8950164071909918,0.8102945189520245,0.7180600263767599,0.8099073224936643,0.40280742060535457,0.4149163874873548,0.4243536261069134,0.41281423875473094,,0.40280742060535446,0.873468066150361,0.6834915333148249,0.9048783111456422,0.44730720834065907,0.7510822929327393,0.359855019798009,-0.6191838294912072,0.6979504319992862,-0.3635660027198175,-0.327434096480772,-0.7706091181332121,-0.40523544558372726,0.6072411138009987,0.7922351876789205,0.8393613894530377,0.6453237228439093,0.06726109854911881,0.6072411138009982,-0.18840430536584035,0.8189841216741548,0.5249905390649438,-0.1297965987679123,-0.6691205973739306,-0.18840430536583952,0.8930581822980175,0.4030569823583027,0.8969181687889698,-0.8883335870864416,0.8763633525008774,-0.890959235418026,-0.7572157909311645,0.677030420238803,-0.5645948657090971,-0.6669866392305306,-0.8132096506632449,-0.702504340677552
acc_z_min,-0.5238889329146577,-0.7799660085598445,-0.7660698982612638,-0.7580953596465901,0.5925893930089969,-0.759820417001965,-0.002445316673682561,-0.8904885832165528,-0.8528141837276915,-0.8383588792390751,0.7847495985531047,-0.8022487815209245,-0.026040640356115804,-0.8796493113491449,-0.6908022630027751,-0.8468454225709464,1.0,-0.8608057304630903,-0.35280455640691294,-0.7834814276587657,-0.7459066402530328,-0.7381999545945105,0.6886601227120759,-0.7336439290612378,0.3979641615622921,-0.5111948766001938,0.03678692000552869,-0.6274217208249118,0.49805208199038475,-0.6097882936290403,0.5983671665280647,-0.6140643091587551,0.36660962438575423,-0.6322765362740148,0.6645086400116054,-0.6094964831331457,0.6442760984957207,-0.573102693498309,0.6421144100009193,0.644368841308332,0.6789437573807664,0.6442760984957208,-0.7241359306583162,-0.58811943898599,-0.7272826576927545,0.7240785385479951,-0.6901698997469813,0.7241359306583162,-0.7103409651475314,-0.5488312435814876,-0.7103992011954622,-0.7104388079632022,-0.7025021453216499,-0.7103409651475312,-0.7185464236174263,-0.4974995313517277,-0.7818258560753003,-0.7187101156358568,-0.6999372505333414,-0.7185464236174242,-0.548826955001586,-0.5687256641188247,-0.5806580754488877,-0.5645503209390378,,-0.548826955001586,-0.6823591647763098,-0.4204477910843687,-0.6760466021422643,-0.23461062885090853,-0.6697112776533531,-0.1811690309334504,0.6935622342667788,-0.6546439488406791,0.4635937694503659,0.29536133229962597,0.8127950660477425,0.36941249006644544,-0.2852211889439997,-0.8070123802292899,-0.6228954351637989,-0.3346358611704081,0.31215032703560613,-0.28522118894399995,0.26788744667164727,-0.7821695542256635,-0.4109119176334438,0.20720698006523972,0.688837335425221,0.26788744667164655,-0.7745384521480445,-0.24949207103183882,-0.771553717123372,0.7718518038225571,-0.7797926449805594,0.771409869274518,0.6646736505029543,-0.46291253031171664,0.5622770860125468,0.6181723307757936,0.6724543883934755,0.6391676533242244
acc_z_abs_sum,0.29101589306584763,0.7464539692323824,0.726989315754639,0.7176207893723943,-0.5932296218140289,0.7130637375313668,-0.29608218239134004,0.8092887615528225,0.7231818969350841,0.8435600302137852,-0.885012318291761,0.8079565603069457,0.3883050163916547,0.9706470048693092,0.890423953684276,0.9931725364024129,-0.8608057304630903,1.0,0.570492480302049,0.9538246298788713,0.9187476929469107,0.9455886384596093,-0.8792340545442612,0.9508380177703425,-0.25509506573651264,0.5593563128619232,0.1540340769846208,0.5394874904976609,-0.42746395791540276,0.5107710342410877,-0.7816594440961193,0.596312798662174,-0.6299846062658231,0.7976580232827142,-0.7898566667940258,0.7919268743938095,-0.8996538888444502,0.7321263801898386,-0.8759712313508536,-0.8998039205321838,-0.9015621502649449,-0.8996538888444504,0.8323531041593529,0.7553623837483461,0.8559565814075465,-0.8322007679752543,0.7866043529941027,-0.8323531041593533,0.9291323481517386,0.6684162285415673,0.9175461519499553,0.929084358128307,0.9159134360848494,0.9291323481517373,0.838714631254665,0.656970490426143,0.9131818640001381,0.8390297413915349,0.76137178245718,0.8387146312546626,0.40620272412226927,0.41830182702581026,0.427517099983868,0.4162080388920161,,0.4062027241222692,0.9009848403593218,0.6460326178618121,0.911649734556546,0.48427949932580333,0.8013434305775523,0.4010294246527058,-0.6618317491504739,0.6752552694166458,-0.4184508620156144,-0.3805497399752397,-0.7988616976880001,-0.4558279303265045,0.5938784301288405,0.7956540641039016,0.8300386345943979,0.6325178639758493,0.05050188599726824,0.5938784301288402,-0.19442966472263368,0.8305147014387023,0.5253275948869913,-0.13469295393777694,-0.681205652444112,-0.19442966472263293,0.9033094376116383,0.3666969055394412,0.9036832662139903,-0.8994391298792815,0.8938026174199691,-0.9011679475732065,-0.7879486873501529,0.636716568663551,-0.6168798635584621,-0.6961594215654359,-0.8252413825532977,-0.7266774047802427
gyro_x_mean,-0.12107986785563711,0.3234256706612838,0.3451405962361651,0.2753905471774654,-0.09311252727253004,0.24516542083963364,-0.4800420252999723,0.2214645398236753,0.19821554442591702,0.25083628520301543,-0.387265518091802,0.21862248408261908,0.6312737788252332,0.6324633916318679,0.7491041252030198,0.6258613702247402,-0.35280455640691294,0.570492480302049,1.0,0.5778571869294108,0.7020839754873552,0.7488038767652325,-0.3149217769135848,0.7515560979580365,0.24696452929117177,0.38529455171332755,0.5496686172971202,0.04668563654831924,-0.015454368820350731,0.007395339696911032,-0.7115135049274002,0.13193822572701788,-0.8039781049502615,0.6653380659895242,-0.5311274449277131,0.7100622641745414,-0.7304789075510612,0.6940430123028248,-0.6551878957917228,-0.7294268700886308,-0.749065636984948,-0.7304789075510604,0.26278959303947885,0.5133879001835387,0.3391201008224826,-0.26249710680207955,0.1886259584006245,-0.2627895930394782,0.6115276585904358,0.5422321609521389,0.6155041304563782,0.6119821235415519,0.5364930321951543,0.6115276585904348,0.30538018994060767,0.659023385075698,0.4367959768993851,0.3061188732013161,0.16087613159574723,0.30538018994060784,-0.18304292480842657,-0.14691427457669884,-0.11656611805605246,-0.1593508526544939,,-0.1830429248084264,0.4835504054718301,0.6830242344611952,0.617935462628513,0.41390582599756404,0.2757241873142726,0.32842068162902327,0.041172792570192226,0.43560415849247164,0.1947758377556344,0.0007470101515075834,-0.15207100618279704,-0.04686981245779604,0.7202569824680365,0.4007459173068746,0.674251502260721,0.7194770471436326,0.4387241896157152,0.7202569824680357,0.02953774570297933,0.29738815278384506,0.27452690894484627,0.039703078693399785,-0.20424897139679496,0.0295377457029797,0.45565708566282415,0.6190719657924518,0.517278129656365,-0.4447614427357472,0.38702492203505556,-0.4540021912605582,-0.27835941073218723,0.6552741293979918,-0.07093634342111779,-0.19596013305265533,-0.4457764848859049,-0.2384818214163285
