,acc_x_mean,acc_x_std,acc_x_max,acc_x_rms,acc_x_min,acc_x_abs_sum,acc_y_mean,acc_y_std,acc_y_max,acc_y_rms,acc_y_min,acc_y_abs_sum,acc_z_mean,acc_z_std,acc_z_max,acc_z_rms,acc_z_min,acc_z_abs_sum,gyro_x_mean,gyro_x_std,gyro_x_max,gyro_x_rms,gyro_x_min,gyro_x_abs_sum,gyro_y_mean,gyro_y_std,gyro_y_max,gyro_y_rms,gyro_y_min,gyro_y_abs_sum,gyro_z_mean,gyro_z_std,gyro_z_max,gyro_z_rms,gyro_z_min,gyro_z_abs_sum,quat_w_mean,quat_w_std,quat_w_max,quat_w_rms,quat_w_min,quat_w_abs_sum,quat_x_mean,quat_x_std,quat_x_max,quat_x_rms,quat_x_min,quat_x_abs_sum,quat_y_mean,quat_y_std,quat_y_max,quat_y_rms,quat_y_min,quat_y_abs_sum,quat_z_mean,quat_z_std,quat_z_max,quat_z_rms,quat_z_min,quat_z_abs_sum,encoder_angle_mean,encoder_angle_std,encoder_angle_max,encoder_angle_rms,encoder_angle_min,encoder_angle_abs_sum,grf_x_mean,grf_x_std,grf_x_max,grf_x_rms,grf_x_min,grf_x_abs_sum,grf_y_mean,grf_y_std,grf_y_max,grf_y_rms,grf_y_min,grf_y_abs_sum,grf_z_mean,grf_z_std,grf_z_max,grf_z_rms,grf_z_min,grf_z_abs_sum,grt_x_mean,grt_x_std,grt_x_max,grt_x_rms,grt_x_min,grt_x_abs_sum,grt_y_mean,grt_y_std,grt_y_max,grt_y_rms,grt_y_min,grt_y_abs_sum,grt_z_mean,grt_z_std,grt_z_max,grt_z_rms,grt_z_min,grt_z_abs_sum
acc_x_mean,1.0,0.06307017227590764,0.48151932135060577,0.14098731153767935,0.5057352439730896,0.15663595886683598,-0.5687551025131182,0.2936596814147297,0.24564659250728257,0.30114108667345757,-0.42071650445832615,0.2609285819033255,0.3437274460133212,0.011034805577289185,0.31391217334922294,-0.2666087036019859,0.34740060671745365,-0.3556510365923399,-0.3424210435740165,-0.015299799960435722,-0.24391341939122044,0.1324086887740196,-0.2937253805781289,0.13723122335532084,0.5155811743514929,-0.24211677716045993,0.322374460306816,0.22674774418479648,0.5034144063986785,0.2672283517950021,0.4098447693066888,0.15957406737496693,0.3057939493695347,0.30987097083139786,0.2782659869333219,0.29071787895838663,0.4662212642556271,0.31019886178771894,0.5363573785690756,-0.4644539434784651,0.30175323209012794,-0.46622126425562666,-0.5316206967398726,0.21976231901531204,-0.41490170034924334,-0.5303210080000538,-0.5358995637837194,-0.5316206967398736,-0.46091601598984583,0.12875138437997805,-0.3401125115715922,0.461804938701286,-0.4985959256163936,0.46091601598984533,-0.5127403129137247,0.2448778305815375,-0.3429250031889024,0.5159007914200837,-0.5663605935238595,0.5127403129137238,-0.003717599758856766,0.09212164693633562,0.037899064930933785,0.005579113701998268,-0.04920886356040287,-0.0037175997588567134,0.06702652513967065,-0.017563743906691503,0.07321043022487342,-0.017378227383185462,0.08872754135871291,-0.01873098156353981,-0.15213143372177193,0.03808765989232576,-0.1422073693209142,0.14760015043687078,-0.2406503207089874,0.14623134525774342,-0.07349952006050162,-0.010975421675116092,-0.04635270345698848,-0.0957260779285005,-0.06066031593349066,-0.09237580952338321,-0.08831493076952457,-0.013642558227743806,-0.04108544736094977,-0.0779379038052968,-0.15050916239846768,-0.08059058825510454,0.10053342244744058,-0.12457517216416836,0.05641969446265584,-0.11662424764949736,0.11710614168259492,-0.10768227940156735,-0.04446259751310675,0.06062876660360431,-0.009296941008035386,-0.018399994384382157,-0.10187320603529063,-0.028363646345784907
acc_x_std,0.06307017227590764,1.0,0.7774045555775284,0.8331733881063212,-0.7301923296251657,0.7705068200687395,-0.10193920559289979,0.5640493260901315,0.3404356612328355,0.6350576869066196,-0.5837779438075621,0.6575280210568224,-0.33607224082421866,0.4706960650427492,0.23756188892913185,0.4475053659565733,-0.5974770666171562,0.41862413333077064,-0.19024815356319652,0.4517236526584866,0.18231583250648137,0.5156716670450848,-0.4849814467546366,0.510000549126049,0.33072766278516613,0.5346073520413752,0.5356098347155395,0.5600227880247848,-0.026594163938505007,0.5340885208865859,0.411004954549595,0.6076579634376041,0.5952041969937695,0.5924489801226356,-0.20808929145628952,0.550741016280664,-0.4289397263068702,0.49313140588509413,-0.2948540879411928,0.4301904830193191,-0.5175178686517627,0.42893972630687055,0.10892864165972897,0.5128923544383648,0.26328788161791133,0.11150480918485853,-0.08350453206977132,0.10892864165973117,0.37787177242089237,0.5579418719329096,0.45890895171965146,-0.37662304366177274,0.22333738233627476,-0.37787177242088893,0.3787633028592406,0.5412990585744365,0.5026704196919856,-0.3758156818897391,0.20748337294907312,-0.3787633028592393,0.6429027368418218,0.6464244425014702,0.7229103075841798,0.6676617352875596,0.46346407053536515,0.6429027368418219,-0.23898273787391214,-0.29246688500746865,-0.293494631000841,-0.37207962688154433,-0.15123230161002477,-0.3786234296437216,-0.08567904628127518,-0.14772250981026008,-0.12907773328230582,0.07939118633491775,-0.059476375115041225,0.08880617361922491,-0.6934416626686577,-0.2986293461135499,-0.6803594748913636,-0.6731641232233527,-0.6163941805990616,-0.6655225370265465,-0.701557511495889,-0.1580001431577211,-0.6057627833048713,-0.6620922349644012,-0.6728131985765148,-0.6753101993648146,0.5309081307025254,-0.2885790414828218,0.4722764484353214,-0.48368971973114183,0.5437944306027945,-0.47997072709487915,-0.3396684934849485,-0.36188155343734163,-0.4149884817428047,-0.5598010797686063,-0.18809047662391823,-0.5471568880364169
acc_x_max,0.48151932135060577,0.7774045555775284,1.0,0.649378169039641,-0.22064797389787857,0.5820714495720402,-0.39281050420971225,0.5265328910813014,0.2670782731385734,0.5469462232686717,-0.7214455637609183,0.5160284956694654,-0.08042958032953369,0.3420579685372168,0.34570384290817563,0.19197965734813205,-0.2756314799349397,0.14378788663572817,-0.20156257838039465,0.2958500736712724,0.077204156664121,0.3829237120025744,-0.39264136306516045,0.3710341737707119,0.34903998672961173,0.2410544778076588,0.42063839617503146,0.4033764494269923,0.13663248765291844,0.39974955430776604,0.3150155764508561,0.5048355557476627,0.4652246252736012,0.49719182114914373,-0.2908024015107815,0.44600349535756545,-0.11998891137732641,0.39378949459391294,-0.026977336315043985,0.12132302033958307,-0.22984449083247496,0.1199889113773272,-0.03541757610481267,0.3807061535075234,0.0958776421615495,-0.03348455053724442,-0.15315089683619695,-0.03541757610481167,0.12301087579537574,0.35687595017233137,0.20893591698969644,-0.12209084503460574,0.01892232290810559,-0.12301087579537379,0.08382270826913402,0.4269667870270444,0.22625211568489687,-0.08085590106894686,-0.025617216736044682,-0.08382270826913363,0.4326413949690696,0.5455981030222589,0.5358634524763267,0.45993580577911164,0.2611301864920874,0.43264139496906934,-0.1431016495573701,-0.11187564987922013,-0.15542925602442006,-0.20060678487036585,-0.1401731952428361,-0.21180868074360804,-0.18092409809678464,-0.06057808915961415,-0.17133831286380388,0.17698436697924216,-0.20596153068672207,0.1803812674212447,-0.45044421861447104,-0.17671213547300207,-0.42838815303180733,-0.44195693359756993,-0.40229463484808126,-0.43793725417344315,-0.4762447334001259,-0.08185932554508252,-0.39761134044858387,-0.42821536613298755,-0.5045954151747369,-0.4375088861869892,0.3795646752107506,-0.2107921339236154,0.3340378054215565,-0.3416902631050049,0.38380587232019686,-0.3370803043832365,-0.22011954960596897,-0.13759530969958875,-0.2224465282125908,-0.3302441887306322,-0.1742414349095741,-0.32951867899029125
acc_x_rms,0.14098731153767935,0.8331733881063212,0.649378169039641,1.0,-0.5879289098648359,0.9906870005182202,-0.14974718978586096,0.49284476422979656,0.3276506267566693,0.6324751666208983,-0.4840814594332612,0.7103090117366714,-0.4584198424302838,0.3646022128615825,0.09994310992934995,0.4344166915017708,-0.6358379522083937,0.42253006186855785,-0.3618234310410832,0.43279071201919705,0.05226382457192439,0.5819500805553692,-0.5946092982901325,0.5860266672126551,0.44164750687827187,0.5801242244104164,0.6757360256358776,0.6838190942973494,0.07812773601340962,0.6665502903101976,0.5701869176734159,0.8223689437576267,0.7974795232292821,0.7287187905592871,-0.1227919257588292,0.6713228366338135,-0.41187001041468746,0.6195450909100163,-0.2517995445722922,0.41361975790340477,-0.5475380347184,0.4118700104146868,-0.036571416842323255,0.5507901109018731,0.15337247394211642,-0.03387445364959657,-0.2159338673665322,-0.03657141684232171,0.31708740600881585,0.5991270213731748,0.427079348285513,-0.3157697916034444,0.15544792239511293,-0.317087406008813,0.33927863035906314,0.6320685552470466,0.5109291996228669,-0.335611799865625,0.15410508595646874,-0.3392786303590627,0.6733935187116125,0.8197804530395695,0.8108315186305458,0.7147925929465809,0.4281292214020817,0.6733935187116123,-0.262165951779844,-0.4122867046410601,-0.34815097442660303,-0.4532763829626809,-0.10844317138925016,-0.45299877214215095,-0.04582727359227189,-0.2001356402283209,-0.12618709313742912,0.03663977633727957,-0.008083972341223048,0.049424104055894674,-0.7617757781824838,-0.3943326806411878,-0.7796765332970054,-0.740158254528794,-0.6517072659971161,-0.7248963940452102,-0.7643116662378815,-0.24304121167818304,-0.6875340861276975,-0.7415261972751807,-0.6892028566620794,-0.7483546661584716,0.5588264654866019,-0.34160217856438446,0.4811171014068307,-0.5213752149491594,0.5911455432408217,-0.513707190046592,-0.3788303245156923,-0.4878933682669601,-0.5091878373421844,-0.6220589761109508,-0.18146096945900667,-0.602949724383203
acc_x_min,0.5057352439730896,-0.7301923296251657,-0.22064797389787857,-0.5879289098648359,1.0,-0.5387108364511464,-0.34904032502524773,-0.41853347912699446,-0.3386591776865554,-0.481046403140845,0.2533862376195025,-0.5124024051272297,0.4381187031503216,-0.47744315575400054,-0.12044667294401123,-0.5864392328475883,0.6884509365646277,-0.5828622441591819,-0.05316974364142577,-0.4217826097329833,-0.327740286280789,-0.40387855311016885,0.2689895655575291,-0.40073505885871336,-0.016219431120769415,-0.6154038531257611,-0.30219513203902315,-0.3641412862530282,0.3201213583059859,-0.3173017225990752,-0.11105783199075608,-0.3916666744809176,-0.3174095453791259,-0.2665021509397898,0.2537864581778256,-0.24833530861149913,0.5801013031070593,-0.18912209246947853,0.5237455050361177,-0.580036171833208,0.5597611511037861,-0.5801013031070598,-0.34054821124398293,-0.2894130035881044,-0.39675694362673164,-0.34190804850389855,-0.18925499769880674,-0.34054821124398493,-0.5440189803473632,-0.36469378694123283,-0.542351146041166,0.5435800632479756,-0.454895080898474,0.5440189803473598,-0.5570523869949077,-0.27064207480185376,-0.5576196012230069,0.5566652683591709,-0.4477131692610331,0.5570523869949057,-0.481282046477433,-0.4450010024047229,-0.5296565695783586,-0.4982516740747901,-0.37376974307958105,-0.48128204647743256,0.22643407477983166,0.20033115117361186,0.2527319635867923,0.29569523700323885,0.15148751221328513,0.3047923333950033,-0.047508779355813456,0.08958361142631957,-0.013039199803717615,0.04563634426140518,-0.08679333495223722,0.03888237241522935,0.5727869519511543,0.18934209067361718,0.5421988087567237,0.5454448071565311,0.5368599534443547,0.5478886681003742,0.5612318728959769,0.075903553633309,0.4735006863126924,0.5315677954216891,0.5434053706209465,0.5490030333257462,-0.4085758854300098,0.17266097304661626,-0.38657050172945884,0.36122418456624167,-0.4065475092800527,0.36479620964243703,0.2785302116223457,0.32171560232494356,0.35441233618749574,0.5044353202327201,0.13791302638048297,0.4909976474705465
acc_x_abs_sum,0.15663595886683598,0.7705068200687395,0.5820714495720402,0.9906870005182202,-0.5387108364511464,1.0,-0.16736755903846162,0.45542612082329526,0.307468307500857,0.5989560543269301,-0.43342725334176535,0.687884387090466,-0.4551959507264243,0.316125200410141,0.05673907587458637,0.4018845110492742,-0.6070637274894073,0.3951560435859264,-0.39459889668062803,0.4100208010265368,0.01129851972755229,0.5756886761290897,-0.6056864509699302,0.5825321549987712,0.47603454390182537,0.5718110806088678,0.7009768463228286,0.6982954850340402,0.11490966748897963,0.685200871738798,0.6213280672436307,0.841970903690669,0.8325932600680811,0.751191931093577,-0.05692749754866522,0.6944573547659884,-0.3951899853498587,0.6468026262607928,-0.22646696003523478,0.3970652387909764,-0.539616753219412,0.39518998534985894,-0.08138289221565487,0.5599897774856122,0.11694449582646912,-0.0786169714500964,-0.2585119372860385,-0.08138289221565342,0.28561361902424565,0.6067368620314111,0.402006860007454,-0.28423849645711746,0.12044348530803896,-0.28561361902424287,0.3180528366538177,0.6491579769438188,0.49801815355023316,-0.31420087195414076,0.1273453543122334,-0.31805283665381706,0.6748958545850169,0.8171629736111348,0.8084181984462242,0.7158850544917347,0.4314236946471995,0.6748958545850163,-0.25191649387910375,-0.43579662614480896,-0.34744600516089125,-0.46453740433456236,-0.08442797198593041,-0.4619988069575865,-0.03771554122401954,-0.21707414411564335,-0.12833346556070635,0.026211232981773084,0.00610081953662956,0.04004583389691423,-0.752121791861312,-0.4086727330793265,-0.7770262741768144,-0.7301277770750862,-0.633373198015167,-0.7129804636381303,-0.7546717881696874,-0.2621158693889943,-0.685171223818445,-0.7383279391460719,-0.6640022373075581,-0.7435484644010766,0.5492669414341097,-0.34337568915771555,0.466003341812563,-0.516790637354042,0.5826293761651817,-0.5089383058295318,-0.3711059694379118,-0.5127741158297823,-0.5138102656249695,-0.6177577882493497,-0.16351290909577618,-0.5967724058530459
acc_y_mean,-0.5687551025131182,-0.10193920559289979,-0.39281050420971225,-0.14974718978586096,-0.34904032502524773,-0.16736755903846162,1.0,-0.03184828893310959,0.18556380743639703,0.010213070399535,0.3436025390487835,0.024544163464855155,-0.23710976160953126,0.3244514041206614,0.043373196956591614,0.3803932170632238,-0.4386931059117882,0.41253949010804564,0.40241931903472217,0.04860231892655019,0.28696346623860786,-0.0022515128442723996,0.2592825914824666,0.008802305370068663,-0.37869116667500047,-0.002903166437311612,-0.30729834864924205,-0.2730596832318777,-0.31134794880150357,-0.2956294623944054,-0.4472439679176878,-0.14003354290599443,-0.30180631418717113,-0.34692904160655746,-0.2926241545158063,-0.347087895248303,-0.24755003211753113,-0.36574490583968766,-0.35629070245268724,0.24594962577479873,-0.12252051602598027,0.24755003211753032,0.27909351488592166,-0.25535661080267785,0.17382378156010472,0.2777963944792534,0.33130725111835946,0.279093514885922,0.2259614418727431,-0.23678580891505932,0.13453833471515533,-0.22689487787987891,0.3205739403461089,-0.2259614418727427,0.2908968119168983,-0.31161224633535,0.14413397128147168,-0.29392843268674285,0.3709056615731775,-0.2908968119168983,-0.16203935559591712,-0.06771430588611621,-0.11958285079056699,-0.1525736031627152,-0.12768610809453187,-0.16203935559591703,0.030848063965237295,-0.12153492179352242,-0.00852216962637014,-0.09122148261081693,0.07918669452316317,-0.08665042108022113,-0.060484037047957455,-0.18908805601471956,-0.09848319150885267,0.04365525709265058,0.06096937085674196,0.05508329146181843,-0.13491718485894966,-0.14939307195916354,-0.14493042953626506,-0.14129119397441664,-0.07159709385462831,-0.13200176055313192,-0.1590403819909844,-0.17509584649247692,-0.179407553015193,-0.1899441729072812,-0.051819076466799834,-0.1764129422514733,0.12984476719598767,-0.18726245391343802,0.03529124615754789,-0.13666425685797162,0.14470658622659519,-0.12612991275958008,-0.08948377213763191,-0.15912015370152677,-0.13785627280087426,-0.14009942088581467,-0.014254176997471947,-0.12617892063551703
acc_y_std,0.2936596814147297,0.5640493260901315,0.5265328910813014,0.49284476422979656,-0.41853347912699446,0.45542612082329526,-0.03184828893310959,1.0,0.907703097508774,0.9229115999935998,-0.8406727950353119,0.7872665473651623,0.08616343982915493,0.594191687027129,0.7006793264810964,0.4235678751166414,-0.16174906532286884,0.27382377996275936,-0.15960993293050263,0.437741509508003,0.19264139204974934,0.39784593254795936,-0.4953593140984988,0.3917543862626331,0.2575712316981465,0.4000924867877887,0.40881014529056775,0.32117325677096653,-0.06855907912852256,0.28838655227485427,0.0960633791507052,0.3514841641914136,0.2894338638840311,0.12947528046346019,-0.2610864190067538,0.07711506398711543,0.12010816676936265,0.06700645969723279,0.14006429135255338,-0.1199575829808619,0.07489420589448484,-0.12010816676936284,-0.2402478239869259,0.16487372354746443,-0.20365081712095393,-0.2397672574513616,-0.29337998044053665,-0.24024782398692426,-0.07881676939526167,0.059753120821366155,-0.07585762869226148,0.07885425960120049,-0.11260724527348585,0.07881676939526491,-0.17359193072523244,0.10262626789938005,-0.1083191676263469,0.17414227634612175,-0.221109218454223,0.1735919307252333,0.13134498188372415,0.2663664036139893,0.21792818710989728,0.15338855888480607,0.03803080655716759,0.13134498188372398,-0.05840779251513231,0.09816129416602223,0.012685453529386163,-0.12984286956646193,-0.08268561350414351,-0.1612071968317926,-0.1729481483461971,0.158189623473171,-0.09589104436583093,0.1862218217628629,-0.31496027487029743,0.17821211335182563,-0.44957373014309754,0.05952548006874965,-0.30320230853814895,-0.46242550880538436,-0.4800264141200918,-0.4803283135003981,-0.4791377044684567,0.15051894788071926,-0.25289064856491295,-0.4015454026109557,-0.6831616512055922,-0.44810024213458216,0.3960440686110068,-0.1263120249639691,0.37995478143112094,-0.3572133511873834,0.36018184235277423,-0.3648571405367055,-0.22339037617423707,0.027641752821702954,-0.1582627224672359,-0.33894102193117454,-0.2683389481968281,-0.3545339162092057
acc_y_max,0.24564659250728257,0.3404356612328355,0.2670782731385734,0.3276506267566693,-0.3386591776865554,0.307468307500857,0.18556380743639703,0.907703097508774,1.0,0.8346352321152513,-0.6253777117582967,0.6847774253400511,0.041853884632577866,0.5438435291661193,0.655535733814564,0.3439538666767642,-0.1369379108149822,0.1845793157013483,-0.15986098124315568,0.3644982820511512,0.14250574471136285,0.323383262780528,-0.4479153644522231,0.3306873786503961,0.24656686432470284,0.24945816876308666,0.33867130015631514,0.19425800261622037,0.0067550520077681205,0.17233050202603342,0.02078854077542811,0.2237225618257784,0.18595410150611166,-0.030046178382739805,-0.13676893734610468,-0.08226040144924635,0.23578990747099302,-0.07546699870520654,0.21269071932930922,-0.23597344872803974,0.21186390519596202,-0.2357899074709931,-0.3338149365923081,0.05079561387443574,-0.3264515294503914,-0.33397934592633843,-0.34100917596326047,-0.33381493659230793,-0.20442238479911531,-0.07034386645499963,-0.2157382482381788,0.20418509490620776,-0.19420930747574947,0.20442238479911656,-0.27347331612701775,-0.05343764764079342,-0.2431246558080585,0.2731826575478993,-0.27788855879521374,0.2734733161270179,-0.03375039584712033,0.13180011867040217,0.055320376642726016,-0.011868015267255467,-0.08266819957503742,-0.033750395847120356,0.04681731939969598,0.1207933096609178,0.11987327093408232,-0.05902747203905022,0.04103121885929405,-0.08701472013173536,-0.20061998298274122,0.1320449964125095,-0.1378004102817727,0.2104547273932301,-0.3434365845332788,0.2037892647103305,-0.33489891898622065,0.07647595186141178,-0.20413323185311533,-0.36181186463858983,-0.3659046980147376,-0.3775498255497827,-0.38518827561544344,0.091376817803541,-0.21297864705880068,-0.33431346035649356,-0.5722033822329082,-0.3657193190941955,0.33353209819516794,-0.1858329992486737,0.287349872794354,-0.3194284793845755,0.3335815801746807,-0.3168843526117505,-0.1936857665073719,0.07304444193902941,-0.12574547738525405,-0.24415685237806362,-0.2667457303013623,-0.26191170688834
acc_y_rms,0.30114108667345757,0.6350576869066196,0.5469462232686717,0.6324751666208983,-0.481046403140845,0.5989560543269301,0.010213070399535,0.9229115999935998,0.8346352321152513,1.0,-0.7596481341200492,0.9503494705537949,-0.06678668958124376,0.6574161720651853,0.6330708037918032,0.5295057114415946,-0.351776607071345,0.40565669990955294,-0.16420807766169687,0.44482303018146563,0.197110533108963,0.44788257136732923,-0.49042123124384146,0.43923440538004754,0.25548112427703756,0.3939124608859985,0.4167209977541272,0.4314355329614725,-0.055538846085248506,0.40739097982724015,0.17590313025639864,0.4328259941978767,0.3767671036601498,0.28422090684257706,-0.2558918035496026,0.24476853574985938,0.0065026965215858185,0.2312843069373143,0.06383488171279915,-0.005919656267963531,-0.07688650064524744,-0.00650269652158591,-0.2248379467992948,0.22027712648697503,-0.1511575069753634,-0.22406299181358763,-0.28362455758478633,-0.22483794679929184,2.066568994389588e-05,0.1961102995365961,0.03843839444780211,0.00025482727443948666,-0.055586363088201286,-2.066568993972211e-05,-0.08084165397236721,0.23483703606202097,0.021831519033233333,0.08200015765338707,-0.15840543034116078,0.0808416539723683,0.19518005300379077,0.40392342231857664,0.3198715422043049,0.22563239811960653,0.052156095148428276,0.1951800530037907,-0.12020165217672042,-0.08319355496925475,-0.09998839108217877,-0.27009078378008017,-0.07638486109632256,-0.2931097844891406,-0.13707781313348946,0.02929749940818609,-0.12322493158314153,0.13976807296742558,-0.22510198863574632,0.13954728143538883,-0.620382258934111,-0.07082179420074024,-0.5050216646134058,-0.6193901948704249,-0.6177509545628792,-0.6309710749160259,-0.6370552008856291,0.034328652929420854,-0.4422376323041323,-0.5744980798344453,-0.7720178401592899,-0.6130820876809757,0.5121289550180127,-0.22134173227831413,0.4754193158788453,-0.4719330597002202,0.4982835710465098,-0.47479595772834515,-0.2842351351252482,-0.15519474587595133,-0.2825576667579261,-0.49353190495143456,-0.23957326520139177,-0.4972918500335053
acc_y_min,-0.42071650445832615,-0.5837779438075621,-0.7214455637609183,-0.4840814594332612,0.2533862376195025,-0.43342725334176535,0.3436025390487835,-0.8406727950353119,-0.6253777117582967,-0.7596481341200492,1.0,-0.6225767816106597,-0.13105292035968494,-0.41783396459475963,-0.576533820125836,-0.25264726143538874,0.04876349077700392,-0.13644076552148862,0.19055308922957304,-0.36681424087822323,-0.12058178732907156,-0.32263984909471694,0.4681929608215607,-0.3090336524768005,-0.2725740881226416,-0.3150526102828655,-0.3858758034260894,-0.30642661587182857,0.0017913558662061967,-0.2850014283404057,-0.1508224119291886,-0.3191234573102617,-0.28919130793993225,-0.19141015108777423,0.24168573891541947,-0.14566676660141703,-0.14045412965142545,-0.12688254352871725,-0.17539933252367856,0.13994703594257069,-0.07884986676338249,0.1404541296514253,0.21570248730969666,-0.18195297161215898,0.16620894525321475,0.21500732062771474,0.26812488114750915,0.2157024873096944,0.07627806915331327,-0.12081357965716134,0.05209276922235165,-0.07654084630793914,0.13044393697977696,-0.07627806915331618,0.1977864320752102,-0.17231468016597162,0.1061711198948126,-0.1991193198862054,0.25620389964782236,-0.19778643207521115,-0.18186029828216663,-0.3183795360474692,-0.26491739201404524,-0.20366581968911882,-0.06462536437779659,-0.18186029828216638,0.0598138456851757,-0.12703480813275445,-0.015305783285188966,0.07006224475414799,0.11493706842235193,0.09745788502028847,0.1668973470723904,-0.16611113907495703,0.08557028693165276,-0.18217783710146643,0.29124236527637704,-0.17282823218173082,0.35162818994632467,-0.0925167390795387,0.224893380316421,0.3653398127856842,0.4009410678541441,0.3853200614025771,0.371071458968274,-0.19444833081853483,0.15876287254382235,0.28930759770885095,0.5895052856771492,0.3327781499007553,-0.32341167523557296,0.0665360206718106,-0.33953386431785654,0.2822632128505196,-0.2893974753567325,0.29017126059561676,0.16138147966630448,-0.11607954642336653,0.075362833191306,0.25094812761928237,0.2405497695623065,0.2715967270853115
acc_y_abs_sum,0.2609285819033255,0.6575280210568224,0.5160284956694654,0.7103090117366714,-0.5124024051272297,0.687884387090466,0.024544163464855155,0.7872665473651623,0.6847774253400511,0.9503494705537949,-0.6225767816106597,1.0,-0.1187429487971977,0.6874720863873096,0.5593887490497388,0.6288297018637218,-0.47182017046207153,0.5397893320788405,-0.14204639780360337,0.4538652821791125,0.22823311553518907,0.5190126410009582,-0.4508019187229589,0.5089916510111022,0.21799963490066057,0.4412447608103052,0.4063210573071814,0.5146946146654525,-0.09988542495903985,0.4913970005477245,0.2514228406893468,0.5265043156957487,0.4626513684940929,0.4232892702256802,-0.2460143974411802,0.39005090051237806,-0.15201957410228784,0.3836448905230323,-0.058461641863124206,0.15292155889264394,-0.2616681598999161,0.1520195741022873,-0.14216557649935593,0.2868757932553124,-0.03668754168283542,-0.1409705032726177,-0.21989740526652626,-0.14216557649935224,0.12277670621025313,0.3086773825150065,0.18176302612050257,-0.12231097330884098,0.04618514864594482,-0.12277670621024842,0.06905622343572307,0.3606979174783708,0.19518942368109657,-0.0674251492298865,-0.03808938430796887,-0.06905622343572139,0.2753264331587749,0.47779798903020115,0.40564621358693354,0.3072859349846905,0.11482174833910143,0.27532643315877503,-0.20434739907767827,-0.2384050851032369,-0.23350587687833513,-0.39975942645630286,-0.11068722281364268,-0.41446073156937113,-0.06567681781525607,-0.0514568581999618,-0.09756970165535662,0.06109511534380381,-0.11056900004386898,0.06617921215025967,-0.7409957668548243,-0.17074801858348002,-0.6496334115385275,-0.7223895428854267,-0.7051342945174938,-0.7276563538022873,-0.7291514258915887,-0.024371252037726606,-0.542512284386253,-0.6747376933509687,-0.7917224542129827,-0.7140828213057928,0.5656493825010559,-0.2169533558111989,0.5297787059968363,-0.517641971120325,0.5382449540608303,-0.5252622564540472,-0.32523113565007367,-0.31085516024200643,-0.3759623339663677,-0.5997992010963717,-0.20281484257345228,-0.5948901372059504
acc_z_mean,0.3437274460133212,-0.33607224082421866,-0.08042958032953369,-0.4584198424302838,0.4381187031503216,-0.4551959507264243,-0.23710976160953126,0.08616343982915493,0.041853884632577866,-0.06678668958124376,-0.13105292035968494,-0.1187429487971977,1.0,0.17675993852464122,0.5844854813912708,0.037487571628401294,0.6974498991133101,-0.041966511666915854,0.12847887662150545,0.061071365734779684,0.13540583817648452,-0.005804550141723789,0.08134781464764541,-0.034663112016984396,-0.17749498087907775,0.0036189325809288984,-0.20310053863436942,-0.04014817020207372,-0.21945143053175714,-0.05622261717840243,-0.21819607746600572,-0.29730686086862257,-0.31022146108866017,-0.22758177630651652,0.00587275514300592,-0.2153207457846429,0.31898180931699166,-0.10839503399194865,0.28773458292026444,-0.319139342215972,0.29810940346410114,-0.3189818093169914,-0.006344479968925709,-0.262923273750186,-0.10607350926921903,-0.00737511280022112,0.08039605364635406,-0.006344479968925905,-0.20792217616246544,-0.2645966502453572,-0.24120920025375106,0.2074487752798075,-0.1440157268552672,0.20792217616246528,-0.29588986948802964,-0.17090072128987577,-0.30334281721596756,0.2952920557144159,-0.2266517931978023,0.2958898694880295,-0.3663019643106463,-0.48232343641173414,-0.46089365270936605,-0.3899781968161227,-0.2130182582239117,-0.3663019643106463,-0.03225196486039154,0.42452795205993005,0.08924167749163141,0.19543507452547207,-0.21198415273482443,0.17198917519149906,0.17332653793731867,0.4466526284032259,0.3191317642401674,-0.13755710118573544,-0.0042351921316481165,-0.16288800522376692,0.2402859571337804,0.5755865564701453,0.45142582949010085,0.2518917122398178,0.05621969819095216,0.20480838414193267,0.3512816430818682,0.6672445622026495,0.610324519939024,0.4360723259098096,0.05766366285875648,0.3488577145118532,-0.2693046422065685,0.654467099830538,-0.058774438362104615,0.31406639722592516,-0.48837085790175716,0.25040840036537526,0.10762484445102498,0.4657232715755229,0.2957639626833428,0.2349230282545114,-0.0946212153403166,0.18978356941558744
acc_z_std,0.011034805577289185,0.4706960650427492,0.3420579685372168,0.3646022128615825,-0.47744315575400054,0.316125200410141,0.3244514041206614,0.594191687027129,0.5438435291661193,0.6574161720651853,-0.41783396459475963,0.6874720863873096,0.17675993852464122,1.0,0.8071910754093716,0.8525392287959545,-0.4854043813913948,0.7576238010319326,0.19409853868983212,0.4764032206277626,0.4998120199257547,0.5018391458626602,-0.15714175743633335,0.47898099416924395,-0.13968123880932634,0.4819288337294732,0.10823348208347214,0.35573094479034045,-0.42859238085349377,0.30402914365415395,-0.13445603366545747,0.2757017082042991,0.09054576159641772,0.12286949569908763,-0.45837971302015496,0.0790701145416488,-0.3023629362721772,0.13161913245945658,-0.28915912920310166,0.3022103103793847,-0.33079341759275277,0.3023629362721766,0.2197358539354217,0.015937611723903435,0.21187367257784911,0.21976853064850152,0.19291029398522064,0.2197358539354241,0.3254566030146382,0.08989952515619004,0.3108204080626973,-0.3256587454420872,0.3165864245993484,-0.32545660301463475,0.28422350880683217,0.11122839244106976,0.30372103547695833,-0.2846010631956452,0.2621758636923313,-0.284223508806831,0.07197122368098421,0.24768243910577864,0.18056573498514422,0.09799053547776337,-0.006765003108638481,0.07197122368098416,-0.2565433529981551,-0.14081429074803012,-0.2553283527085582,-0.3172871853312053,-0.21572726214642898,-0.3307463538972103,0.08993816756112381,0.04527277436738572,0.07638634485349532,-0.0846869288623985,0.02993534856635639,-0.08509689118785842,-0.6060891223810628,0.06459333807263151,-0.46099847861796733,-0.5684999636330854,-0.6681606885681037,-0.5928369929047118,-0.5299506974670495,0.20723149146739747,-0.3084219928220679,-0.4606009293368838,-0.6762096479298614,-0.52056073272407,0.401403440721204,0.04558939709327293,0.46993219037536665,-0.3368096385097851,0.3151374530036218,-0.364518954761422,-0.27140383337663276,-0.12951209480368903,-0.25062489363594403,-0.4927710905635304,-0.2138721643723371,-0.5053590637117813
acc_z_max,0.31391217334922294,0.23756188892913185,0.34570384290817563,0.09994310992934995,-0.12044667294401123,0.05673907587458637,0.043373196956591614,0.7006793264810964,0.655535733814564,0.6330708037918032,-0.576533820125836,0.5593887490497388,0.5844854813912708,0.8071910754093716,1.0,0.5810469006893062,0.06746212759654033,0.4261348995659816,0.08395555001311185,0.38957984881723545,0.35841510477728195,0.34669100838714095,-0.19930177648531114,0.3192976523596678,-0.10786934307554072,0.3049944476623308,0.033911858277511565,0.23286484297083726,-0.3416028570941078,0.19008234188108575,-0.21869484762529323,0.05629721551800022,-0.07547560135239052,-0.07413623558783565,-0.3582328006637305,-0.11299307074395303,0.12163123571632933,-0.02124776177877114,0.09834278299615043,-0.12188590723936653,0.08382904805164883,-0.12163123571632989,-0.010548484467117187,-0.1417437853538559,-0.07043079509085352,-0.011390993759769557,0.03374434022482719,-0.010548484467115595,-0.03227584077257769,-0.13081149099002687,-0.06198587743185969,0.031766049126584636,0.0028952552067117495,0.03227584077258025,-0.12778434569173816,-0.07254492146683666,-0.10938184415423352,0.12700821815966837,-0.09211321759953571,0.12778434569173863,-0.1734538889517519,-0.038252197030298,-0.1139739124128447,-0.1610585241652332,-0.170630351178028,-0.17345388895175204,-0.14588738264627896,0.20246341437436038,-0.04971004606422186,-0.07617058957392751,-0.23428077236771408,-0.1065020385077872,0.05177954019693942,0.3054989153542788,0.14094947825600876,-0.028223383436453864,-0.1383753167654532,-0.04378159495724091,-0.2878744388697573,0.3634256149199174,-0.06199251542088893,-0.271166589678838,-0.4323086608218525,-0.313112941029083,-0.20966282244642204,0.48564328278718744,0.08727926919320156,-0.10870230298839964,-0.5107654973757055,-0.19297175487587392,0.16947217665156986,0.281547045934732,0.2992415905265839,-0.10763932098362544,0.026833520230133634,-0.15022872233502785,-0.13369948140070212,0.23232945809698158,0.010386143736705185,-0.197583122029484,-0.24691649698432802,-0.23432144046495276
acc_z_rms,-0.2666087036019859,0.4475053659565733,0.19197965734813205,0.4344166915017708,-0.5864392328475883,0.4018845110492742,0.3803932170632238,0.4235678751166414,0.3439538666767642,0.5295057114415946,-0.25264726143538874,0.6288297018637218,0.037487571628401294,0.8525392287959545,0.5810469006893062,1.0,-0.5562054007129195,0.9767194603448547,0.2912518591343715,0.45691991435090396,0.5267135602686356,0.4660133856307183,-0.06134189058006274,0.4367510801455624,-0.27515780418418173,0.6042384303950612,0.06479798603261942,0.37742246251311584,-0.5587758460658442,0.3113117827369973,-0.1343221208284508,0.32262178332968094,0.12823123999905855,0.14071783591896544,-0.4621733361889931,0.10752408893099756,-0.4985951860010513,0.16421266853921737,-0.47546740959409783,0.49831507702816286,-0.5032412891772524,0.49859518600105046,0.3702333317382246,0.011136870328316468,0.35597408904041,0.37022192083649075,0.3392651223262426,0.3702333317382271,0.5039710806177409,0.1336425262722893,0.4685443340648307,-0.5042493765594327,0.48350976489129693,-0.5039710806177369,0.471114087619611,0.14702691454846717,0.4777501308043859,-0.4717523611691237,0.45188819953975956,-0.47111408761961016,0.1027913269417584,0.35105463213039045,0.2363522244501473,0.1366097562086524,-0.02062255428679941,0.10279132694175837,-0.3292176491366517,-0.20094989920917225,-0.3603353672607406,-0.4082711787620783,-0.28293296651793215,-0.4199787787470907,0.17430941298939512,0.015727877149568335,0.15575321422640742,-0.17279214525306558,0.15836370915787146,-0.17064814277702844,-0.6695472001627646,0.057459860596731346,-0.5083508603049813,-0.6158742076460182,-0.7155248379174011,-0.6432462311606609,-0.5603268493360772,0.26810950012890133,-0.2950937744167125,-0.48052923086633986,-0.664242617871964,-0.5594603792832145,0.408889570262958,0.17255852945795566,0.5011134360712654,-0.3252010395806456,0.2615121980370551,-0.37143998780816045,-0.287752866689353,-0.21814299299636955,-0.2952596555984594,-0.5555622779413628,-0.1728297481166663,-0.563679798085631
acc_z_min,0.34740060671745365,-0.5974770666171562,-0.2756314799349397,-0.6358379522083937,0.6884509365646277,-0.6070637274894073,-0.4386931059117882,-0.16174906532286884,-0.1369379108149822,-0.351776607071345,0.04876349077700392,-0.47182017046207153,0.6974498991133101,-0.4854043813913948,0.06746212759654033,-0.5562054007129195,1.0,-0.6035224357594321,-0.1171097826740827,-0.30077672016476725,-0.30115384606211876,-0.4129246562754736,0.11553442900409268,-0.41904405324483684,-0.05843167697914276,-0.3689698183779773,-0.2653495311465681,-0.27808736725969585,0.11430965541517092,-0.2560192876989808,-0.16441539697311083,-0.510087097250614,-0.3936420891333794,-0.3804776507886744,0.29054969938190395,-0.344985661040239,0.6364644904241166,-0.269109823527597,0.5759378913815357,-0.636713631053759,0.640493524514891,-0.6364644904241159,-0.26987431684164603,-0.3268305289235304,-0.3776757852593682,-0.27148249813915026,-0.13531773028890656,-0.26987431684164737,-0.529770004182474,-0.3662853101347409,-0.5582091475166425,0.529303931088784,-0.4509640460300902,0.529770004182472,-0.6108380962433274,-0.34707608600040984,-0.6417324094706535,0.609934318816044,-0.5017276398500903,0.6108380962433264,-0.4650324707435229,-0.6185296714977255,-0.5964732056045893,-0.5000792912771087,-0.2815936169492779,-0.4650324707435228,0.17301651306534904,0.5406821637679784,0.3147862163322008,0.4295095700004907,-0.025916747039895185,0.41159573919310455,0.05919140679181188,0.42691711286588435,0.21049857618137094,-0.026301265104870845,-0.12238326423781887,-0.05229343219711206,0.6700680460010378,0.5294699396387129,0.7723816469159633,0.6435020064610069,0.5195406837033562,0.6143890099368625,0.7094043009020795,0.4857131986067028,0.7865567045166109,0.7413253127012118,0.48192070026802236,0.7051051231135478,-0.53454652893538,0.5181020253402954,-0.38512948893133697,0.5219024028483445,-0.6352827372536607,0.49134660565151006,0.3041283560234561,0.5850572581466146,0.48427440839278374,0.5885999213402779,0.04325854342140481,0.5525130180359731
acc_z_abs_sum,-0.3556510365923399,0.41862413333077064,0.14378788663572817,0.42253006186855785,-0.5828622441591819,0.3951560435859264,0.41253949010804564,0.27382377996275936,0.1845793157013483,0.40565669990955294,-0.13644076552148862,0.5397893320788405,-0.041966511666915854,0.7576238010319326,0.4261348995659816,0.9767194603448547,-0.6035224357594321,1.0,0.3446857515310706,0.3972635215370544,0.5154276144942462,0.42294192289932653,0.02377384830674506,0.39524947217348505,-0.3139396137605468,0.5758117807836671,0.022496709800462884,0.337669362084893,-0.557445206068679,0.2751076071215043,-0.13654204767690128,0.31473557548209175,0.11906974061522067,0.15450920663155238,-0.4581705615592242,0.12896641194071518,-0.5858628125949124,0.17661529129494496,-0.560564736632135,0.5855700869124183,-0.5808380537984925,0.5858628125949114,0.44287870188153305,0.015261865434614377,0.4326061117590692,0.44295007343084664,0.4101135770230588,0.44287870188153494,0.5772841557459085,0.14851697849357912,0.5404199709857588,-0.577547769252116,0.5576451680030455,-0.5772841557459062,0.5599631700458605,0.1687958626842387,0.5610863298043509,-0.5606000412427964,0.5397600328579313,-0.5599631700458584,0.13076322848975105,0.37970328345713167,0.2655385164982679,0.16503896230288886,-0.0005625592731146775,0.1307632284897508,-0.33025979363152735,-0.25487324449379284,-0.3900024004057819,-0.42752803627996344,-0.27298027998894986,-0.43383852161777237,0.18023662891533554,-0.052216458164010396,0.14620278607080264,-0.18477934476721672,0.21529335919728276,-0.178760948520119,-0.662862605551264,-0.009572833510730227,-0.5291606208555154,-0.6047886381120773,-0.6761319883398496,-0.6263199252137429,-0.5566106904229,0.20619387226379984,-0.3177478023798191,-0.48751170695625634,-0.596875627210246,-0.5601362099555893,0.4041901603670442,0.16266002651053935,0.47843059459041776,-0.3217139383230098,0.25414361951315556,-0.3678779931987889,-0.28219709963477474,-0.28932648895155566,-0.31836979413196065,-0.5601517891987203,-0.12865159679392976,-0.5612160794927387
gyro_x_mean,-0.3424210435740165,-0.19024815356319652,-0.20156257838039465,-0.3618234310410832,-0.05316974364142577,-0.39459889668062803,0.40241931903472217,-0.15960993293050263,-0.15986098124315568,-0.16420807766169687,0.19055308922957304,-0.14204639780360337,0.12847887662150545,0.19409853868983212,0.08395555001311185,0.2912518591343715,-0.1171097826740827,0.3446857515310706,1.0,0.0741545553949154,0.7086326720585073,-0.042329508356343214,0.7023354973707634,-0.08216083573574974,-0.4888083968418676,-0.09220422939860856,-0.4662071991597001,-0.3532584874037011,-0.365411188771073,-0.3706414390579626,-0.5366286550859984,-0.2633016116720106,-0.4326658421231811,-0.4084069623081591,-0.4194107081889587,-0.3892027684821016,-0.2706628515573355,-0.44743354356283294,-0.40982484031475375,0.2687106119956652,-0.12045537175822726,0.2706628515573347,0.440903940546942,-0.16098743717773686,0.3492175273266423,0.4406879754724849,0.4513260257105621,0.4409039405469431,0.3168179088481244,-0.2606681205359082,0.21964595930697445,-0.31777843929203015,0.40828205307776,-0.316817908848124,0.329214596532474,-0.3773524256337374,0.16140220777181466,-0.33295656649201444,0.4591483288311788,-0.3292145965324732,-0.20531685916856737,-0.11711007169787778,-0.18550528665832475,-0.20739807528239104,-0.19175373967816334,-0.20531685916856726,0.030003282609029774,0.15673034390563223,0.04571859659623828,0.08451076900950286,-0.07165256227141385,0.07946186834851396,0.04877780610102303,0.09511151143531957,0.1151177385470106,-0.049296420136302734,0.06179446486095549,-0.05311686295896203,0.05417028607308472,0.16694403396454877,0.12284465168674191,0.07871013653130897,0.005314145941517389,0.060380570024400115,0.06384539857059181,0.18403127962223012,0.1301726202735705,0.09490824558487365,0.039486672248733604,0.06947026378234979,-0.01474310037138007,0.23253198558362634,0.048716547925853865,0.052667805607173504,-0.12207776675757692,0.025408183845974732,0.09637191244157252,0.10638346100649343,0.15139819428890966,0.024218509209962612,0.07688001889250846,0.016928965519173274
