,acc_x_mean,acc_x_std,acc_x_max,acc_x_rms,acc_x_min,acc_x_abs_sum,acc_y_mean,acc_y_std,acc_y_max,acc_y_rms,acc_y_min,acc_y_abs_sum,acc_z_mean,acc_z_std,acc_z_max,acc_z_rms,acc_z_min,acc_z_abs_sum,gyro_x_mean,gyro_x_std,gyro_x_max,gyro_x_rms,gyro_x_min,gyro_x_abs_sum,gyro_y_mean,gyro_y_std,gyro_y_max,gyro_y_rms,gyro_y_min,gyro_y_abs_sum,gyro_z_mean,gyro_z_std,gyro_z_max,gyro_z_rms,gyro_z_min,gyro_z_abs_sum,quat_w_mean,quat_w_std,quat_w_max,quat_w_rms,quat_w_min,quat_w_abs_sum,quat_x_mean,quat_x_std,quat_x_max,quat_x_rms,quat_x_min,quat_x_abs_sum,quat_y_mean,quat_y_std,quat_y_max,quat_y_rms,quat_y_min,quat_y_abs_sum,quat_z_mean,quat_z_std,quat_z_max,quat_z_rms,quat_z_min,quat_z_abs_sum,encoder_angle_mean,encoder_angle_std,encoder_angle_max,encoder_angle_rms,encoder_angle_min,encoder_angle_abs_sum,grf_x_mean,grf_x_std,grf_x_max,grf_x_rms,grf_x_min,grf_x_abs_sum,grf_y_mean,grf_y_std,grf_y_max,grf_y_rms,grf_y_min,grf_y_abs_sum,grf_z_mean,grf_z_std,grf_z_max,grf_z_rms,grf_z_min,grf_z_abs_sum,grt_x_mean,grt_x_std,grt_x_max,grt_x_rms,grt_x_min,grt_x_abs_sum,grt_y_mean,grt_y_std,grt_y_max,grt_y_rms,grt_y_min,grt_y_abs_sum,grt_z_mean,grt_z_std,grt_z_max,grt_z_rms,grt_z_min,grt_z_abs_sum
acc_x_mean,1.0,-0.14949036094267026,0.7694721693529097,0.035098153617442125,0.6045605220551651,0.09170872324212977,-0.5901268165872606,-0.02592259465593695,-0.2575407388255901,0.030811244186716893,-0.3557843970038367,0.045266025776853444,-0.1070325149999474,0.18068407098134615,0.16365085217672937,0.18210233198971074,-0.16335840801760884,0.1898036227795235,-0.40671991996200585,0.03842276962159098,-0.22770815631645352,-0.013748271874609455,-0.31058901137018907,-0.0036826673545719744,0.6342906818195184,-0.1994287162919289,0.5009043316519339,0.10102207370592965,0.6013314911801205,0.132853870675392,0.6408835604041205,0.021649530419531958,0.43545588744088576,0.15574367515154017,0.6997688239504222,0.1265734187149539,0.5966801514606773,0.3325678756734847,0.6821685635568226,-0.5898087988316402,0.40570249165580974,-0.5966801514606767,-0.6992124981672383,0.2348657480899848,-0.5092174823873894,-0.6896342595475953,-0.7641562176393853,-0.699212498167238,-0.6525450076618534,-0.066838621542862,-0.4756041589506096,0.6602931986619044,-0.7667809171505101,0.6525450076618535,-0.6186543848628491,0.05188754159153718,-0.4445851840405875,0.6319111254937843,-0.7196211591189671,0.6186543848628488,-0.1692163669250486,-0.18151416309717947,-0.16177326864200056,-0.18041592848269697,-0.0752321834030559,-0.16921636692504868,0.22928354621794195,-0.4941994603750581,0.1392657645579558,-0.34570968780469263,0.3845533832278551,-0.3110263383825556,-0.08162324604491507,-0.524814318133701,-0.28805211071952286,-0.17270788975744059,0.10707519754582685,-0.12774955710241923,-0.2738344848776633,-0.44621597592300044,-0.41787508483950647,-0.23980005905362275,-0.14095881670369867,-0.20286490104702654,-0.12085296973494868,-0.5287224584959742,-0.360269630449363,-0.38019779983836827,0.1297365144313502,-0.332947526644041,0.2695994006760342,-0.5286001989154754,0.1091745493118675,-0.3224952606771832,0.42018274999583277,-0.2834166826981347,-0.03985309381702866,-0.48401776429049453,-0.2802545573106599,-0.3303849669217032,0.13704815668905912,-0.28829084728395793
acc_x_std,-0.14949036094267026,1.0,0.40888613243318034,0.7733374389961221,-0.8057314837696482,0.7012776996259593,0.11511455571459496,0.8320349027148516,0.740666372530281,0.7301752956122826,-0.5191209676371531,0.6317003597930153,-0.024777260969823085,0.7848026877371749,0.6154113170893372,0.7895639708709482,-0.755133973080265,0.7809231343449903,-0.0940685575562364,0.5886805074789495,0.3489735734321927,0.6600494363284499,-0.45232664552793866,0.6450392473772759,0.014158364092025871,0.47077823795538326,0.3132616290505608,0.3139908177181561,-0.2452275827653252,0.26955874867535995,0.13715924555948444,0.6067885038968739,0.4331532851875225,0.4821542862018601,-0.4723643693991433,0.46648911470244914,-0.13197688734106272,0.32036381850248746,0.017930335896983177,0.13456037526935433,-0.20007419731431247,0.1319768873410628,0.17545346653337546,0.40209549188430893,0.2722284910958854,0.1815973912480536,-0.020364204096595444,0.1754534665333757,0.4032623260778685,0.48400522784339356,0.4445660924843011,-0.3983286155884357,0.20705721239202496,-0.40326232607786866,0.2029692210377724,0.4508650283617894,0.29442736529891106,-0.189685661253614,0.009889427472274533,-0.2029692210377723,0.5460104694260363,0.49698081528114835,0.56373306397578,0.5626832615560611,0.4203442462060839,0.546010469426036,-0.22418285406489416,0.2091709390503476,-0.1561486730047647,-0.14951190183612142,-0.24539377233219214,-0.1853210018287225,-0.14341051767746668,0.07982686016679102,-0.11171035481658562,-0.008331891428818761,-0.1831516209833405,-0.013860907714484207,-0.594201922799561,0.06175203555384275,-0.4849903041575764,-0.5376593263085692,-0.6444604350701175,-0.552384896824332,-0.3016296349086546,0.17617483551703766,-0.1774497288489461,-0.21328908996661627,-0.4266418207633651,-0.2546755358475166,0.2872866622358263,0.05617942999430511,0.37856642328314677,-0.2563003388272369,0.19112384239927271,-0.2824826001249656,-0.17138004076587163,-0.024213301283863835,-0.17559625708714632,-0.23482506170854212,-0.12957095389060705,-0.2641408391437528
acc_x_max,0.7694721693529097,0.40888613243318034,1.0,0.5006499620582434,0.16535507206845676,0.5068560131988553,-0.5125515229510408,0.48499564551077234,0.10849860794615206,0.5142927912210142,-0.7134939673930206,0.48334590622130064,-0.19168374574863184,0.5168631174691934,0.35766969347390376,0.5331948414094225,-0.6283878382891904,0.5614839771273176,-0.43962081430544586,0.4184306159167701,-0.012927301032833759,0.47888006340750433,-0.6279814265802577,0.47400302651125903,0.5786756766693072,0.13301864559366025,0.6610452614230209,0.27715451763007615,0.3774762888661393,0.274688702449777,0.6742290115190345,0.45458441029855867,0.697177278540338,0.4726770637129991,0.3262928454840871,0.4290666763781007,0.3400999844127086,0.5056501847151843,0.5065827170983171,-0.332526154414062,0.12862785872885998,-0.34009998441270856,-0.45264191158143313,0.4612735390071305,-0.22402200485103815,-0.4402766490730067,-0.6275901162283934,-0.4526419115814322,-0.2789366229259482,0.24390541156186643,-0.10534026961129463,0.2878986479669901,-0.4826213913096386,0.27893662292594834,-0.33257297462055974,0.3690579124440255,-0.12206410487823512,0.35178252837111934,-0.5406224033975251,0.33257297462055946,0.22673208360154243,0.20752061373585895,0.25384310951979466,0.23262467891771504,0.19527954500273084,0.2267320836015423,0.07022674341377558,-0.36827322520894556,0.01226992824019423,-0.427014562930155,0.1955902317317393,-0.4123437424583108,-0.16541879565082646,-0.4533147383456932,-0.33334237375948594,-0.17222230525787463,0.0016552747323675923,-0.13289822810259314,-0.6256412137543702,-0.41323699439016565,-0.7000505533152963,-0.5553558757031479,-0.521862030361295,-0.5298872037325049,-0.30199617689151037,-0.40275590716293885,-0.458117919714324,-0.4856734846189305,-0.12716832608161527,-0.4646092129346872,0.4255309944680862,-0.45100467762564583,0.322299293054962,-0.45954927155348474,0.4924952927873479,-0.4396125715153644,-0.14254300629818303,-0.46686376765493437,-0.3715729712098448,-0.45426211848643655,0.051714178023228544,-0.4351571981286985
acc_x_rms,0.035098153617442125,0.7733374389961221,0.5006499620582434,1.0,-0.44706768285896287,0.9909267232553678,0.04053037237443846,0.7481370796709518,0.5077334849029649,0.8268194568534029,-0.5452854650617021,0.7844407463115235,-0.3598521019894895,0.6655963606780702,0.3649190464487184,0.7284685209755627,-0.8641660218537327,0.8480905423184933,-0.2523966197555545,0.5274916831348485,0.199499257353002,0.7235432792039376,-0.539011587461137,0.7238088857980285,0.1285266653779929,0.6836027697935979,0.5285905130337339,0.600925104245199,-0.2466421513018375,0.5659542419977572,0.25120812015696603,0.7907356592830902,0.6276432234124674,0.6983715135916126,-0.4381313641022535,0.6579483063022038,-0.11810373641387271,0.57010642220526,0.07405447761661976,0.12475985734424562,-0.31756771769263276,0.11810373641387296,0.14188980925082267,0.5346868901324598,0.3352397148872405,0.15168951244762208,-0.053655394546245634,0.14188980925082303,0.3941694003951011,0.5940103586573866,0.5144891409358671,-0.3886576234058825,0.1864751383253888,-0.39416940039510173,0.2010536121466525,0.5781794044367545,0.37419027476361555,-0.18693009431534316,0.0027493505277500488,-0.20105361214665252,0.5415121333541273,0.7370784542302639,0.7112286176416162,0.6018433644404807,0.2452186938043049,0.5415121333541266,-0.38153205334212636,0.10069572050310116,-0.3639020802776273,-0.2814619365683154,-0.3706088780890117,-0.31394383782042395,-0.046925591102463575,0.0702287242746082,-0.014292918981164157,-0.15505987638286695,-0.04707496778363457,-0.1592010596089343,-0.6902499879092633,-0.025894510147606315,-0.5903032738639051,-0.5890554156891639,-0.7083267694959354,-0.6021940306856016,-0.29373218412993274,0.12098283788127087,-0.17406281040710317,-0.2304479678404428,-0.34849155256458897,-0.26560233539252054,0.23441673696504964,0.110518756386999,0.3173333945213379,-0.22414504625830606,0.1137598102091702,-0.25560633993771953,-0.14437657447377414,-0.05033165549152632,-0.15067500989763813,-0.25109455543272385,-0.07477833009201869,-0.2802539504474741
acc_x_min,0.6045605220551651,-0.8057314837696482,0.16535507206845676,-0.44706768285896287,1.0,-0.35486095480301444,-0.43306198883752145,-0.5602574975600323,-0.7543798462251279,-0.4025202303915708,0.09513412043266298,-0.2997748504249058,-0.1850719713979722,-0.5329466538079605,-0.5002047247714365,-0.513985997849288,0.37115765235504344,-0.44660828342506403,-0.15674862014057714,-0.32286734922564764,-0.3335194627340047,-0.34053821301931897,0.08727120921205576,-0.32808985360395776,0.3308222542966508,-0.3194498534521001,0.12623644205254364,-0.07837004302040407,0.45006856733077966,-0.0399448608437766,0.30735667577432485,-0.2758796599592388,0.0318761991620168,-0.10801610466383539,0.6570632037415028,-0.11648408804873574,0.2690555627305828,0.0618836098392748,0.24953875143582507,-0.2660023653037302,0.18778554045911164,-0.26905556273058256,-0.3858075809024919,-0.048825133715238,-0.3223409945119385,-0.38288263654040794,-0.3220079378350098,-0.38580758090249206,-0.5082924568982736,-0.24571575664323012,-0.42572831959787266,0.5098360010718244,-0.46768749324429343,0.5082924568982744,-0.32712331288921503,-0.13959501277741374,-0.2743708010762225,0.32676001955446055,-0.28440867054309815,0.32712331288921503,-0.3371104802725787,-0.29013205404123527,-0.327291911174597,-0.34631524717859863,-0.26447275989133173,-0.3371104802725786,0.22718635475016952,-0.47008480286880205,0.1018985381470627,-0.12310649175457312,0.33477461385492574,-0.0764363269153206,0.07948704839450975,-0.31956573410232236,-0.03944358317382773,-0.14468957590373338,0.2174665480321769,-0.11835601897911634,0.22459182470457073,-0.30907746119786694,0.07071363125303223,0.22853899354608417,0.3415291620363743,0.257812460543654,0.13550007094093713,-0.3991295853723586,-0.06886927048751029,-0.06587285970301955,0.3725799646578285,-0.01301891095196139,-0.05994848160032991,-0.2891145038084378,-0.2091795800183252,0.005890202946795217,0.0654781296811954,0.0409598450385198,0.10991928731863088,-0.23856077766497666,-0.010232737636671622,-0.038216648222447885,0.18143910788187076,-0.0005691730298451067
acc_x_abs_sum,0.09170872324212977,0.7012776996259593,0.5068560131988553,0.9909267232553678,-0.35486095480301444,1.0,0.016048577354603927,0.7012493536077576,0.44728402896529246,0.8052381564229513,-0.5341109971792417,0.7744231147204643,-0.4029010325377389,0.6423249614886412,0.33543044425328467,0.7083650766980506,-0.8515972543442349,0.8419015513179313,-0.26804496649775617,0.4994945764093621,0.17588034747093018,0.7006821590174778,-0.5271035231003709,0.7046724556851766,0.1579985485934463,0.6895963942099718,0.554858888130868,0.6168595454586989,-0.22494702217988136,0.5837508081371561,0.2675196317834005,0.782756274780447,0.6372177478652133,0.7045146137442584,-0.4008780825353765,0.6613412981847705,-0.08464936860782413,0.591555579734701,0.10924105533212716,0.09176950051263905,-0.2993212741924371,0.08464936860782425,0.10913305691838428,0.5401946806656927,0.31324959237741307,0.11925337815882289,-0.08125787489086382,0.10913305691838461,0.3543317304490171,0.5853873776067818,0.4859277699694454,-0.34859381030599323,0.14566257504082486,-0.3543317304490177,0.17184231766896657,0.5773161883615997,0.35482328650984113,-0.15762385508188514,-0.024444489468776046,-0.17184231766896652,0.5137690915721428,0.7342233309957737,0.6959297497053618,0.5769951360023612,0.2079736534898894,0.5137690915721431,-0.3780604538628879,0.07759001093498964,-0.3680778378383109,-0.2972660868098455,-0.36053242946046515,-0.3288156554890411,-0.024646657393174256,0.05002391433095749,0.0001640349347631999,-0.1887535442521645,-0.013344274560493766,-0.19111366517945833,-0.6755834921041677,-0.04704471787978098,-0.5823496322957399,-0.5683396587600998,-0.6816109911402636,-0.5789626700849322,-0.27741813667148857,0.08666153605754526,-0.17055677491164714,-0.23114554293057088,-0.30756656422470574,-0.2628889905177646,0.22075763824048056,0.09686083021549823,0.2919855345473494,-0.21491560387201533,0.10539692805458331,-0.24441344704641496,-0.12334579075108422,-0.07026374668041756,-0.1366356133427982,-0.2579068569858348,-0.04632105350320263,-0.28456533832038455
acc_y_mean,-0.5901268165872606,0.11511455571459496,-0.5125515229510408,0.04053037237443846,-0.43306198883752145,0.016048577354603927,1.0,0.04921960533479253,0.5536538885839005,0.023400009755050733,0.5747512578066049,0.0075171053440432015,-0.0458272383414392,0.013990297349985623,0.029591233382090888,0.04329681584916755,0.04036639761659561,0.01966558265500287,0.6456919510907723,-0.08297175526887507,0.38657021220826543,-0.022257509637246094,0.516767735312338,-0.009826658677783344,-0.19545466131141861,0.06486671220413323,-0.18148481966628915,-0.13287290157925286,-0.2176024802930079,-0.12640029073045816,-0.5912761372412139,0.009651493176962561,-0.3287581062003232,-0.23044091554958704,-0.6203066709309667,-0.2226964709053543,-0.13019348630497085,-0.3895876301662796,-0.25864787015305407,0.12427781154195515,0.021671070547410447,0.1301934863049706,0.4374428730347309,-0.3222398048769065,0.24452529428329034,0.42461345954579854,0.5369176805203694,0.43744287303473073,0.2929309647033533,-0.1027076645296303,0.14993570318505015,-0.2996510036567514,0.3955686592064481,-0.2929309647033537,0.32668709452557687,-0.2227806613192361,0.15470434955832124,-0.3381878213166346,0.45230453999756637,-0.3266870945255769,0.06083878833632532,0.03431516834290241,0.03198940072749624,0.058254664309325924,0.03487961933102271,0.06083878833632534,-0.15959932704666954,0.38396512838847113,-0.09562826138172247,0.16938135716534455,-0.27970666188743465,0.13394514196779525,0.035527410948239906,0.18878409907285848,0.1312022180208613,0.030701732905553312,-0.011428103819834116,0.018812101483617793,0.0731998710560386,0.25642219877973993,0.18434432071193937,0.04034896401777057,0.008691320682657924,0.020106577155367636,0.007272390998956343,0.147155599976585,0.10138884077494788,0.05287452418954752,-0.04719712774770818,0.033888673056624644,-0.08003833791195765,0.2640047002305641,0.00716569919060215,0.1138625962360124,-0.17729291944832062,0.09137020780022381,0.04836010874073645,0.1398004155375335,0.15693217837047915,0.0817596402319979,0.0090981708121171,0.0671944487278561
acc_y_std,-0.02592259465593695,0.8320349027148516,0.48499564551077234,0.7481370796709518,-0.5602574975600323,0.7012493536077576,0.04921960533479253,1.0,0.7478672944764334,0.8744115460504676,-0.6852808553503827,0.7981295224031218,-0.13781955102617102,0.7376765481360352,0.5177889611369928,0.7523215418332411,-0.8365482708573623,0.7890503014691201,0.026016138173435913,0.6988869175386622,0.47600086514558587,0.8000917279343402,-0.45427364507580476,0.7816846943994379,0.14870384401631356,0.41919413731303434,0.407763587454334,0.3209592260070328,-0.11020000473756542,0.2978092022765937,0.30295566117425177,0.687841096405529,0.5730187040395935,0.6182149080419317,-0.3601266311163707,0.59471048602656,-0.2053573325225092,0.40329722564097314,-0.0353550109813917,0.2093692838517423,-0.3053241402824966,0.2053573325225093,0.10896662356520499,0.5730609930872945,0.2739677515680277,0.11984826525336582,-0.15539244214871809,0.10896662356520448,0.32428775476304406,0.576625676713047,0.4240962799552416,-0.3167643113012707,0.05913480075111653,-0.32428775476304517,0.30138767900699687,0.5944069645599778,0.42760408795982535,-0.28275158424297075,0.06313425064376452,-0.3013876790069965,0.6252242179737991,0.5915683783052678,0.6625034973445376,0.6474182441309291,0.47089777307835107,0.6252242179737986,-0.22448673890043525,0.13468923366034763,-0.18647293899184242,-0.24692526810806004,-0.23718974132818205,-0.27807578236345565,-0.09494093045886103,-0.054260252135877145,-0.10392052187225205,-0.13525016333553597,-0.05952629052522155,-0.12664839339758963,-0.6519327048499094,-0.05686349139087771,-0.5732640683793557,-0.5836418299873969,-0.6641547216055141,-0.5914118002871582,-0.28892705079678754,-0.006298578808736499,-0.22693701957248363,-0.2926374505872643,-0.2932447309730984,-0.3159078512817359,0.29423173165689526,-0.015528430363018538,0.3420485119895901,-0.27476627230992096,0.21055654915691863,-0.29509540332635537,-0.13870965307182248,-0.14837724222594043,-0.19042061441137498,-0.2993485900674397,-0.04847505548341054,-0.3198742290671334
acc_y_max,-0.2575407388255901,0.740666372530281,0.10849860794615206,0.5077334849029649,-0.7543798462251279,0.44728402896529246,0.5536538885839005,0.7478672944764334,1.0,0.6008867781766273,-0.17079837756276706,0.49852505956350773,0.11193017119914359,0.7137521479269091,0.6580250731963381,0.7057956167132897,-0.5603507189659312,0.6432217115696192,0.3418848751177721,0.49492735880940353,0.58985020050911,0.47777101304606656,-0.05300265959540573,0.46819580588796245,0.0023996782496958666,0.2354259051104047,0.13335388212788643,0.05726989230238625,-0.1632311476743721,0.049331415633846125,-0.15387675467166428,0.3415832180571311,0.12554199367210306,0.1776162934948873,-0.5206378759038713,0.1703130691691034,-0.020033996387493865,-0.01384431990007909,0.0007269666457842873,0.01846419153010895,0.011735850548543385,0.020033996387493546,0.1277618289932693,0.1482094583628712,0.1286109220581199,0.12759334597678182,0.024819643607326188,0.12776182899326904,0.20427809754282916,0.2155863059901605,0.19606267301111266,-0.20297426609098013,0.09796222676145569,-0.20427809754283008,0.19428240727786716,0.1782729787476575,0.18732295285880293,-0.18681007426652635,0.11566437333019658,-0.19428240727786728,0.3208703404454681,0.2910882015157044,0.3226994314887268,0.3298164623058396,0.23403701291753365,0.32087034044546797,-0.17146799238712568,0.38508681211951645,-0.06660598797833446,-0.03597699481483408,-0.2569633263080037,-0.0832306728719027,-0.0875832633585234,0.04801174023487062,-0.05958979723575318,-0.03319296140313933,-0.10157524125159766,-0.030980028587563387,-0.42361570177841423,0.1504075164848243,-0.29512688190429265,-0.41693952101777676,-0.48970419083519295,-0.43424532295850826,-0.2049106920217087,0.07340953329789443,-0.116721647889892,-0.19159606492929676,-0.26603496300398444,-0.22028253786791793,0.2116211806327243,0.09174086024189768,0.30215255271560804,-0.17010474712027296,0.11774790182040092,-0.19365392816181087,-0.0921599471322512,-0.051564437678510086,-0.08485083341867049,-0.18535942493927016,-0.04796673043320135,-0.20500014273652384
acc_y_rms,0.030811244186716893,0.7301752956122826,0.5142927912210142,0.8268194568534029,-0.4025202303915708,0.8052381564229513,0.023400009755050733,0.8744115460504676,0.6008867781766273,1.0,-0.6165655772117952,0.9821856822195818,-0.3212028524113244,0.6431588623032216,0.35008102532457497,0.6809182728624371,-0.877325703031272,0.7759573414475524,0.04674754865610438,0.6247920639417575,0.4700245901651908,0.8278726305223467,-0.40639526140049526,0.826315765375772,0.22945632456149714,0.45585626449915867,0.49256830558261927,0.3650146693229774,-0.06473460556399137,0.34730492366835625,0.38388717970456965,0.8066460094329874,0.6968075636574498,0.7626090336133808,-0.3308498005241579,0.7338865137853369,-0.260249003026202,0.5497358444257167,-0.05408427646660719,0.26618899216706415,-0.41584833736787136,0.2602490030262019,0.13005304245881782,0.6682644123782788,0.3522498204651806,0.14476626476048093,-0.14238078030360207,0.1300530424588172,0.3330234704030912,0.6248809832910054,0.4660355297134098,-0.3259650512477204,0.06837189342770598,-0.33302347040309244,0.3840803968813564,0.7387830844341688,0.5577478139981245,-0.3629347927813276,0.12354728913773307,-0.3840803968813565,0.6696973045562207,0.7666952731809925,0.7762511548091402,0.714942945106858,0.3816329091154921,0.66969730455622,-0.27138493923598483,0.09511311304251548,-0.2536776551834319,-0.29213974109604446,-0.2809071467329449,-0.32482579899560127,-0.04838736876130531,-0.11505352184124788,-0.07445310952229767,-0.2164458552761079,0.02326653373977509,-0.20223043919202166,-0.6707927030805169,-0.12526155619310603,-0.6061565805938659,-0.5843395731813238,-0.6536257396651467,-0.5870766355389899,-0.27457209433924196,-0.10211557138853275,-0.25354039552498303,-0.3364537297082938,-0.21642525149701053,-0.3513898094873937,0.2755423008932834,-0.01620363380680593,0.308815074268794,-0.26922909209274554,0.1840337321507736,-0.28798805937551875,-0.09562515088144562,-0.20861750014110136,-0.16988784421022682,-0.33916549720700345,0.01656590526048661,-0.35414084207913543
acc_y_min,-0.3557843970038367,-0.5191209676371531,-0.7134939673930206,-0.5452854650617021,0.09513412043266298,-0.5341109971792417,0.5747512578066049,-0.6852808553503827,-0.17079837756276706,-0.6165655772117952,1.0,-0.562298162870289,0.12289459871750284,-0.5661924357395047,-0.40855815858709843,-0.5654052928337056,0.6821296943574425,-0.6022095965686822,0.45177733284665783,-0.5724272174269521,-0.07213345321782279,-0.6951915936213818,0.7188394466677565,-0.6792640304097776,-0.26497526364591667,-0.28807319289690864,-0.4468705877671956,-0.3190058241145013,-0.05272952299092,-0.2945074849255009,-0.5061320310898023,-0.49506210029036724,-0.5898149708066336,-0.5073387636878833,-0.08783402413854388,-0.4777156331270563,0.06947705896418666,-0.4519055370601745,-0.09387591480551956,-0.0750523546911631,0.2160169497475794,-0.06947705896418666,0.26626756866222334,-0.4945992878123661,0.062198601933072896,0.2537446571936449,0.4704054107103506,0.2662675686622239,-0.02336095257880298,-0.3771173625560279,-0.14938742845145758,0.015801367933434996,0.18445137351109595,0.02336095257880359,0.007628232763596702,-0.46838079021714274,-0.16111881934196942,-0.023518725762785787,0.21198441180093383,-0.0076282327635968684,-0.3785381218124285,-0.37469044135012736,-0.4138158598453423,-0.39429959247430335,-0.2772720899539201,-0.3785381218124285,0.03554337990019105,0.1399064501321657,0.05349950209278036,0.30913900970172065,-0.01881085801384435,0.31441086062970286,0.109145592681624,0.21259073854515986,0.1912687943021175,0.12519525405753415,0.03846965536453951,0.10916179845293031,0.5405362470458001,0.25540804105578074,0.5623094595601338,0.47941250723053186,0.48668006268287656,0.4656645976489509,0.22045023865520172,0.12774715736221084,0.2318610503880853,0.25641000839733463,0.17324978058737905,0.25835675994864593,-0.28622630676075556,0.23087837478711484,-0.24211598583512384,0.30069730968241154,-0.29146224583399205,0.2972958950429997,0.15097764280876916,0.22251199459224474,0.27900068173408865,0.2816054620085916,0.06626803616955074,0.28509991025715636
acc_y_abs_sum,0.045266025776853444,0.6317003597930153,0.48334590622130064,0.7844407463115235,-0.2997748504249058,0.7744231147204643,0.0075171053440432015,0.7981295224031218,0.49852505956350773,0.9821856822195818,-0.562298162870289,1.0,-0.412238941129914,0.5325469535475924,0.2135620699947444,0.5796044817473204,-0.8327192441526712,0.7082288831548634,0.0904211133619301,0.5665632553995513,0.4653239538192905,0.8026031266600226,-0.34446021266989185,0.8065112852187978,0.2468914634153804,0.43724455094316433,0.49750060797659823,0.37200507400765537,-0.033611051173997694,0.35786563268888333,0.4422157411016928,0.8305351978422183,0.7384681290248721,0.8106880835984281,-0.2863140016047781,0.7846708566271621,-0.31786970770749334,0.591317298352285,-0.09731236081843003,0.32453921690064597,-0.483240118550817,0.3178697077074935,0.17215165475420183,0.7190050799492722,0.4110773697183182,0.18850650150227397,-0.1154497056212511,0.17215165475420088,0.35855211010049276,0.6640737888416639,0.5025464085483451,-0.3511444732610386,0.08335578442425746,-0.3585521101004942,0.4433047551553817,0.7905375805590652,0.6228049331870216,-0.4211676407415615,0.169975153527979,-0.4433047551553818,0.7092616417012285,0.8051824615559897,0.8145040718879669,0.7546450921846853,0.4019894646055939,0.7092616417012284,-0.2779231133011454,0.03381774601163882,-0.2833815587756219,-0.31539165793174206,-0.27574207891118535,-0.34347108242002083,-0.026659535906695547,-0.1473758869145468,-0.0631888926946606,-0.23862075858856074,0.06190090467141131,-0.22275810588541228,-0.6415686525078895,-0.16617303574860445,-0.5948426415689668,-0.5474433230616726,-0.6069336963976351,-0.5468359909157602,-0.2553050967340699,-0.14238119087241752,-0.25435207281400996,-0.33895389976176366,-0.16564258234068802,-0.34665841079439846,0.24782544262045428,-0.028852629477124705,0.26678623744188334,-0.24887688480122766,0.16581169024680573,-0.2644528832854969,-0.07774402857960956,-0.23130603414848264,-0.16278916533985985,-0.33288514919057544,0.04257299097132975,-0.3420127861540962
acc_z_mean,-0.1070325149999474,-0.024777260969823085,-0.19168374574863184,-0.3598521019894895,-0.1850719713979722,-0.4029010325377389,-0.0458272383414392,-0.13781955102617102,0.11193017119914359,-0.3212028524113244,0.12289459871750284,-0.412238941129914,1.0,0.14454720346870203,0.42584612524958965,0.009613142901105471,0.3561175824813546,-0.22287260269178163,-0.019237705459482474,0.12017413046118708,0.05819776138703792,-0.31718128426017644,-0.021357075896028706,-0.3569537091404301,-0.4075880902715529,-0.09293537887732388,-0.46332739363600534,-0.17124260724167845,-0.2832236347296999,-0.1732515450399465,-0.3419917839364422,-0.679493325605505,-0.6227910197140837,-0.4357815511818058,0.16847391618816568,-0.3924385466852096,0.18938330408074744,-0.23783685254036802,0.09934173508324644,-0.19234928393306008,0.2614230323407515,-0.18938330408074752,-0.14752750080338886,-0.2722179273817231,-0.22864054636805783,-0.15217329785087805,-0.0325687984088583,-0.14752750080338883,-0.2967609542906355,-0.2730017769584974,-0.297940858591471,0.29474948947444474,-0.19402814547737804,0.2967609542906362,-0.23973339661031953,-0.33216861174938234,-0.2857397990190971,0.23159568119693005,-0.10002192836574991,0.23973339661031984,-0.5404236551204831,-0.4011938860777097,-0.49827741821145155,-0.5351292860913178,-0.45858907983909447,-0.5404236551204836,0.017859898231243804,0.3820478792709117,0.15833048356800322,0.3942123414598458,-0.053874696871984026,0.3832001626765734,0.13878180172184526,0.3335016233988645,0.21964463841808307,0.10889519362539288,-0.011567442001199718,0.08350786710457975,0.3844150418088184,0.4142573844448283,0.44160268550136045,0.3206835933058221,0.22133223888006456,0.2961798143050177,0.28518857210488346,0.3318401319783067,0.3823459394615399,0.34802864203942485,0.06322936027478926,0.3381694119001218,-0.26446109612547836,0.2835634228897677,-0.15261844481564638,0.30663161086859003,-0.26914556656887983,0.2954773480232269,0.16209992830721362,0.26327087536665894,0.2886167240622275,0.21479878388329485,0.02764570796356177,0.20922187028684633
acc_z_std,0.18068407098134615,0.7848026877371749,0.5168631174691934,0.6655963606780702,-0.5329466538079605,0.6423249614886412,0.013990297349985623,0.7376765481360352,0.7137521479269091,0.6431588623032216,-0.5661924357395047,0.5325469535475924,0.14454720346870203,1.0,0.9171529444572489,0.9815684990270476,-0.7610522445206243,0.903363236119515,-0.1176495071696367,0.5892042625965473,0.3589699627422361,0.5567543664302738,-0.4253086856278601,0.5497038353157231,0.15130385554625647,0.34696108687006233,0.32757299153692904,0.2578454556416052,-0.10888397127895372,0.2356164365093746,0.14103623327738146,0.4059680477047778,0.3596362689675576,0.33805297153744507,-0.24693090094891507,0.3148134588972766,0.22585839614245792,0.27181723325520385,0.33044469995662124,-0.2229668801674107,0.12337105494376178,-0.22585839614245778,-0.20201249436262572,0.31822494367800347,-0.0745407049008684,-0.1963048183601132,-0.34106068275471774,-0.20201249436262556,-0.022585411928665162,0.2659037198807242,0.06724524291274886,0.02764933008822609,-0.19518214602977615,0.022585411928664628,-0.10870827251034383,0.2779093459161971,0.004426443322257836,0.12071053149986292,-0.2528942286860588,0.10870827251034401,0.2351075458018435,0.2725031291135966,0.2804132823632755,0.25259645431805744,0.13871872495665774,0.23510754580184356,-0.12170202344659119,0.2516537329041878,-0.02902943601288885,-0.1366647436947304,-0.153007688157742,-0.1767208168577922,-0.027742125345122867,-0.032251537436852704,-0.06350793299971401,-0.17551380948183018,-0.03235140517334763,-0.17008913115135801,-0.510458843295462,0.05661000787650192,-0.419415848416528,-0.46170148738042033,-0.5625868821736625,-0.46674342018152437,-0.17932504997514725,0.02180021447984669,-0.1352613832774395,-0.20540236315799815,-0.23815127911549372,-0.22741502801974603,0.23895743117698076,-0.04853956864457924,0.2889391272432163,-0.21798860760866987,0.19786062557480502,-0.22895782693185207,-0.043496229830330774,-0.14787262837305698,-0.10720790524627256,-0.30680019034694855,0.017314061721888162,-0.3195587524831087
acc_z_max,0.16365085217672937,0.6154113170893372,0.35766969347390376,0.3649190464487184,-0.5002047247714365,0.33543044425328467,0.029591233382090888,0.5177889611369928,0.6580250731963381,0.35008102532457497,-0.40855815858709843,0.2135620699947444,0.42584612524958965,0.9171529444572489,1.0,0.8630510282725453,-0.4753340988923305,0.6899024930262128,-0.09717594537879701,0.4472685716942564,0.2762597134890673,0.29995057938839664,-0.29456346257375066,0.2902122940800485,0.05295288866403629,0.12074603380146458,0.09730846471189669,0.032856629200825084,-0.0892991989865528,0.022598389946190296,-0.06559486743391209,0.047169390955348216,0.039243019716906254,-0.013732256937029449,-0.1357876669437235,-0.02421066616976992,0.38732332023453,-0.005240029991840486,0.3914045930575075,-0.38797446126362106,0.3685279186237544,-0.38732332023452976,-0.3501119648935638,0.02451441139941429,-0.3166554095084861,-0.35041723130128627,-0.3763112479710494,-0.3501119648935636,-0.24025905717689383,-0.04455619670974236,-0.20832828306875667,0.24210143720300886,-0.3021752200397848,0.2402590571768937,-0.3034080076953434,-0.03937936855627687,-0.2613019566082126,0.3080191088247424,-0.3391356795403477,0.30340800769534354,-0.07430209016529585,-0.056582856148612054,-0.06834379786503937,-0.07316358745330676,-0.06323232151589062,-0.07430209016529589,0.016759635231784836,0.3280377294464817,0.14377694231953483,0.003365099907085783,-0.03928339974960292,-0.03450572863775991,-0.03217607071613547,-0.017482303402169757,-0.06500086767192767,-0.08221825591169686,-0.05819660303105299,-0.07883832070892662,-0.27946763266662866,0.12502246066107486,-0.19861089194376008,-0.2804933997951075,-0.34605814069383234,-0.2846198025723762,-0.08186641999959401,0.04733328460967734,-0.043159077526380527,-0.09508378914870272,-0.16897734596719743,-0.1121269165636055,0.169025581890013,-0.07095190241331312,0.20314705916896492,-0.14234205642905082,0.16183104280180224,-0.14554338763031188,-0.009091139692820016,-0.1007407409503628,-0.05291672861088463,-0.2102639007764204,0.013542966182409438,-0.21639312656378903
acc_z_rms,0.18210233198971074,0.7895639708709482,0.5331948414094225,0.7284685209755627,-0.513985997849288,0.7083650766980506,0.04329681584916755,0.7523215418332411,0.7057956167132897,0.6809182728624371,-0.5654052928337056,0.5796044817473204,0.009613142901105471,0.9815684990270476,0.8630510282725453,1.0,-0.8086604186365502,0.9552127291557638,-0.11706538422106054,0.5736565520432196,0.34534583492044685,0.6043650225359143,-0.4256413303913958,0.6020277626304261,0.1619427433454167,0.37217614943961,0.35890137587135207,0.29620880439780095,-0.11408207585353772,0.27377552698062346,0.15706063102518364,0.5061911566324878,0.4328810891242574,0.3870960600963872,-0.31115317712068624,0.3560631104771648,0.20306209125705696,0.28728294296950685,0.3138259222488336,-0.20021076427618587,0.0934438609740015,-0.20306209125705665,-0.16632067574286005,0.3288360972700664,-0.036946015497281555,-0.16085795669911687,-0.31102100345679257,-0.16632067574285972,0.03092793501274839,0.2929980394664126,0.11491069736658667,-0.026210157354044514,-0.14761787542990454,-0.03092793501274893,-0.07159806331539445,0.2991137624942214,0.03879609280860158,0.08341912917412761,-0.22593617522286896,0.0715980633153945,0.2972397440388569,0.30527318470048004,0.3334133294318984,0.31239063619461577,0.2046573572076545,0.2972397440388567,-0.1655432749430777,0.20559007550931804,-0.0921378328182015,-0.1778296799375418,-0.18555025736935052,-0.21525313118388356,-0.01321539359058573,-0.03905048987842128,-0.057286841041991006,-0.20028757008418574,-0.01638733924489944,-0.19466998704641386,-0.5555001597164541,0.018748091094393383,-0.47420522188819614,-0.4960834423256094,-0.6014574131854206,-0.49935876768165854,-0.18589163958511218,0.013201195494449272,-0.15482185489551067,-0.21581205199941672,-0.24350505620010526,-0.23774534331626276,0.24019117038356036,-0.057066770285831236,0.28928918851824187,-0.22317894815876194,0.20377867714851472,-0.23316535033957597,-0.043831120863717,-0.15089939515343076,-0.11717248496302445,-0.317724051353991,0.0158834609643602,-0.3315860516514334
acc_z_min,-0.16335840801760884,-0.755133973080265,-0.6283878382891904,-0.8641660218537327,0.37115765235504344,-0.8515972543442349,0.04036639761659561,-0.8365482708573623,-0.5603507189659312,-0.877325703031272,0.6821296943574425,-0.8327192441526712,0.3561175824813546,-0.7610522445206243,-0.4753340988923305,-0.8086604186365502,1.0,-0.8898010149964627,0.10599306807254308,-0.6250656240688808,-0.3792976644231212,-0.7895193828724141,0.4955829684820536,-0.7911652740423228,-0.2970808079755123,-0.4915378505491377,-0.5739327222604461,-0.46588661636691486,0.025698515753331864,-0.44333729122460874,-0.37424348746711844,-0.7827114035713114,-0.6972661498596657,-0.6885817970109902,0.3210791850254067,-0.647262828416529,0.05743873652675463,-0.5189695143542625,-0.13256950716689417,-0.06345320471116697,0.2289229216800623,-0.057438736526754776,0.00683359621691981,-0.5848674308305297,-0.20481046306241282,-0.004384690224148307,0.24888728527290022,0.006833596216920075,-0.24234475455918797,-0.5582325180139995,-0.3735818824386241,0.23486211707606566,0.014044095850638974,0.24234475455918852,-0.16792870016089695,-0.6012919480107163,-0.3400426844872835,0.14946666685410917,0.07232677817166598,0.1679287001608968,-0.5658504045389376,-0.6170791973264095,-0.6498744402785432,-0.6003966686911285,-0.36461568615743967,-0.5658504045389374,0.20004850096338847,-0.05957531438531931,0.1806034039822856,0.27151607297081415,0.1962272800481764,0.3005031037345554,0.08226429111533202,0.09044502389066938,0.11462692448134537,0.20704289344271629,0.03184570299252641,0.19649709396027096,0.6951040832155994,0.08057004538045873,0.6198715189894922,0.5991919470428109,0.6997489054069469,0.6036099330377594,0.30103634962258147,0.059145358764456986,0.2691230594320392,0.3473534860846027,0.27204802001541173,0.36639059558030956,-0.33200296279749325,0.04209130939227422,-0.37536383932646866,0.3216363040872916,-0.2503255728265462,0.3399232185254794,0.13043353822323062,0.20589267913272746,0.21453493683766858,0.37592543060291916,0.010425515837083019,0.39275242800051313
acc_z_abs_sum,0.1898036227795235,0.7809231343449903,0.5614839771273176,0.8480905423184933,-0.44660828342506403,0.8419015513179313,0.01966558265500287,0.7890503014691201,0.6432217115696192,0.7759573414475524,-0.6022095965686822,0.7082288831548634,-0.22287260269178163,0.903363236119515,0.6899024930262128,0.9552127291557638,-0.8898010149964627,1.0,-0.14637463929212294,0.5834418490071616,0.33693483851801237,0.7035549863138953,-0.46184243182436735,0.7064179323584617,0.1913998376640574,0.4851095557349617,0.46401524919554554,0.42236201416338404,-0.12648263913286453,0.3942520124011749,0.2651414292145507,0.6893115242857999,0.591024585012756,0.5644735699683654,-0.35782323371480484,0.5257555626197182,0.0776170406241722,0.42438972815496595,0.2346523568668644,-0.07301760166109547,-0.07553244849758961,-0.07761704062417198,-0.06732117234657718,0.46721361198946154,0.10747320735158472,-0.059010751288678255,-0.2606805104832497,-0.06732117234657697,0.16305582327730922,0.4497814242310823,0.27409441889539826,-0.15711082828092832,-0.06203078305843034,-0.16305582327731,0.0566057954084382,0.449670262306605,0.19698583294693867,-0.042328858423099996,-0.14150900573369057,-0.05660579540843812,0.4509922960383609,0.4692061167250225,0.5103432253203203,0.47474079999303787,0.30797661659784364,0.4509922960383611,-0.2597004247383226,0.1174816221237181,-0.22101960778942242,-0.25939625719887166,-0.25145684723122946,-0.29357730259496895,0.010987205175260105,-0.029602074036434434,-0.03025534540629455,-0.2539816091017253,0.01660196641870922,-0.2488923711588452,-0.6440030140817397,-0.02629579347424356,-0.5655829654379549,-0.5541746430440151,-0.6745768771561444,-0.5583274957467314,-0.21100279921266557,0.005224971752430559,-0.17576215066669007,-0.24995618556831695,-0.24647096402981708,-0.2736939265398217,0.24095766370297614,-0.02251132903085487,0.29868534678000574,-0.2307359395063119,0.18915864825759152,-0.24524342610578295,-0.05222612133633775,-0.15318360363806036,-0.1297295943958296,-0.33576588198240737,0.01797510669864821,-0.3536442706354977
gyro_x_mean,-0.40671991996200585,-0.0940685575562364,-0.43962081430544586,-0.2523966197555545,-0.15674862014057714,-0.26804496649775617,0.6456919510907723,0.026016138173435913,0.3418848751177721,0.04674754865610438,0.45177733284665783,0.0904211133619301,-0.019237705459482474,-0.1176495071696367,-0.09717594537879701,-0.11706538422106054,0.10599306807254308,-0.14637463929212294,1.0,-0.027472003249206366,0.7048311469745661,-0.12442696873025015,0.7483269550346376,-0.12134302098466349,-0.04247398837983559,-0.21422493010671306,-0.18953418151415677,-0.3364272947321656,0.05213324819981178,-0.3169878592357943,-0.19405194319234367,-0.0117338826463313,-0.14416099429296997,-0.024105478299613993,-0.2337890555277086,0.012504515370550187,-0.1625000890931352,-0.1808387958208432,-0.189424520475155,0.15983480989391696,-0.048588097050838365,0.16250008909313474,0.3455148787836447,0.017839192296851856,0.27509855877870376,0.34443792877886437,0.29619605286142536,0.34551487878364323,0.13326679567703656,0.04731771236538892,0.08840996644579527,-0.13415868153944785,0.0977728951998502,-0.1332667956770377,0.38400527555685443,0.06797362759055176,0.2860780941973715,-0.38299968397071804,0.3613360168034816,-0.38400527555685454,0.18599315474255063,0.03590750733328425,0.07713934336594963,0.16027739043576422,0.1754142417208052,0.18599315474255057,0.07386988630966476,0.24778419692789766,0.10428882461100686,0.18982729711621465,-0.04710224546418718,0.17294146180525943,0.1647483314577372,-0.04526270391708726,0.14824992344921145,-0.1664472889066117,0.20704056567615112,-0.1592679420156765,0.24018633100957806,0.08620276580692045,0.2565352039234262,0.22815535580891272,0.2334907756679908,0.2274566014851806,0.18477205454739581,-0.13525926340705954,0.1098414551222772,0.012678339688283184,0.2806516097841514,0.027455891062716713,-0.11731353091462678,0.04725423594782396,-0.1326481797584627,0.14604357713879845,-0.12430902339712666,0.1517131266755222,0.29066850584154424,-0.07339641127422995,0.27746309475668235,-0.06321390850371968,0.2901622303643193,-0.059703582899857756
