,acc_x_mean,acc_x_std,acc_x_max,acc_x_rms,acc_x_min,acc_x_abs_sum,acc_y_mean,acc_y_std,acc_y_max,acc_y_rms,acc_y_min,acc_y_abs_sum,acc_z_mean,acc_z_std,acc_z_max,acc_z_rms,acc_z_min,acc_z_abs_sum,gyro_x_mean,gyro_x_std,gyro_x_max,gyro_x_rms,gyro_x_min,gyro_x_abs_sum,gyro_y_mean,gyro_y_std,gyro_y_max,gyro_y_rms,gyro_y_min,gyro_y_abs_sum,gyro_z_mean,gyro_z_std,gyro_z_max,gyro_z_rms,gyro_z_min,gyro_z_abs_sum,quat_w_mean,quat_w_std,quat_w_max,quat_w_rms,quat_w_min,quat_w_abs_sum,quat_x_mean,quat_x_std,quat_x_max,quat_x_rms,quat_x_min,quat_x_abs_sum,quat_y_mean,quat_y_std,quat_y_max,quat_y_rms,quat_y_min,quat_y_abs_sum,quat_z_mean,quat_z_std,quat_z_max,quat_z_rms,quat_z_min,quat_z_abs_sum,encoder_angle_mean,encoder_angle_std,encoder_angle_max,encoder_angle_rms,encoder_angle_min,encoder_angle_abs_sum,grf_x_mean,grf_x_std,grf_x_max,grf_x_rms,grf_x_min,grf_x_abs_sum,grf_y_mean,grf_y_std,grf_y_max,grf_y_rms,grf_y_min,grf_y_abs_sum,grf_z_mean,grf_z_std,grf_z_max,grf_z_rms,grf_z_min,grf_z_abs_sum,grt_x_mean,grt_x_std,grt_x_max,grt_x_rms,grt_x_min,grt_x_abs_sum,grt_y_mean,grt_y_std,grt_y_max,grt_y_rms,grt_y_min,grt_y_abs_sum,grt_z_mean,grt_z_std,grt_z_max,grt_z_rms,grt_z_min,grt_z_abs_sum
acc_x_mean,1.0,0.4305354450908439,0.6412144423470456,0.6109781762246362,-0.06615966380359507,0.6294545709619361,-0.12236639530973768,0.5049203437889677,0.36213039871468916,0.4577373414800115,-0.6236136409294134,0.4822208986202686,-0.4324869179576799,0.4698282426634211,0.2648330317123726,0.5187650421460619,-0.5247712488434058,0.5290648116156127,0.41775085238013887,0.3655789364444284,0.4496296508393824,0.4233883112238855,0.24959322941123088,0.41453714274106873,-0.43322794566197353,0.3525172423976107,-0.28627892530123755,0.2447704211535697,-0.49273235469692034,0.23587293841557588,-0.29192134312750356,0.6810962316243352,-0.03953182410601053,0.32966138135231277,-0.4725830880551205,0.2762452248954272,0.223301813461702,0.35676283671947745,0.2964610961939558,-0.2227289885011538,0.15470671782874096,-0.22330181346170158,0.3674279637245696,0.38506687130549755,0.41070835788594556,0.3682239509512766,0.2555472424557462,0.3674279637245688,0.3939830859166521,0.23620493741326848,0.36093992232110794,-0.3940021588927949,0.33117859792201026,-0.3939830859166521,-0.326435037075378,0.44237323807073803,-0.24351074520825977,0.3272163199538206,-0.37699874114361626,0.3264350370753778,0.4592105785206923,0.4708017785683831,0.47213083511244486,0.4698573554859122,,0.4592105785206923,-0.3067938701747798,0.09442794755599826,-0.07715547946587475,-0.13014195490262703,-0.5312709399961053,-0.17715999105049904,-0.3771487603008805,0.30492326060946995,-0.29240511075726794,0.378738404953018,-0.39960280087382044,0.3771487603008811,-0.24601240822938275,0.46650109567384956,0.044405332912504605,-0.14137738449286344,-0.5369590975912325,-0.20432639697944116,-0.4811904704808215,0.2824676493263684,-0.4623401547010758,-0.5000857856853227,-0.4452958224011879,-0.4975838506396922,0.3612225614760335,0.19977780204790171,0.4170750376918563,-0.5316637907780541,0.41836660766144573,-0.529896692231287,-0.03651750637643431,0.34344318052108475,0.09056743104600248,0.0274633970085285,-0.12163453612809384,-0.008075882203739657
acc_x_std,0.4305354450908439,1.0,0.9456286206422168,0.9635523515982009,-0.8800250791822128,0.9555416636730535,-0.2228923110574034,0.511606857264412,0.312271371934838,0.4054476289803543,-0.7848994426594867,0.40226683276455794,0.09200184245541151,0.676582727037976,0.6405097706774979,0.6465129593744141,-0.49906074387008703,0.6566357976471335,0.01780918039575006,0.13616925908701222,0.10397251426476273,0.055498124465986315,-0.12711095536206388,0.041272930241434094,-0.5179181084327137,0.7592666211339845,-0.17918960355427033,0.5453596457395923,-0.6662227791650971,0.5235011318334122,-0.6651982087729222,0.8276298298322304,-0.37715522047209793,0.7348637787621323,-0.7982722684912661,0.6912908855734319,0.528704850816162,0.46213790931126547,0.5456863309563291,-0.5288831280306183,0.498231796672291,-0.5287048508161609,0.09618324477050946,0.3165958743841058,0.14617881977825214,0.09651215454497128,-0.007401578388352426,0.09618324477050776,0.00454211810434233,0.44308343632322433,0.08550378121620797,-0.0038409220741481473,-0.15311095633446464,-0.004542118104342148,-0.4483145594512407,0.33075335725496763,-0.441506514596027,0.44811219745299025,-0.4653142224340192,0.44831455945123977,0.026324403510563674,0.03010555989966807,0.03405558376363145,0.029620412042971746,,0.026324403510563588,0.4914705266808805,0.6884537534357786,0.6274353250537206,0.42640222574616066,0.10319742269586724,0.35813447291844125,-0.658851781650703,0.656266688311405,-0.5696210266931958,0.6636170311725068,-0.7207472995044676,0.6588517816507035,0.4069274680429556,0.7356010934631516,0.6811100668008564,0.49345021015458174,-0.01688001626078673,0.4309380739907234,-0.4407006772849084,0.13652746205313449,-0.50980610862156,-0.6355499118334141,-0.3979101846989069,-0.6036996555679945,0.7318146245298192,0.5564577555903315,0.7752530939819627,-0.709422804064953,0.6797165873002943,-0.711974136813226,0.1546280463475174,0.6264363927391022,0.3791614898214474,0.2576353169348439,-0.0832892913997026,0.190070714743458
acc_x_max,0.6412144423470456,0.9456286206422168,1.0,0.9709631841437303,-0.7161716829375117,0.9668739554025518,-0.22118211778429153,0.577878779966657,0.3766514765574448,0.4709956391266579,-0.8364451033352897,0.47417656578136874,-0.08394294954851417,0.6736413301517193,0.5668448786160452,0.6798609699518181,-0.5637841982087753,0.6926116115540525,0.1689307961562864,0.22375870409177395,0.23742565087634962,0.19800896278412544,0.002347292565133005,0.18725033029571753,-0.5377365593957145,0.7379726383245938,-0.20960620278231978,0.5146625649878281,-0.6821372900758519,0.4919720764942264,-0.6323925559913496,0.855827218115817,-0.3289542701623998,0.6975701504482945,-0.783143819861093,0.6489912448978009,0.48485760410466416,0.5055244967346607,0.5281607077535496,-0.48472037454193745,0.4238686516352133,-0.4848576041046631,0.177520497247694,0.40612026933198836,0.2392133451267258,0.17820370707826766,0.04534579479649711,0.17752049724769212,0.11946489416009173,0.45510303585683726,0.1826048494945337,-0.11885546485724702,-0.03524743409477012,-0.11946489416009136,-0.4589763712677362,0.43344733036067,-0.4154995379765407,0.4591850697658745,-0.4934440458305993,0.4589763712677354,0.19407041064052472,0.20053294983782585,0.202687249206019,0.19990301915411587,,0.19407041064052474,0.31075956850394704,0.5892894349800779,0.4819283123712645,0.31757126150124715,-0.08711204871476397,0.2504097745329251,-0.6679530481704962,0.68025861760014,-0.562572553763964,0.6728992081607149,-0.7384873282105765,0.6679530481704969,0.2466477080023203,0.7101459831575877,0.5466414678996886,0.3478019861131836,-0.172877780257972,0.28162277953523346,-0.5330999023382348,0.22381850515684537,-0.5826021243161653,-0.6964863445075723,-0.49010365895075486,-0.6700972134196449,0.7178837426450054,0.538161739236695,0.7711523827057626,-0.7502453093769746,0.6819953530930403,-0.7513808060710608,0.07906974833261128,0.6239754095255605,0.3014847407997213,0.18105212779432836,-0.14003567824187887,0.11646641030054142
acc_x_rms,0.6109781762246362,0.9635523515982009,0.9709631841437303,1.0,-0.7813942502635934,0.9982173992703969,-0.26879154758420576,0.5746382252630363,0.348383583823168,0.47688040866807446,-0.8676151505010948,0.4851174041638705,-0.06156195175327119,0.7081022613184852,0.6067877006875915,0.7096274342690523,-0.5863495297990136,0.7211852844543081,0.18192769216704752,0.22843301234371546,0.24639243017769913,0.20687208206628172,0.022619947718061594,0.1965759065651326,-0.5620322531094898,0.8082817403153312,-0.19774342930037866,0.5645847243004233,-0.7257732954476354,0.5404934339366134,-0.684155067182415,0.8950061405575493,-0.37601657243624326,0.750931571585057,-0.8372874100124964,0.7010617759481736,0.5467315626164472,0.5483552646808152,0.5854870658097482,-0.5466266840918347,0.4817915691538202,-0.5467315626164453,0.19988042715011936,0.42740937997869377,0.26514814382463947,0.20057966336249858,0.058172486492597514,0.1998804271501174,0.13061088671197,0.4937360819644179,0.1977663116630892,-0.1299570406264236,-0.033335848139946445,-0.13061088671196963,-0.512263052993096,0.4703768361292677,-0.46742369711838705,0.5124643055123451,-0.5481771380281479,0.5122630529930949,0.20999353682966715,0.21570812771152656,0.21674897753048603,0.21521562231562297,,0.20999353682966718,0.39549807451650687,0.6140706001375552,0.5493091204183042,0.38263675852491685,0.031083322251066706,0.3212924722658663,-0.6959350512745814,0.6702980408295048,-0.596386579308872,0.7004367590548952,-0.7611948627525821,0.6959350512745819,0.30239512677136593,0.7244204640881955,0.5962817095514501,0.40707489360273136,-0.1200306879754517,0.34195335527095694,-0.5441648403250866,0.19935140549304461,-0.6064984656979786,-0.7169940728477743,-0.4964048843889763,-0.6872063937635955,0.7642076983701115,0.5060517250667602,0.8027310569033854,-0.7788632181600589,0.7393029175063116,-0.7794305296841584,0.08660711506895553,0.6833763503686574,0.3338378825814555,0.17338364902411008,-0.1499765838875576,0.10349177219088528
acc_x_min,-0.06615966380359507,-0.8800250791822128,-0.7161716829375117,-0.7813942502635934,1.0,-0.764241828134311,0.13780713280707463,-0.3996439762687797,-0.24486976787771533,-0.3320069218291178,0.5999359200710308,-0.329440301603205,-0.17180705793132292,-0.5757453223675797,-0.595963735767698,-0.5206039210810711,0.4061614244273046,-0.5217870029889363,0.1144475048066757,-0.11006294033174488,-0.014965890431334098,0.05745336424090942,0.2920178408941058,0.08271835712018832,0.3984969031420889,-0.7095935825823071,0.07984868778006825,-0.502999697296618,0.5457105098754819,-0.4822010705317074,0.5753386757062128,-0.6283474724552213,0.3825738385548955,-0.6362599023750423,0.6649740365108311,-0.6091683937751675,-0.4874122992323703,-0.3656890950914441,-0.4731183561819202,0.48791951328900673,-0.47895759249562225,0.48741229923236845,-0.01787675198888545,-0.17266481712385143,-0.04630943651038491,-0.017748067179360852,0.038517292761804864,-0.017876751988883808,0.07666612483852446,-0.367724061058673,-0.008346121420213735,-0.07723341181157702,0.20255995932532614,-0.07666612483852459,0.3853611569759834,-0.17471033549971335,0.4175881129334065,-0.38473942520114046,0.37622020750877894,-0.3853611569759823,0.13437361375993961,0.13141526241652532,0.12378735417071882,0.13201194346139541,,0.1343736137599397,-0.5811952184736423,-0.6101581551914094,-0.6421147264665998,-0.42282253413026466,-0.31661534159289667,-0.37605992855638654,0.5668641627728604,-0.537198944044206,0.5169502568568712,-0.5706062251186135,0.6153599888652302,-0.566864162772861,-0.4109627153366219,-0.593206072333479,-0.6382327351989638,-0.4670363714564554,-0.10038059981710118,-0.4173755347134656,0.3567766098910197,-0.07280297025228365,0.42504352056876427,0.5683951842565189,0.3158145305420766,0.5350332407944526,-0.6667617973748969,-0.463075179096697,-0.679189359098817,0.6072702560268665,-0.6050607899564435,0.6112624724581552,-0.11622977179104274,-0.6204156016450215,-0.34330303019785774,-0.18269889970828151,0.11772101241547674,-0.1147631475733653
acc_x_abs_sum,0.6294545709619361,0.9555416636730535,0.9668739554025518,0.9982173992703969,-0.764241828134311,1.0,-0.283094710405389,0.5772110503286142,0.3460539056176485,0.4816123676518099,-0.879923020234765,0.490935381953808,-0.05915063977406365,0.7242446952746557,0.62280102018185,0.7261850572264507,-0.6007801475187331,0.7363325394935397,0.19602655178875064,0.2377097968204992,0.2594332132843904,0.21965426025573961,0.036743758795505815,0.20897354012873426,-0.5800477000447375,0.8060451710259532,-0.2192256637190156,0.5823349536867816,-0.7406729742550507,0.559196229938406,-0.6960850158888208,0.8967115627934231,-0.3899564666242287,0.7623616997666975,-0.848123548581205,0.7128150181698071,0.5675232110754563,0.5664296095994188,0.6073378865345512,-0.5673896342125158,0.5006626914598115,-0.5675232110754547,0.23275290508153815,0.43722489742747195,0.297243300326,0.23344676734990838,0.09055980823905158,0.23275290508153615,0.16072603220613121,0.5054088550042369,0.2251481913799346,-0.16007238440462473,-0.0037973377886650153,-0.16072603220613088,-0.5369414258209275,0.4851894435387406,-0.4915495623535382,0.5371449082095282,-0.5716812361445075,0.5369414258209269,0.22874659385006205,0.23506908290184564,0.2362752327947742,0.23451707871550864,,0.2287465938500621,0.39108109783500966,0.6194321185238795,0.5484898248309122,0.38945082753354926,0.01829196637162724,0.3273947031222172,-0.6953038222520607,0.6595287769637304,-0.5954575329765253,0.6996210102342548,-0.7575310159069275,0.6953038222520612,0.3005491259931025,0.7324247521136711,0.5963152148613303,0.4077725555421847,-0.1313452290405856,0.3419745823599061,-0.543493574633087,0.2058914886401313,-0.6030609220633724,-0.7122909320884957,-0.4981431909282244,-0.6834804299455105,0.764589165613482,0.500528166055016,0.8023183331864523,-0.7809634496284401,0.743256362053842,-0.7814582577030649,0.0926248307273706,0.6851701506277489,0.3419487639377328,0.1842122264807048,-0.14472806530879131,0.11373588699140554
acc_y_mean,-0.12236639530973768,-0.2228923110574034,-0.22118211778429153,-0.26879154758420576,0.13780713280707463,-0.283094710405389,1.0,0.3782143008606616,0.6248357760051568,0.45413060652068055,0.34372606164173397,0.41784783433204603,-0.2240598524785537,-0.029508659783458242,-0.09975308555330473,-0.03051040978825586,-0.013437345195875104,0.013161520880246776,0.1946491547885472,0.4357659500433418,0.3043766370795663,0.28953675377058363,-0.31518589685808307,0.26226616945128256,0.5014277116312539,-0.12328782920204767,0.49156514363500386,-0.31898766652016936,0.4400853829729167,-0.3227173929047757,0.459481135508345,-0.07081043747231028,0.5075286449083942,-0.40554834674649776,0.3697072247412702,-0.4171128388876931,-0.5363617268442269,-0.21360641852088688,-0.4594367502403606,0.5367457110366006,-0.5470277811850259,0.5363617268442287,-0.3183035176471104,0.13649982723562104,-0.1952834755098314,-0.31702385092036245,-0.3326160707427063,-0.3183035176471104,-0.09476465383530792,-0.045894075600042314,-0.04153159112506401,0.09476435651871006,-0.04781974552231174,0.0947646538353071,0.3894945695210704,0.008891152240305544,0.41813620335482743,-0.3885688131497957,0.2969623292524712,-0.38949456952107037,-0.32576568039939535,-0.30561369837690716,-0.2699396609941938,-0.3088118912359106,,-0.32576568039939546,-0.2904647969440262,-0.27973207117087756,-0.30650848310180484,-0.2907081089544724,-0.17916045067015055,-0.27428207283799744,-0.21521910074790807,-0.15247502166338678,-0.2732637602288625,0.21173662663653545,-0.11804623954482878,0.2152191007479082,-0.33745538306530853,-0.13061222389877533,-0.3196929418437329,-0.3507138295987883,-0.27249646886002254,-0.34724045364694767,-0.28834065000586157,0.2895998311471625,-0.21280589839246236,-0.07893544387590995,-0.2686835754080827,-0.10225282396322825,-0.21540801403667897,0.30199933118850003,-0.12158755886243591,0.18169058737209684,-0.3758670560980325,0.15549325057400096,-0.5115951840992949,-0.2389069318786699,-0.6274035693964678,-0.26425584460559826,-0.3589952832362778,-0.22722480153552968
acc_y_std,0.5049203437889677,0.511606857264412,0.577878779966657,0.5746382252630363,-0.3996439762687797,0.5772110503286142,0.3782143008606616,1.0,0.9341543356380938,0.941157864926461,-0.6968183030830274,0.9252212018961052,-0.3963745659349983,0.7465778793342379,0.5217803695054476,0.8245177911411745,-0.8233025490570595,0.8482037890173999,0.6449553542660872,0.6963901993979372,0.7617253340412921,0.7198806376741559,0.12203911352180757,0.6966920680169933,-0.28921075033467664,0.7089148605431286,0.020556319680965808,0.5077090100375308,-0.4796004212227269,0.4885734968170494,-0.3567961646552381,0.5882524474996195,-0.14346424273485217,0.43250917497330765,-0.5008698816481922,0.405744317022738,0.31171408661895394,0.6557540145480942,0.43800440616811676,-0.3106177828870873,0.1434532541402268,-0.31171408661895106,0.415867754713459,0.7034616657990744,0.5590542181701654,0.4179627954825753,0.22616256113586236,0.41586775471345744,0.5464844375106288,0.7004816200965808,0.6278052837199674,-0.5458137372808661,0.4171989484162714,-0.5464844375106294,-0.5209003056445302,0.6978931896321671,-0.4120623471959519,0.5222748265317124,-0.6081169654995146,0.5209003056445297,0.3292888127273057,0.3660891899792336,0.4023940411931222,0.36146987622236254,,0.32928881272730554,0.03289596394240059,0.2915265068640588,0.1831315456674794,0.11481198659209887,-0.20799655049840618,0.08052353654984737,-0.8285653435163343,0.4374738398251504,-0.7845595964598081,0.828213557200482,-0.781753391247075,0.8285653435163348,-0.2377779581096289,0.5176561964711777,0.09334409269382309,-0.11355794739946008,-0.5742037277699538,-0.1812284497925625,-0.8788046102306142,0.6648857099274956,-0.8049854656576628,-0.8092457624805877,-0.8603766705803455,-0.8225661162886707,0.5932401632152191,0.5028336331847949,0.6528504487624252,-0.6835446994619182,0.5153099747170932,-0.6984232346483332,-0.4769491873969427,0.6020187755968662,-0.2815890755616134,-0.1669389445021884,-0.5822837350285897,-0.21792797715031353
acc_y_max,0.36213039871468916,0.312271371934838,0.3766514765574448,0.348383583823168,-0.24486976787771533,0.3460539056176485,0.6248357760051568,0.9341543356380938,1.0,0.9072917885918773,-0.42891311532635656,0.879028502698186,-0.3980702529905621,0.593654087029653,0.381215925486118,0.6574053633928131,-0.6888642430947992,0.6869420233303081,0.5847082756894242,0.7233175630424963,0.7294246508769398,0.6860126818512594,-0.015506598415521855,0.6549710914108964,-0.05521302516301042,0.5200929941090093,0.18258118988403244,0.3318736858131759,-0.23276424565285075,0.31605071080378777,-0.12143632033879645,0.4090960512675382,0.046215438163615716,0.20626855254592205,-0.2598131184648798,0.18589803331923319,0.07139216104625773,0.47155207394120796,0.20246264879635306,-0.07034338429008945,-0.08397084108787772,-0.0713921610462548,0.2610851521780805,0.6086455458336577,0.4080757459339359,0.26311385655584313,0.10519005440565185,0.2610851521780789,0.45523303665802506,0.5497772568596079,0.5311742691207191,-0.45476954591108737,0.37488787554860403,-0.45523303665802617,-0.309954257832276,0.5672845843161484,-0.20697258777949976,0.31132192517345864,-0.4039613249097617,0.3099542578322758,0.1989482795867813,0.23063252161950568,0.26419494824047124,0.2265298587055725,,0.19894827958678146,-0.08987504675051289,0.13592700843554834,0.029968687648244927,-0.02243712721257953,-0.25081311770759884,-0.04380738916225129,-0.7500888276077842,0.3161287085446734,-0.7346301512728655,0.7486783647946325,-0.6766830105925483,0.7500888276077844,-0.3345935829073287,0.3743729073155782,-0.05173205033065245,-0.23634965136293792,-0.5805022557976586,-0.2923486730414419,-0.8127723460540859,0.7162636613800483,-0.7054775759660377,-0.6887110053844563,-0.8106600077927149,-0.7162602913395445,0.3936671784509452,0.5055754715974741,0.4751754109376717,-0.4802640075990787,0.2805759741676361,-0.5002909497433656,-0.594683767857801,0.4313517691419872,-0.4694339901561757,-0.24478983296955917,-0.6296889761417184,-0.27674340582712054
acc_y_rms,0.4577373414800115,0.4054476289803543,0.4709956391266579,0.47688040866807446,-0.3320069218291178,0.4816123676518099,0.45413060652068055,0.941157864926461,0.9072917885918773,1.0,-0.608624946595175,0.9951606344534135,-0.44406617865022385,0.7242935199286165,0.47757260203238555,0.7992626097015412,-0.8334518634777048,0.8208750216048546,0.7120654345055043,0.8809023040277874,0.8744893453776933,0.810216895115445,0.01225994320256003,0.7688976830148647,-0.23838945556108115,0.6447962595184528,0.057729981776148395,0.4711219688666344,-0.4260520139955894,0.4517237269178533,-0.3097684610400409,0.4989234285936217,-0.13298228477849675,0.3781317092465464,-0.4341273664613839,0.3601472833966971,0.269537549306417,0.66080212204855,0.40455751317479427,-0.2683200576375958,0.0858031357450105,-0.26953754930641366,0.4284609544969124,0.7343360953975756,0.5827972839633473,0.4305875716531121,0.2353920627029013,0.42846095449691074,0.5968192326039562,0.6737243942118246,0.6751688510752568,-0.5963358119613533,0.49629488991067167,-0.5968192326039563,-0.5139423322289461,0.7362587035151656,-0.3986990616536028,0.5153855856324815,-0.6160041380669922,0.5139423322289461,0.3727997440871266,0.39916564105189384,0.4219334645001525,0.39607949423092964,,0.3727997440871267,0.00616488637764512,0.20929644283891197,0.12051108300707374,0.12170765301639196,-0.18241770041294839,0.10477504773947625,-0.825555409443779,0.30316549797348885,-0.8170468254308614,0.8232870963778034,-0.7574393704194224,0.825555409443779,-0.2950451081973431,0.3993506732476584,-0.008256057498107669,-0.18004647387244865,-0.5685989767879067,-0.23386505284084871,-0.9165045176693903,0.7008758050463487,-0.8262584308328885,-0.8217079466604251,-0.9020024658659516,-0.8391679244490526,0.5615025987535849,0.5106182785493547,0.6161150322421948,-0.6402830864017419,0.4716794629050894,-0.6593376588375729,-0.559148417828348,0.563593806546594,-0.36268690231971473,-0.24477587602204706,-0.6357770800128496,-0.2913153872893727
acc_y_min,-0.6236136409294134,-0.7848994426594867,-0.8364451033352897,-0.8676151505010948,0.5999359200710308,-0.879923020234765,0.34372606164173397,-0.6968183030830274,-0.42891311532635656,-0.608624946595175,1.0,-0.6252951259719576,0.1798978396186556,-0.8078107403395836,-0.6527836416706905,-0.8680479943553748,0.7958112062688516,-0.8684228301618602,-0.4615025816222249,-0.38165816143397646,-0.49169023606639134,-0.46641539109022856,-0.24776423258013736,-0.4608959029202116,0.688754882823304,-0.8255448746286261,0.35078114257676335,-0.7376932032155377,0.8409576970343073,-0.7194362163414751,0.7595315174092032,-0.7479233229958272,0.5317757481925954,-0.7953815036482308,0.8491847666334926,-0.7685715776592997,-0.7206753422218803,-0.8053686293551411,-0.7895718625944368,0.7199776485630608,-0.5826565873179592,0.7206753422218788,-0.572755432834047,-0.6044264031918904,-0.6410683302075363,-0.573926914358612,-0.39501085851243994,-0.5727554328340455,-0.5210017196018533,-0.7311460299992246,-0.5814380866697478,0.5202476518759607,-0.3443166124506541,0.521001719601853,0.785595866604043,-0.697109429514684,0.7067829496706232,-0.7862408565698971,0.817934762178292,-0.7855958666040425,-0.47484083041348885,-0.49237538720934093,-0.501026016012359,-0.49064716853697654,,-0.47484083041348907,-0.3202390907810375,-0.5752565749683424,-0.4839295117895898,-0.39786438502791494,0.04918661691841092,-0.34318364129936957,0.7113589642633941,-0.575817794104852,0.626997295382293,-0.7138137745386381,0.7485071175632989,-0.7113589642633942,-0.10908723888213474,-0.6678086090035847,-0.41875482885671195,-0.23949876425488859,0.31588253435972163,-0.17181671352660907,0.6725469052036572,-0.3704504878605997,0.6895575568727891,0.7778995210254275,0.6495785648670449,0.7609795973366501,-0.8062134415692049,-0.39240626863501743,-0.8102742684678612,0.8542665882588183,-0.8182541183160293,0.8531961802832454,0.04130814746209378,-0.7631964101751499,-0.24073894680000088,-0.07049099932153609,0.2695842569182067,0.005003644510464829
acc_y_abs_sum,0.4822208986202686,0.40226683276455794,0.47417656578136874,0.4851174041638705,-0.329440301603205,0.490935381953808,0.41784783433204603,0.9252212018961052,0.879028502698186,0.9951606344534135,-0.6252951259719576,1.0,-0.48846699263305066,0.7251048919421827,0.4646602763160598,0.8066257472715638,-0.8542230425450181,0.8271296446350054,0.7423159734609924,0.8986990976264083,0.8955702416702177,0.8337096398381026,0.04427009536165899,0.7926878448933901,-0.2711520275986632,0.6410266080425465,0.023246037175705444,0.4697195362411764,-0.4538801137901754,0.45092722961679854,-0.32888564871772596,0.503986496676071,-0.1566012878640147,0.38840938246008005,-0.4518872091067603,0.3707530663479039,0.2902109002111945,0.6794104888556759,0.4252446908248223,-0.2889772182088398,0.10198776380002277,-0.29021090021119117,0.457602669539186,0.747782447789614,0.6121226237043662,0.45974996268703355,0.26084759838238625,0.45760266953918466,0.6208545996346192,0.6760938508301951,0.6966381705548207,-0.6204012768749182,0.5219140995795358,-0.6208545996346194,-0.5356921915793863,0.757389269464242,-0.41639378975339253,0.5371756091829698,-0.6395530896277608,0.5356921915793859,0.4139392081637431,0.44078749246471527,0.46298069550512394,0.4376935257738393,,0.4139392081637434,-0.009178381074279167,0.1854016359392642,0.1026382965984507,0.11649022977303343,-0.18613671139908758,0.10229129216216533,-0.8094295018627607,0.2914254556546835,-0.8025409914112845,0.8071526086917945,-0.7464514033170528,0.8094295018627614,-0.3154561930787172,0.37959942122585444,-0.028071512573717258,-0.1986062432328073,-0.5722561392370276,-0.2512625850349606,-0.9260734578359319,0.672595094071522,-0.8477996809755092,-0.8334785165852416,-0.9024522001232731,-0.8476668637441163,0.5803251532417293,0.47926521833157304,0.6220621192958998,-0.6662533606518953,0.5026769231392858,-0.6841290203521254,-0.5453316870490944,0.5826185756045715,-0.3387899807929208,-0.2543456525018513,-0.6240805616564672,-0.3034908990178069
acc_z_mean,-0.4324869179576799,0.09200184245541151,-0.08394294954851417,-0.06156195175327119,-0.17180705793132292,-0.05915063977406365,-0.2240598524785537,-0.3963745659349983,-0.3980702529905621,-0.44406617865022385,0.1798978396186556,-0.48846699263305066,1.0,0.07873679491455055,0.42020480785894126,-0.11138664315862158,0.32647528317578023,-0.14265554631245297,-0.7384222451567133,-0.5526842749157118,-0.6841484023564169,-0.727846428380068,-0.47046051659894045,-0.7334273851621591,-0.03247156641286548,-0.09534583768113396,-0.08430222959113806,0.2751777061751709,0.036280902771271537,0.2881474679978383,-0.1916572784965536,-0.0031235332365553304,-0.21546382922288157,0.22384061369648028,-0.10466367740973183,0.2354546183410119,0.22877182635332777,-0.19461484616681718,0.12214813890604105,-0.23001998637895799,0.3973030645839547,-0.22877182635332868,-0.16925649528614067,-0.49905516693129,-0.2926158329606196,-0.17144151473225444,-0.012620502871587667,-0.16925649528614103,-0.3436016781691096,-0.09202548809353148,-0.32292862104901704,0.3438492198216421,-0.3770279868037872,0.34360167816910964,-0.014348417558781244,-0.4435606330569684,-0.17237875774542538,0.012296556354610062,0.08696407312680743,0.014348417558781537,-0.6611237467935385,-0.688460806283918,-0.7019463351368116,-0.6855595848629874,,-0.6611237467935386,0.5917876802614516,0.5703192962343278,0.6116655917641781,0.44595956861297864,0.44663000013992216,0.3981114433708791,0.11930470691839126,-0.11341049977431504,0.08832651076647105,-0.12056104368014955,0.1427343873360685,-0.11930470691839157,0.7768566771276915,0.35329365517893674,0.6922374275938048,0.7394201827219865,0.555056144715257,0.7305481468285404,0.5952838693173335,-0.21361381449532682,0.6172114447592848,0.4659933366344799,0.49802614925225924,0.46853524369407795,-0.15180020297309185,0.2174883874335667,-0.061200015221708905,0.3591597356039942,-0.21512965088666297,0.3540373280768174,0.4827155327176018,-0.16887599449609667,0.432069248333332,0.5408705643803126,0.3850737682084154,0.5513251318882112
acc_z_std,0.4698282426634211,0.676582727037976,0.6736413301517193,0.7081022613184852,-0.5757453223675797,0.7242446952746557,-0.029508659783458242,0.7465778793342379,0.593654087029653,0.7242935199286165,-0.8078107403395836,0.7251048919421827,0.07873679491455055,1.0,0.9217014889431141,0.9700410851567298,-0.8832574288978767,0.9565085057517215,0.3330950378021517,0.5173251033890431,0.49491739589862666,0.4009217566112909,-0.07782608981144329,0.3621937814024767,-0.6698532165256484,0.7499987835004723,-0.36579779993345074,0.8554042352325893,-0.7983478046477516,0.8451671947385352,-0.7627779882182252,0.720448508258116,-0.5841258082268446,0.8250700605087659,-0.8453009577390612,0.8090342638716833,0.7627528281778525,0.7773953477550467,0.8203612820815847,-0.7623802402838609,0.6698867797512591,-0.7627528281778508,0.6061154213031906,0.5142598928040629,0.6614171630473394,0.6067058777445526,0.48757434345626083,0.6061154213031884,0.5718589975744575,0.7630657698602312,0.6533299151684078,-0.5711260013065261,0.405713939521636,-0.5718589975744567,-0.8379693774564343,0.6059347681654494,-0.8166036344148272,0.8379805614958035,-0.8555550489053029,0.837969377456434,0.1641116818250849,0.1788131694982304,0.19304020747437917,0.17704141059065065,,0.16411168182508482,0.4158721068559425,0.7108231616539862,0.6197848063039197,0.5044032575076534,0.01502833082492541,0.44024041463396946,-0.7796601936064925,0.3545519453625361,-0.7537917137379553,0.7781446871374793,-0.7403504622599811,0.7796601936064929,0.20777009667231186,0.8153161752413044,0.5555189719741375,0.3412903631702638,-0.294882302415784,0.2552285351301863,-0.6206945599267601,0.5161450564773153,-0.559484089721984,-0.6824929243169917,-0.6431114505579947,-0.6823684426081771,0.7511182585052285,0.5941721298776741,0.8177052125529087,-0.7342141770501219,0.6953408045048167,-0.7473890612176829,-0.03187202118398853,0.7040240613154511,0.23342542462187563,0.25717262010568465,-0.26426496321491566,0.1849155990670809
acc_z_max,0.2648330317123726,0.6405097706774979,0.5668448786160452,0.6067877006875915,-0.595963735767698,0.62280102018185,-0.09975308555330473,0.5217803695054476,0.381215925486118,0.47757260203238555,-0.6527836416706905,0.4646602763160598,0.42020480785894126,0.9217014889431141,1.0,0.8206484003490406,-0.6621177952854501,0.7931899499276744,0.004816541077347284,0.24509655197781463,0.17269913396960454,0.06845132207700934,-0.2599683722116418,0.030818007867941227,-0.6229923190789011,0.6193677084856563,-0.3873816731837908,0.850258434961011,-0.7073730335579391,0.8474804890300557,-0.7340629273242663,0.6340599425517072,-0.5958190483845289,0.7969128615900405,-0.7882157176778131,0.7853360253302777,0.768824891018311,0.5894724438565891,0.7722220863507268,-0.7690695099322863,0.7646814215844053,-0.7688248910183093,0.4967857405027059,0.24103686937231175,0.4930855874343488,0.49637750926834234,0.46777495368829014,0.4967857405027043,0.3922364352966882,0.6146283129781138,0.46574305365660673,-0.3915546093284953,0.24653351713733682,-0.39223643529668795,-0.7507128056952754,0.34488269173599556,-0.8016619364487029,0.7498690565971989,-0.7229583873962803,0.7507128056952754,-0.1415050427151036,-0.1313832374956269,-0.11179522225492872,-0.13286274446796337,,-0.14150504271510386,0.5482979613527866,0.8048070284293508,0.73868754234596,0.5643955139828676,0.14313222359055325,0.4912935131710219,-0.615620551004455,0.27570747088335695,-0.597788773142864,0.6142809573140144,-0.5763516774618709,0.6156205510044549,0.43243651167476005,0.8614504390287175,0.7400975282974429,0.5374770166801729,-0.08980286646453714,0.4530502643872706,-0.31979375396493415,0.3511501222922262,-0.2606345968209743,-0.42460010895259753,-0.36625780159436583,-0.4218824908290925,0.6008033722577476,0.5667530368712013,0.6843416235601577,-0.5278923158533853,0.5381109286548731,-0.5409219538703731,0.17064576927998773,0.5784948851968724,0.390084066295176,0.43737145411261374,-0.07485453695516388,0.3735971622115532
acc_z_rms,0.5187650421460619,0.6465129593744141,0.6798609699518181,0.7096274342690523,-0.5206039210810711,0.7261850572264507,-0.03051040978825586,0.8245177911411745,0.6574053633928131,0.7992626097015412,-0.8680479943553748,0.8066257472715638,-0.11138664315862158,0.9700410851567298,0.8206484003490406,1.0,-0.9414240267792768,0.9954054389758432,0.5185736363239944,0.5986807232407776,0.6353442200335511,0.5707355167414013,0.09778442299185648,0.5420604416287891,-0.6631982821687782,0.7876641136446307,-0.34124867091449773,0.8281309226974308,-0.8090556996034957,0.8151930550835788,-0.744959579145762,0.6877281812373277,-0.5673021146673061,0.7946506844482359,-0.8228110742443003,0.7808809056334871,0.7457355342526478,0.8628881846527269,0.8296230075827987,-0.7449715044676002,0.6025422014538847,-0.7457355342526455,0.6707164778367591,0.6527824262464607,0.7559870478419957,0.6719240313268855,0.5060054160705313,0.6707164778367568,0.6657721021425717,0.8422541897445002,0.7516314152976412,-0.6649652063843094,0.4926669640255176,-0.6657721021425714,-0.8681697326552669,0.7388624171196382,-0.8053426555075244,0.8687249980048503,-0.9084799844159388,0.8681697326552666,0.3499323127814778,0.36978200831819913,0.3840286016495589,0.3675197973212539,,0.3499323127814777,0.3372233544677793,0.6184221472286804,0.5208233187572011,0.45404594454247305,-0.03887789334036768,0.3996831473766415,-0.8094324203397907,0.4025697078244165,-0.7732687462384028,0.8083659769186633,-0.7790415087679775,0.8094324203397903,0.0705543169361763,0.7231011145677974,0.40953297949195516,0.2114014515622992,-0.3910564391768326,0.13276229400613132,-0.7443747737913015,0.557811271291901,-0.6973802988812134,-0.7719154148031958,-0.7491796469738345,-0.7722508858704956,0.7897743609362963,0.5343893933489354,0.8295656416804168,-0.807729134657333,0.7497880233404247,-0.818628338387999,-0.14689445557409275,0.7395594473814461,0.12852206876808475,0.1220708358679289,-0.35458853460724404,0.049991342121310754
acc_z_min,-0.5247712488434058,-0.49906074387008703,-0.5637841982087753,-0.5863495297990136,0.4061614244273046,-0.6007801475187331,-0.013437345195875104,-0.8233025490570595,-0.6888642430947992,-0.8334518634777048,0.7958112062688516,-0.8542230425450181,0.32647528317578023,-0.8832574288978767,-0.6621177952854501,-0.9414240267792768,1.0,-0.9323250697824835,-0.6300610096652277,-0.7199218990770223,-0.7667091580677431,-0.6870999396396515,-0.14928857333934864,-0.6513204364624714,0.6377570602911541,-0.6897733635572154,0.3645232018980131,-0.7276827349865669,0.7619142112665457,-0.7164539815872599,0.6447331626886329,-0.5487064689941205,0.524194459354765,-0.6753847641282825,0.7099544921174092,-0.6721110854265079,-0.6700874676858615,-0.8470481315173337,-0.761001663408225,0.6691585009437854,-0.49934551903786,0.670087467685859,-0.7275699350627333,-0.6847073281648488,-0.8110840416992786,-0.7288964120927601,-0.5561151333738774,-0.727569935062731,-0.7615788488244004,-0.7831726023487495,-0.8217791027103762,0.7610189216887955,-0.6243221375042582,0.7615788488244,0.8422716311451256,-0.7508621884611284,0.7578443015065126,-0.8430420169771898,0.8836430400455362,-0.842271631145126,-0.48245060810907686,-0.5077882405173776,-0.5258304837671718,-0.5049881041642765,,-0.4824506081090767,-0.14868196993009086,-0.4239616846921596,-0.32378947316415324,-0.3090346193558715,0.1466988225929808,-0.2717735111634511,0.7257649454785123,-0.2924566904127094,0.7094135876337045,-0.7238090314964731,0.6880198151520016,-0.7257649454785127,0.1641177719615813,-0.5608790617947246,-0.1766429469500889,0.026670944703238726,0.5124466673460466,0.1003166094043961,0.8023542261131406,-0.6147911703752941,0.7308858907955952,0.8048597794107539,0.8068462355813296,0.8111344996731744,-0.7536381754145384,-0.41972399071329247,-0.7647864759309974,0.8122241038093186,-0.737265462184882,0.8210188337037319,0.23988888098499891,-0.7265856001353429,-0.035891652519218636,0.002911251543773144,0.41132606456902315,0.07558481085354316
acc_z_abs_sum,0.5290648116156127,0.6566357976471335,0.6926116115540525,0.7211852844543081,-0.5217870029889363,0.7363325394935397,0.013161520880246776,0.8482037890173999,0.6869420233303081,0.8208750216048546,-0.8684228301618602,0.8271296446350054,-0.14265554631245297,0.9565085057517215,0.7931899499276744,0.9954054389758432,-0.9323250697824835,1.0,0.5493225538377164,0.6103797813438382,0.6503363698455672,0.5992488091613365,0.11306567212313556,0.5741042129370433,-0.6317992289852066,0.8020750366165943,-0.2973353418794149,0.7947288761216315,-0.7892547836601079,0.7797749459066192,-0.7296415453192387,0.7075608767827041,-0.5347940773904934,0.7815519963533534,-0.8144505054197824,0.7642331826655718,0.7074706655713808,0.8595008740431643,0.8008419226731509,-0.7066289314719028,0.5586969519530819,-0.707470665571378,0.6271323610720114,0.6873525594806318,0.7300274367432843,0.6285728664793323,0.44878707442828464,0.6271323610720092,0.6342499926977462,0.8505217214749227,0.729321242334805,-0.6333795521475856,0.45539286810652174,-0.634249992697746,-0.8338761779271788,0.7640991978090459,-0.7605043822527838,0.8346096092655316,-0.8879083633462526,0.833876177927178,0.3528677727715522,0.37310690734656166,0.3875165919418522,0.37078523097692934,,0.3528677727715524,0.3351151656767163,0.6094988795770794,0.5122235099597491,0.4530260215411327,-0.03740532932216906,0.39936455119676634,-0.8343617739445103,0.42106511669574664,-0.7957487815365496,0.8334094307014083,-0.8050939073550999,0.8343617739445104,0.06737470044960962,0.7104407355795987,0.3946572771998704,0.2073589512562367,-0.39070102810520807,0.13209877403773526,-0.7747899333005829,0.5547377043400076,-0.7394285487346108,-0.7901151568482236,-0.7702000069342589,-0.7889831806211774,0.7952789565728606,0.5579775757816425,0.8373639043946508,-0.81264162255118,0.7441476089000709,-0.8246511649608312,-0.17634796972323166,0.7226944560174424,0.09061236979205718,0.09637535928239963,-0.37275378710033447,0.027724831411321635
gyro_x_mean,0.41775085238013887,0.01780918039575006,0.1689307961562864,0.18192769216704752,0.1144475048066757,0.19602655178875064,0.1946491547885472,0.6449553542660872,0.5847082756894242,0.7120654345055043,-0.4615025816222249,0.7423159734609924,-0.7384222451567133,0.3330950378021517,0.004816541077347284,0.5185736363239944,-0.6300610096652277,0.5493225538377164,1.0,0.7264681651645483,0.9096689355777853,0.9807440569323733,0.5785158017777047,0.9935250883731849,-0.18330698049003039,0.39495802743508107,-0.0032809290723204874,0.17378795073305758,-0.30887187986530784,0.15929143621505368,-0.18123423392118113,0.18227510048461937,-0.1087724306134771,0.17024858438464438,-0.21410293460320654,0.17067242930587245,0.1432820194104536,0.6703378405415511,0.3052871634244114,-0.14135207676555192,-0.10917839323848877,-0.14328201941045135,0.46436643114626736,0.8634157077300573,0.6526553025723425,0.46758315680571483,0.20847065844324644,0.4643664311462673,0.6379650334067519,0.6221398708659513,0.696683705333642,-0.6374347274777743,0.5523819328986896,-0.6379650334067519,-0.41171695401030023,0.8612451110132524,-0.2135646723109663,0.4143202367170618,-0.5477171516020282,0.41171695401029956,0.7631746777629979,0.783774382405101,0.7872247926184274,0.7820027376215153,,0.7631746777629981,-0.1881880082693694,-0.1319549911743517,-0.18305504461083408,0.01635847886826585,-0.21605533755492104,0.042404121905942345,-0.5005982511366965,0.14869891980700795,-0.496421117995761,0.4983751300081346,-0.4646281260916572,0.5005982511366964,-0.4773538812655011,-0.100233397981014,-0.4033784540520399,-0.38727018597776375,-0.46821089386661885,-0.38821593324140075,-0.7978593708296714,0.4298730408782426,-0.8045296384881655,-0.6030633054690026,-0.7356789374602847,-0.6140296766943321,0.42025426682121003,0.07458537034310708,0.3577668340312269,-0.5261321136995141,0.42355659565489284,-0.530237739970484,-0.5388039791048919,0.33567056338563933,-0.4197824021885963,-0.40893260103148665,-0.501581422327937,-0.4283091807387886
