,acc_x_mean,acc_x_std,acc_x_max,acc_x_rms,acc_x_min,acc_x_abs_sum,acc_y_mean,acc_y_std,acc_y_max,acc_y_rms,acc_y_min,acc_y_abs_sum,acc_z_mean,acc_z_std,acc_z_max,acc_z_rms,acc_z_min,acc_z_abs_sum,gyro_x_mean,gyro_x_std,gyro_x_max,gyro_x_rms,gyro_x_min,gyro_x_abs_sum,gyro_y_mean,gyro_y_std,gyro_y_max,gyro_y_rms,gyro_y_min,gyro_y_abs_sum,gyro_z_mean,gyro_z_std,gyro_z_max,gyro_z_rms,gyro_z_min,gyro_z_abs_sum,quat_w_mean,quat_w_std,quat_w_max,quat_w_rms,quat_w_min,quat_w_abs_sum,quat_x_mean,quat_x_std,quat_x_max,quat_x_rms,quat_x_min,quat_x_abs_sum,quat_y_mean,quat_y_std,quat_y_max,quat_y_rms,quat_y_min,quat_y_abs_sum,quat_z_mean,quat_z_std,quat_z_max,quat_z_rms,quat_z_min,quat_z_abs_sum,encoder_angle_mean,encoder_angle_std,encoder_angle_max,encoder_angle_rms,encoder_angle_min,encoder_angle_abs_sum,grf_x_mean,grf_x_std,grf_x_max,grf_x_rms,grf_x_min,grf_x_abs_sum,grf_y_mean,grf_y_std,grf_y_max,grf_y_rms,grf_y_min,grf_y_abs_sum,grf_z_mean,grf_z_std,grf_z_max,grf_z_rms,grf_z_min,grf_z_abs_sum,grt_x_mean,grt_x_std,grt_x_max,grt_x_rms,grt_x_min,grt_x_abs_sum,grt_y_mean,grt_y_std,grt_y_max,grt_y_rms,grt_y_min,grt_y_abs_sum,grt_z_mean,grt_z_std,grt_z_max,grt_z_rms,grt_z_min,grt_z_abs_sum
acc_x_mean,1.0,-0.2722842595212238,0.5773057189485059,-0.05885430466364014,0.4190673364590421,0.10500255993271433,-0.9410172233250484,-0.1677310556639803,-0.28377897869339436,-0.12529520563098928,-0.07706453900981128,-0.06522729768365576,-0.40773458990338307,-0.09137552544499848,-0.1658166734688915,0.04263659246616459,-0.15381423107359013,0.19279164004291552,0.08332704476317247,0.021384102588957468,0.04328920604974128,0.06674921532663125,0.035295161374188644,0.09315828983547424,0.2123255969511226,0.26715060273700464,0.31831938560455736,0.18801140400610475,0.1391390617135052,0.18925087455680836,0.19978915759851665,-0.1310218226669726,0.05737905799546695,0.09173030175050202,0.31546332849926284,0.10675015747879239,0.7337798424949143,0.08682518207739744,0.7067285739469004,-0.7329246476017848,0.5754911772479975,-0.7337798424949159,-0.6885276809454267,0.15935868552921184,-0.5841795964830268,-0.6879114753913155,-0.6055830324719227,-0.6885276809454232,-0.3905512632089355,-0.17893138908671502,-0.3537182228239523,0.390421020869269,-0.31656909328338007,0.39055126320893446,-0.7796757026139018,0.10399962742475889,-0.6863012779713937,0.7796114710529514,-0.6675475607500342,0.7796757026139005,0.3031556420418627,-0.3023898606158793,0.16572896470005308,0.269880058657893,0.4502970782640109,0.3031556420418627,-0.09300713025076633,-0.3407387101432651,-0.19138678442336238,-0.16189775739086879,0.0009509765513352826,-0.14326083881946214,0.1313858583926207,-0.2074983047259057,0.04702919637164383,-0.13474085018250312,0.16966453531881262,-0.13138585839262062,-0.1294043963496957,-0.3305863070380416,-0.25919983529747437,-0.09426168809143025,-0.05482189377353088,-0.0748817948000324,-0.12798941492462104,-0.3921996939456046,-0.31401360395150607,-0.25600300796033565,0.0730833137556584,-0.20388781790866742,-0.08525181169269617,-0.3308731743998672,-0.23316085591945188,-0.19656698254007987,0.16283156903372514,-0.16993041245281423,-0.021762531899497443,-0.16694507845147669,-0.11416084590971534,-0.08552995876992985,0.09735408076313212,-0.06937772614589861
acc_x_std,-0.2722842595212238,1.0,0.4910152110015991,0.8354177222821194,-0.9475733740531419,0.5470296114429019,0.30540442782694466,0.8736149348069708,0.8598218887933976,0.8349127112300692,-0.6637779554856285,0.7081434432609406,0.4502786833967966,0.6936739716607077,0.6727550005018563,0.6534269965541636,-0.535695287650603,0.5494394904710843,0.17942437911298414,0.42702722159164164,0.43069414726440297,0.3709203451040005,-0.221930424250051,0.35932711196382305,0.4596129950742566,0.18097658344940964,0.4557767964223393,0.273037819104048,-0.013562923801583401,0.2654713432471023,0.018493672367337084,0.469999105475954,0.5714990464888449,0.3361640119481638,-0.21263954538096674,0.28918759938561955,0.052050421375649955,0.17053679418757145,0.14099718696393715,-0.05128067506321127,0.03791565792768857,-0.05205042137565293,-0.10284911416912451,0.2209628341235373,-0.0609315071657192,-0.10163444028751027,-0.21617275256712232,-0.10284911416912687,-0.0899512882899127,0.18931149190855406,-0.06768400563215655,0.09031601232508767,-0.15123393802649152,0.08995128828991407,-0.062078570371187226,0.22740296215607517,-0.027293675358413726,0.06325852303344388,-0.17176097091742215,0.06207857037118564,0.36795490132611225,0.3794923770481194,0.4825888593638801,0.40369739690741996,0.2745938641980919,0.3679549013261126,-0.1755275743047919,0.28679522395089213,-0.028296438774367525,-0.15220683376489286,-0.25186627717030613,-0.17307288881438118,-0.054428355938346135,0.4269612307722581,0.07877122139170681,0.06469975184959781,-0.2601362381373862,0.0544283559383462,-0.2294488624622991,0.09848273932756825,-0.13965120561598063,-0.29924270733712993,-0.2555767619942073,-0.2995158902219857,-0.30141501881216687,0.2272063103358862,0.1522619516643566,-0.183306166821329,-0.5322753550293455,-0.2647744953224531,0.4034996817445179,0.35620223703616527,0.5435832769339756,0.35958509179257053,-0.013988343375880011,0.3375918518093799,-0.24071423205354722,0.0034564091649114063,-0.1984024513505322,-0.2631171511533279,-0.36456769646078696,-0.2864985248749305
acc_x_max,0.5773057189485059,0.4910152110015991,1.0,0.5815463786332137,-0.2753770210256191,0.545404431192915,-0.5299114728965979,0.38411510977677243,0.27633276995922734,0.40798855555487784,-0.44033788134784585,0.4235514187329124,-0.15436981624740173,0.3215602033317983,0.21429597410888937,0.4045729093437657,-0.5540525449316849,0.4870543501893977,0.10340584037378824,0.3759497975494477,0.27772430091467776,0.34609297132514777,-0.2604905531591854,0.36219376085678806,0.4680796039547938,0.27401119178322414,0.535603473255044,0.2592278372837522,0.17968352656299205,0.25760726603551704,0.32828942802021654,0.29497796607780924,0.5498075798793882,0.38635836955086267,0.16983461518196788,0.36952744773700746,0.5674049147997258,0.28025466790087716,0.6483839489027677,-0.5657255541349736,0.4098426825781654,-0.567404914799729,-0.5907215634450207,0.3544157093171781,-0.4668561778966607,-0.5888256224426578,-0.6494217535707233,-0.5907215634450217,-0.3426875958557575,0.08652680432620496,-0.27573228140272965,0.3430122067300085,-0.3628735270640649,0.3426875958557583,-0.6167256703529541,0.29745378488498164,-0.5080321473555901,0.6180927816652996,-0.6424805629036643,0.6167256703529512,0.5207986949616359,0.1690206420064973,0.5288807875119343,0.5286492742967965,0.49872394442391754,0.5207986949616358,-0.2354982522861519,-0.08386070105342151,-0.2053427589890756,-0.2691343479446826,-0.2266930397060788,-0.26681695163255037,0.08727459604803682,0.08989603754869137,0.10444234583086386,-0.08366931013140261,0.0063762531385749225,-0.08727459604803675,-0.30475928234925925,-0.2598459646543765,-0.36439876063503224,-0.3255581880133168,-0.24961045832540665,-0.3075160126749845,-0.4043336874413926,-0.23711763385482046,-0.276166723266582,-0.44329048511657687,-0.32311478774836666,-0.44616520727194775,0.283147358540795,0.0058150539992240895,0.2800551120424601,0.13581354635469725,0.12318474213175934,0.14537851960167242,-0.22755460802754823,-0.17873707555594653,-0.28446929437336926,-0.3232260920234836,-0.16667584069842473,-0.3168881012305382
acc_x_rms,-0.05885430466364014,0.8354177222821194,0.5815463786332137,1.0,-0.7106995882136997,0.9054513424593256,0.1316510694362651,0.735145683185829,0.6658377665305236,0.8352185502539448,-0.5680096477173968,0.8666646917307361,0.17400903782100322,0.635395873540633,0.5299646672403041,0.6591231829936037,-0.6634544832754278,0.6833327232763664,0.12452780959001412,0.33700250290171196,0.3058436225187862,0.36354838787753835,-0.22771205089476107,0.355539889420425,0.3869867032880089,0.38725679794012596,0.5031567020928988,0.3534449985187119,-0.12614156107285757,0.329459701114202,0.13659873133001643,0.786585408317451,0.7741907478314858,0.5462027655387345,-0.33891535937967426,0.47013366361998377,0.14154675069216624,0.22909697329167716,0.23647334258499386,-0.14055117841611622,0.07055073992757742,-0.14154675069217024,-0.24877353086151488,0.3659656953780597,-0.1241707024809919,-0.2469150461157087,-0.36174467037254315,-0.2487735308615159,-0.005633827242772626,0.2484278147079871,0.04418023211595957,0.006064662861504284,-0.055302286632095445,0.005633827242774436,-0.26956149327905776,0.31216484525681476,-0.1774025904232075,0.2708589509862206,-0.3624784678708253,0.26956149327905593,0.5386158075251607,0.4211349172440922,0.6401486591653223,0.5744701057433851,0.4405956453365049,0.5386158075251616,-0.4878586331130618,0.007312203031311177,-0.3816376029237884,-0.4706090074689465,-0.501599822171398,-0.4808075352339946,0.2568324837746309,0.16987434026578485,0.31145582735652116,-0.2506444304550538,0.09556761468637918,-0.2568324837746311,-0.5595741878982525,-0.13997051096702542,-0.4955586947239414,-0.5974960995679832,-0.5204137706751187,-0.5895533493835974,-0.41850729687830573,-0.01279719756183753,-0.05756564166274101,-0.4305254065052106,-0.46528244388720985,-0.5003846612223863,0.2342844204605707,0.07546345573717729,0.2512302003192357,0.05261444025040609,0.025975524661272033,0.044122522831417134,-0.3097151352265256,-0.3068713155822972,-0.3901036913312763,-0.5257773978371849,-0.21811247189018818,-0.5279145628830749
acc_x_min,0.4190673364590421,-0.9475733740531419,-0.2753770210256191,-0.7106995882136997,1.0,-0.3730487838063855,-0.43478196457705914,-0.8597847592862646,-0.913374732603215,-0.7929499986385604,0.6442649200082162,-0.6078925938001766,-0.6205053562641878,-0.7059699174272251,-0.7414916348714701,-0.6191961333600376,0.4211725849370735,-0.44545867404011474,-0.21271587895718114,-0.3602916330829585,-0.4179255781546771,-0.2812935122207889,0.14060531771058732,-0.2669670170059267,-0.43401021109002413,-0.09743113122031984,-0.38406928285714237,-0.2181398393866173,0.03371482684882599,-0.21646594131391472,0.16768479688448212,-0.36288392583729223,-0.3930965449744123,-0.14333770962307124,0.295310794796283,-0.09817957727148863,0.042752371767834,0.013255143935357908,0.013429248011830916,-0.04255203598680006,-0.022051447365903525,-0.042752371767832184,-0.01782747203148347,-0.03990549984805188,0.010501416524068831,-0.01779184877706361,0.054561476723113504,-0.017827472031480978,0.06772547373417462,-0.06861911628454159,0.08838894159392373,-0.06783296282558472,0.10289395956011337,-0.06772547373417546,-0.07491473520448154,-0.05040285489188422,-0.038336613442126855,0.07482818341061957,-0.003080149389326556,0.07491473520448277,-0.23180707084458196,-0.3413406519940587,-0.3508081058271251,-0.2659598534847486,-0.14375720119195098,-0.231807070844582,0.043156955669432465,-0.376652055848514,-0.10942114718286396,0.013489480140109488,0.13617214349851312,0.03655618692658182,0.18522453559590674,-0.5280462946494776,0.025981642877533646,-0.19704815119976582,0.4078472953340572,-0.18522453559590688,0.07565905686433294,-0.22169089283382554,-0.03451027568688455,0.15326566947809778,0.13331445737162834,0.15783913034871325,0.20026052804285072,-0.36110049210999734,-0.29839615253332274,0.02430560696861865,0.5161562400481194,0.11632581546500559,-0.42727996723078226,-0.4468996306651293,-0.6058556868266423,-0.4499571763565259,0.03300103990525446,-0.42126623133614877,0.19391480530805924,-0.1448338062233057,0.09328666651193354,0.12456971699576784,0.41456293576472497,0.15820279976687196
acc_x_abs_sum,0.10500255993271433,0.5470296114429019,0.545404431192915,0.9054513424593256,-0.3730487838063855,1.0,-0.009967760508100772,0.49332434785767926,0.38581883059350863,0.6711910728904905,-0.3890980792233375,0.8230111506051833,-0.09311738481848399,0.4874533884788879,0.3297846700399056,0.5654921845976928,-0.6655441029519644,0.6915585143273829,0.035612027448659704,0.24059820545467933,0.1668262087357373,0.32997816063046964,-0.21694703390359035,0.32414999756665724,0.24941075874338728,0.4522152354879756,0.4288409901358153,0.3511519771883802,-0.18685467392860503,0.3198578482225984,0.26856772290370856,0.8704824073208918,0.8133598034959,0.683416423287553,-0.3210027366697936,0.6098854696712261,0.1409832208574165,0.34077189288636656,0.2709881065463373,-0.1394456830621557,0.01220739187329034,-0.14098322085742085,-0.29746173251841856,0.4933836729717417,-0.1089725553206685,-0.294694766972558,-0.4243803813948512,-0.29746173251841906,0.08031424095052425,0.3186270957540354,0.15393290551552408,-0.07976011758900567,0.024249475586641502,-0.08031424095052188,-0.34767838398224843,0.4237882110086658,-0.19391930377713812,0.349615171872173,-0.45585893039737846,0.34767838398224604,0.6057598907745768,0.3643050677533702,0.661235997860248,0.6314090156955954,0.5157701779447309,0.6057598907745773,-0.6706903529660364,-0.2508146231556926,-0.625602263992794,-0.661959992381186,-0.6245829916852231,-0.6605727990589824,0.4885533256794799,-0.06503434000760512,0.46631181649366255,-0.48636445221018715,0.3848406574961454,-0.4885533256794803,-0.7387508871390942,-0.33417521077648243,-0.7148803413326082,-0.7451642858445896,-0.6468099004703,-0.7305573149022327,-0.42008065342132495,-0.2081027354898553,-0.2098795140578614,-0.5534762354412455,-0.30941134813623516,-0.5999676461791775,0.03472175853474697,-0.18481208203217553,-0.05706862491051501,-0.22867883557328655,0.06756027777270428,-0.22488930061519388,-0.2875920938845116,-0.507513751025477,-0.4628211027725937,-0.636233835973007,-0.03530687531122262,-0.6191095674753159
acc_y_mean,-0.9410172233250484,0.30540442782694466,-0.5299114728965979,0.1316510694362651,-0.43478196457705914,-0.009967760508100772,1.0,0.22272483360302625,0.33145808898156065,0.18654728624784597,0.06830548929233408,0.12401116255028773,0.4811867583200099,0.16141987790379145,0.23549240691695628,0.02724527050828722,0.1570976037698883,-0.10989689450553232,-0.018201286917893633,-0.007653519106979894,0.009866939940987385,-0.015168446250766817,0.007446446621586734,-0.040532951920572984,-0.10466439708970363,-0.2325059172039352,-0.23292872894361408,-0.09365178782278889,-0.07718510664818141,-0.09974040536821062,-0.2738098466597014,0.20483332105165944,-0.03639410620488712,-0.023693648792831694,-0.4210011048801288,-0.04413139224803097,-0.6556488052770275,-0.04518450746116301,-0.6152513021937047,0.6549775713634829,-0.5180422084820123,0.6556488052770267,0.6191261523247041,-0.07762102522984289,0.5425960345951364,0.6189023367459939,0.5159405863376348,0.6191261523247016,0.384146948281492,0.18635280411369348,0.3471343793331396,-0.38400061828380416,0.31096820614028026,-0.38414694828148954,0.6739699119869961,-0.03653850672079032,0.6051662579611554,-0.6736864220077712,0.5520243302800032,-0.6739699119869952,-0.21672554453832374,0.30171068149686986,-0.08780647786109645,-0.18407303565549094,-0.3541422651859033,-0.2167255445383236,-0.004020196332908255,0.2888283335109383,0.0999512271863637,0.06720864395809888,-0.08115758975725641,0.04889297131911013,-0.03444597774313515,0.18678402080805437,0.018559569203363966,0.03804032726463876,-0.10047160077901,0.03444597774313506,0.015438911502941825,0.27063850008200363,0.15025708969236828,-0.011673310190128265,-0.03572151188144083,-0.028390022861649242,0.08090569881964206,0.32886796761892134,0.26384238592918147,0.17651789172884155,-0.09582282560986355,0.12289394940877744,0.044271091068628934,0.2560997142602881,0.16990624825581688,0.09383177644250086,-0.13987647132679024,0.06703587693678384,-0.012316253207355769,0.06762945778241221,0.03554982206776307,0.005813391048634263,-0.08111533498373495,-0.005911741448721456
acc_y_std,-0.1677310556639803,0.8736149348069708,0.38411510977677243,0.735145683185829,-0.8597847592862646,0.49332434785767926,0.22272483360302625,1.0,0.9511830094620708,0.9643681826689527,-0.8495859089183615,0.8222982071121862,0.6128315332128725,0.8940713139367218,0.8834302043620449,0.850675856894796,-0.5987202787339241,0.7127728331450657,0.30053325377497647,0.4244273366889422,0.5550419260977348,0.4160642788875235,-0.08821150992275863,0.41422619405440037,0.5463669025764524,0.3607292863520641,0.6026374062032991,0.4847631488614093,-0.13554597051187117,0.47023537476582555,-0.1495961243538743,0.442724890581386,0.4819443898963106,0.2746829075885555,-0.3349067725109886,0.2276387584538222,0.12190875422650167,0.058191804379326695,0.1842340874360947,-0.12174282272939489,0.13812905093534963,-0.1219087542265029,-0.1476666204187902,0.13747648317289937,-0.12515003110525344,-0.14719126567939425,-0.22138703158423148,-0.14766662041879045,-0.051992925465370675,0.05830118835041441,-0.07649290384878871,0.052065260656040564,-0.08496844414153064,0.05199292546537152,-0.18379444566379743,0.1766745408156982,-0.16741415431395254,0.18426069779088186,-0.2685012582271051,0.18379444566379663,0.5309716591098514,0.2270374190677651,0.5635145938402418,0.5442763823621283,0.4846151698747145,0.5309716591098521,-0.27268686508463863,0.15983421696799427,-0.1559966647434301,-0.26438929524020827,-0.3092460511829088,-0.28410586938121857,0.07750357909468157,0.5083091853361605,0.23193058441464448,-0.06372015361741025,-0.19439650099100328,-0.07750357909468143,-0.31644393594155973,0.07204968345685568,-0.23057628738772934,-0.38849804207689803,-0.34704900170148445,-0.3872237462150023,-0.18626890870360152,0.30390370786389675,0.31654806734789753,-0.1080959223808242,-0.49589236546358995,-0.20521437085830133,0.2688371469852712,0.24816336263321,0.37595834925946653,0.20079066621585726,0.002966374568870511,0.17271646083744424,-0.2085978154690383,-0.04162495072573024,-0.20168120897159056,-0.2868137235060387,-0.3323028561607573,-0.31215910389037965
acc_y_max,-0.28377897869339436,0.8598218887933976,0.27633276995922734,0.6658377665305236,-0.913374732603215,0.38581883059350863,0.33145808898156065,0.9511830094620708,1.0,0.8944651876229084,-0.7493357033570057,0.7011943998836978,0.696240397565346,0.8647289178706895,0.8976633357515287,0.7886559393642342,-0.5053325125892989,0.6064246227551103,0.27612306189471986,0.3496452071067351,0.481554777942486,0.305347205707061,-0.0529821818530555,0.29957380582503196,0.49955918637188157,0.24012210478274829,0.4993977292297867,0.36206382511917357,-0.13351462883182444,0.3519866843426486,-0.256228230058397,0.3637797025678498,0.3576042370280552,0.17065142360778507,-0.37129471689791504,0.13049377465314813,0.03849489802202836,-0.017284447252906777,0.07340569359109983,-0.03874112121087251,0.09109921082038967,-0.03849489802202974,-0.06697674447570419,0.06284179857213067,-0.08189484067176864,-0.06696582078192817,-0.13199102585895428,-0.0669767444757053,-0.06178567910347788,0.017678633019189774,-0.1028694648453712,0.06178455854805757,-0.08808043279220357,0.061785679103478645,-0.05719656718448988,0.07803620676099585,-0.07755905552050144,0.05717085986698197,-0.12371646677826445,0.057196567184488914,0.3799704659714167,0.2302971560953163,0.4354490021049642,0.39688175280704946,0.32971821423456865,0.3799704659714174,-0.14490398125426998,0.25345123510462875,-0.016660619451064094,-0.12862252510126834,-0.20069762438642186,-0.15001789517370334,-0.04642615626205252,0.5961650177513723,0.12728863854489478,0.06172962667341942,-0.33427773153148854,0.04642615626205256,-0.17621654460908562,0.1725073083786906,-0.07247895464868642,-0.2485027972390006,-0.22851977195314205,-0.2508132868518647,-0.12942077614333605,0.3916552917493348,0.40208376055218703,-0.0004899995231303033,-0.5044124123971175,-0.10380571295911666,0.3139548369029767,0.3450295595072748,0.465474865415557,0.299961089179743,-0.025064733765806906,0.26727935078032977,-0.1715678923922303,0.06700195870309911,-0.12058801904130163,-0.17447031882624117,-0.3671661869481957,-0.20696437055764536
acc_y_rms,-0.12529520563098928,0.8349127112300692,0.40798855555487784,0.8352185502539448,-0.7929499986385604,0.6711910728904905,0.18654728624784597,0.9643681826689527,0.8944651876229084,1.0,-0.820852939624496,0.9329394689508392,0.49818048598533793,0.8917365268956716,0.8426088445857759,0.879021030662265,-0.676295080972476,0.7966006654885722,0.24803198077323832,0.4031136061377523,0.49588281213385343,0.4267867970258117,-0.12763932616374785,0.4240527918349454,0.49034897458641163,0.442827024606041,0.6019017441522699,0.5038037243703634,-0.21090927971724396,0.48112421430039193,-0.07873898225126216,0.6161617271768379,0.6101430089200852,0.3944904458832424,-0.3990122513442163,0.33142234510116403,0.11662770114714743,0.10540942644796997,0.19305080905570055,-0.11629475928829393,0.1068831765576518,-0.11662770114714956,-0.18031476492650036,0.2109943723047116,-0.12005198889765342,-0.17944547780092324,-0.2634602619209374,-0.18031476492650086,0.006293854023625399,0.12011297706888142,-0.0011980656100892874,-0.006142141070715755,-0.031338094996997634,-0.006293854023624104,-0.2323916907639548,0.22570358409516517,-0.1874384831227405,0.23301707179148484,-0.3211695867587587,0.23239169076395383,0.5955138653365725,0.2748293510806657,0.6319760736164899,0.6115924472274219,0.5336752849314172,0.5955138653365721,-0.4190699972720603,0.05183643880517275,-0.312204314502914,-0.4093474756558044,-0.4327168301955978,-0.42562429980707817,0.21942821921762157,0.40949825310878374,0.3455977918896647,-0.20705748715457126,-0.03946668203676786,-0.21942821921762137,-0.46927886934746826,-0.02109807359621422,-0.38698922727200713,-0.5307166871011131,-0.4738576969251583,-0.5263962469958139,-0.23563553094068698,0.22067356423588483,0.24357836694967475,-0.21049555090077646,-0.477171663741825,-0.3072046665738305,0.19965806075919146,0.14488431281141145,0.26388240765299237,0.0749979022352552,0.011518380470226264,0.050902187017139625,-0.24347393634205441,-0.17814500620965307,-0.28879338725579856,-0.4147609416869472,-0.274976847083923,-0.43176365133660266
acc_y_min,-0.07706453900981128,-0.6637779554856285,-0.44033788134784585,-0.5680096477173968,0.6442649200082162,-0.3890980792233375,0.06830548929233408,-0.8495859089183615,-0.7493357033570057,-0.820852939624496,1.0,-0.6922065435707561,-0.5270004075700667,-0.876852440530956,-0.8410072191988723,-0.8634921176126913,0.7110604298474059,-0.7352839484881885,-0.36325109085849466,-0.3934320327848684,-0.5981117352104053,-0.40519504949341184,0.01278624000579204,-0.4081568913428125,-0.5441416239672761,-0.38870148553321077,-0.6268005065821357,-0.47482924927957326,0.1727889109444047,-0.46425840467990626,0.16382937948374482,-0.3112915302578409,-0.3806926990486673,-0.2273974772904952,0.2603654387766655,-0.19093196045593164,-0.23049617668263953,-0.03784656638509752,-0.28489581120663254,0.2303343430614862,-0.23637881163697344,0.23049617668263972,0.23300816316293324,-0.09047695645072926,0.20924518961632757,0.23281045588122037,0.26665032023917284,0.2330081631629325,0.0885192867873196,0.03910436071521022,0.11671260116515797,-0.08844349047250459,0.08814406941065242,-0.08851928678732053,0.3035080822988001,-0.16387385730727083,0.2794675525610312,-0.303762748372399,0.3657046217206704,-0.30350808229879844,-0.631445104066425,-0.03094375507140617,-0.5718711414502886,-0.6216435448810776,-0.6501998264437053,-0.6314451040664253,0.28747709509178626,-0.017344070663500136,0.22015582429090116,0.2984037271147244,0.2845512193996448,0.3100588295504105,-0.09501431775411232,-0.4772944719942809,-0.25415925534318906,0.08217791821556074,0.14878056793453834,0.09501431775411252,0.2964080628218436,-0.028357631537739365,0.24872107873474963,0.3574601926951588,0.3257888912878293,0.3511932450673831,0.1091091708408509,-0.2728922271174153,-0.38029175587790454,0.08162572284192206,0.3376308068918947,0.17199379171291654,-0.18971919209601965,-0.16314154846910237,-0.25559205385460537,-0.11576773121987581,-0.01002866740283708,-0.08870898827144505,0.15262050808121422,-0.014188332743755312,0.1374921193659185,0.2221451958430994,0.3166775353718484,0.24335171251770885
acc_y_abs_sum,-0.06522729768365576,0.7081434432609406,0.4235514187329124,0.8666646917307361,-0.6078925938001766,0.8230111506051833,0.12401116255028773,0.8222982071121862,0.7011943998836978,0.9329394689508392,-0.6922065435707561,1.0,0.2473699311493363,0.7699575100632162,0.6668028872744647,0.8065213667171371,-0.7097379272075051,0.8160514808626154,0.1388501431241893,0.39204590911456816,0.38892947373828285,0.4592912589613542,-0.2134182192523205,0.4574717173000949,0.36592993197186696,0.49601412016890334,0.5354895692430147,0.5158070906279614,-0.2598255551414855,0.49172627303692606,0.1234897052536221,0.7619784548866891,0.7515732248512034,0.5355671982295214,-0.3616172510613795,0.4611933224169829,0.07494253126693014,0.19900442478825595,0.17973079495705904,-0.07416675004553677,0.019986404454806504,-0.07494253126693275,-0.17060791821250904,0.3084849821392394,-0.05936410154856885,-0.16902086605116728,-0.27192396825507137,-0.17060791821250904,0.12166302781716641,0.2279880573836653,0.1435878473599736,-0.12135123415618172,0.06595768091458347,-0.12166302781716484,-0.26249511501351513,0.31477603716268565,-0.17256678713993287,0.26369269095443226,-0.3692178986230644,0.26249511501351375,0.6579917468295573,0.33786243057053367,0.6985275334813503,0.6775148161911079,0.5660734197517109,0.6579917468295583,-0.5967899384970737,-0.09022677930178478,-0.5128537426302591,-0.5883165088567099,-0.5881929631118086,-0.5991140122427873,0.4068130627466156,0.2152550673657381,0.4811698406051279,-0.39800347711255046,0.20576281795120363,-0.40681306274661616,-0.6514239638731296,-0.15481103036804095,-0.5871283887795831,-0.6969164352617151,-0.6251048412820407,-0.6908014010599249,-0.29061516483251737,0.06050278075006342,0.0761313862121358,-0.34674866464498283,-0.4008938709632687,-0.4239722144998887,0.095962224048325,-0.022160341932222667,0.07964107922254213,-0.09205443375148083,0.03231410766720323,-0.10489336773648636,-0.28264815948970956,-0.36443246195834605,-0.3974087566007865,-0.571327277279014,-0.1613486562704242,-0.5748368893165308
acc_z_mean,-0.40773458990338307,0.4502786833967966,-0.15436981624740173,0.17400903782100322,-0.6205053562641878,-0.09311738481848399,0.4811867583200099,0.6128315332128725,0.696240397565346,0.49818048598533793,-0.5270004075700667,0.2473699311493363,1.0,0.640477789449661,0.7707270378364859,0.45141554019079877,-0.026852490485762368,0.16660787586188316,0.42835777307796513,0.17487466176585734,0.4748774845697585,0.10303713415486314,0.22026089818555394,0.09595434278048502,0.42621408320326093,-0.04336071419637681,0.274962703443326,0.24144295317598552,0.02338765014491667,0.24452392565886832,-0.7620449475139683,0.019122459033374065,-0.2541939213677293,-0.3260871937958664,-0.6120660163296332,-0.3569861494969506,-0.12485371297564296,-0.3926326016122391,-0.22463599995145855,0.12268576400419373,0.07938683080940513,0.12485371297564407,0.16135345126129663,-0.350844287906072,-0.0009680054612573408,0.15848381389287883,0.21145535072608498,0.16135345126129558,-0.030909587063156822,-0.24131220780713958,-0.14027944493858102,0.0303503597517104,-0.0006435813180497461,0.030909587063156923,0.2096307994436218,-0.3232262790938674,0.03629789997909315,-0.21192704859701364,0.24898313132596073,-0.20963079944362117,0.04445905713933543,0.06292474374864966,0.08195944531824552,0.05041788232661759,0.03280248864377365,0.04445905713933542,0.12794001576458647,0.39485697310170814,0.2521390785247499,0.16080005787415788,0.04449160800789907,0.13563111616355494,-0.23169680155419628,0.6340040407182954,-0.05942212770393014,0.24563312563424847,-0.4671553716567816,0.2316968015541963,0.17597285546308217,0.4366119245775343,0.3135579098814014,0.11543610490156217,0.05563119353991182,0.0986724361992153,0.2181996893789273,0.6055617357911897,0.6353560820162548,0.3885223521304069,-0.22558214696237575,0.29650484911785774,0.1610959316486699,0.4648669990050824,0.38642827365418847,0.3252254707136405,-0.16638163032166578,0.2777372221621947,0.013330944085182357,0.32601940619928177,0.14559120145240356,0.1535950313459544,-0.31546740462739503,0.1141017677944016
acc_z_std,-0.09137552544499848,0.6936739716607077,0.3215602033317983,0.635395873540633,-0.7059699174272251,0.4874533884788879,0.16141987790379145,0.8940713139367218,0.8647289178706895,0.8917365268956716,-0.876852440530956,0.7699575100632162,0.640477789449661,1.0,0.9696695623631901,0.9653492941691733,-0.7004941245005661,0.8319160350417489,0.31004110394109397,0.350788341924534,0.5174753587332703,0.3723023663493729,-0.013680118708744029,0.37118006820767435,0.48789925646168397,0.35605410989084546,0.5418841622738313,0.4333056900731521,-0.2523388848874593,0.41632383654889704,-0.24826899670378225,0.4481923569762458,0.41025428107239564,0.32463172691241826,-0.4461924789379361,0.2820049668810362,0.08218723873951854,0.09140283700343522,0.16906580100677393,-0.08189212940494099,0.08769517632300011,-0.08218723873952065,-0.15605020846300025,0.16849091217893802,-0.10769725217060135,-0.155288163614428,-0.2306690029270209,-0.1560502084630015,-0.003094394156785828,0.048576445792841524,-0.031278424419137855,0.0031489516092947866,-0.029584424778197522,0.0030943941567880854,-0.18619158981003925,0.2115574581838514,-0.14495327170076458,0.18677708233008494,-0.28262529457911373,0.18619158981003783,0.5866923242371181,0.07145775476050877,0.5440687020102983,0.5799263566683422,0.5838785263334674,0.5866923242371184,-0.37808653895508815,-0.012230110617782794,-0.3016233623845426,-0.3708936857611465,-0.36901694469212815,-0.3827392212395315,0.20538864188350814,0.52315552536329,0.35473252596941823,-0.19006010327952402,-0.09359359770933162,-0.20538864188350803,-0.3919762257766265,0.03357716909767308,-0.3122723075065886,-0.4426562840582927,-0.41656326923992126,-0.4383751681618113,-0.0672403484009178,0.3142197289402625,0.4453586023886729,-0.0689597855335223,-0.3537092234380056,-0.1746072516101698,0.11034267335805259,0.14153156085999613,0.1808682319605263,0.021113137904130032,-0.02495488290811109,-0.01250570340444981,-0.14579178952740648,-0.0933445735028388,-0.1859595637275164,-0.28517623840505807,-0.2607770733693381,-0.3033570021011864
acc_z_max,-0.1658166734688915,0.6727550005018563,0.21429597410888937,0.5299646672403041,-0.7414916348714701,0.3297846700399056,0.23549240691695628,0.8834302043620449,0.8976633357515287,0.8426088445857759,-0.8410072191988723,0.6668028872744647,0.7707270378364859,0.9696695623631901,1.0,0.8986577206075728,-0.545100662628112,0.7094055646739852,0.34638603831398646,0.33200846867534045,0.5320216449561094,0.31680961655663226,0.03724692549337806,0.31486199606256693,0.4923611101287587,0.26070980401942895,0.49252594330824656,0.3996762864026434,-0.2034588575417346,0.3904485121114739,-0.38192829923478944,0.3307492172124272,0.255184598492374,0.15517516970842168,-0.48248351226090475,0.1156946411383986,0.04503643120139605,-0.03894787960645094,0.0852463159416715,-0.04541021970679174,0.10516928346622768,-0.04503643120139731,-0.08598825259556016,0.0329473990100427,-0.09259725085019094,-0.08614637033313874,-0.12866619237932578,-0.08598825259556142,-0.027956203702158153,-0.03247713284159319,-0.08042739829014336,0.027848234170712752,-0.03957898948852431,0.027956203702159812,-0.0974005342441847,0.0676337738539325,-0.11679538615985287,0.09716628525307526,-0.15831645181021278,0.09740053424418378,0.4679124032215196,0.05472169076962817,0.4371473107125835,0.46203968703821946,0.4657564803580836,0.4679124032215203,-0.23722758637173072,0.10627277779005119,-0.14447940666953624,-0.22607021021646934,-0.2528540176412365,-0.2423596486087597,0.07522208925584639,0.6087065498261246,0.2439936408205052,-0.05874082956910615,-0.2352160559642754,-0.07522208925584623,-0.23465687831203286,0.14581171760194964,-0.1388675342046793,-0.2935985383478352,-0.2863917144365187,-0.2943524339112022,0.012966728005433654,0.423184091567447,0.5400084967090597,0.0654360124868238,-0.35647736895684384,-0.043057119919978015,0.14281515776411208,0.24562350746280026,0.2665742253367079,0.12268757615651334,-0.05886007302095904,0.08334934489837086,-0.10503958992853911,0.035248363740880875,-0.0950393484520101,-0.1609939431819678,-0.30482098888428344,-0.18767973633896118
acc_z_rms,0.04263659246616459,0.6534269965541636,0.4045729093437657,0.6591231829936037,-0.6191961333600376,0.5654921845976928,0.02724527050828722,0.850675856894796,0.7886559393642342,0.879021030662265,-0.8634921176126913,0.8065213667171371,0.45141554019079877,0.9653492941691733,0.8986577206075728,1.0,-0.783992642015583,0.9404136150600904,0.22603559810454518,0.3258383004217811,0.4437387187279798,0.3785021109132427,-0.059003537064204456,0.38043519919885255,0.41737236656724264,0.4387430387573434,0.532691505873269,0.448648416241409,-0.32160422128735244,0.4266117458515125,-0.06618661612680408,0.4816227426614125,0.5349721350619224,0.48328493433340475,-0.31574430338179954,0.44301840936913334,0.1445848836105844,0.23917776295651746,0.27726197308065403,-0.14353845883626887,0.07933361622848879,-0.1445848836105867,-0.23323771566471171,0.31726125920211673,-0.11732825898710361,-0.23133493349802153,-0.33629684476409666,-0.23323771566471221,0.009325587527213965,0.12986346248455355,0.013040114473649042,-0.009094964015341073,-0.02638112146298237,-0.009325587527211715,-0.29567102532566475,0.3576922364540678,-0.1820667742464457,0.2970855147257168,-0.41842951304590936,0.2956710253256633,0.6563352555191795,0.016066335148269016,0.5841620654927675,0.6437750116085024,0.6801500152628758,0.6563352555191788,-0.47763122141216796,-0.12989155530771973,-0.4251107279570289,-0.48147217373244744,-0.440137537769596,-0.4883683288614318,0.32115479651156437,0.41064708461660976,0.4355067798639031,-0.3075856614157893,0.043310042128109294,-0.32115479651156453,-0.506377035332466,-0.06771172020433479,-0.4482527795517971,-0.5409768889720971,-0.5047341114667356,-0.532809244751046,-0.11657602096312702,0.19041335166230647,0.3430420399228983,-0.17338683986137485,-0.3247532577591175,-0.26812847464660766,0.039921209303528125,0.020400675288410795,0.06028424556493149,-0.09912409850168845,-5.987577208416683e-05,-0.1265342015726253,-0.1662419763107153,-0.21097333174938263,-0.2574360508899411,-0.37626120205415603,-0.20106201136946503,-0.38606983761817926
acc_z_min,-0.15381423107359013,-0.535695287650603,-0.5540525449316849,-0.6634544832754278,0.4211725849370735,-0.6655441029519644,0.1570976037698883,-0.5987202787339241,-0.5053325125892989,-0.676295080972476,0.7110604298474059,-0.7097379272075051,-0.026852490485762368,-0.7004941245005661,-0.545100662628112,-0.783992642015583,1.0,-0.8239063958265954,-0.07589766223057248,-0.29263103923863387,-0.2885511784998601,-0.3651895194696165,0.18513722882797992,-0.36698607919006027,-0.3028781190493262,-0.42306598626871705,-0.4706443100295856,-0.31600236342836785,0.27682745301095246,-0.2944349279458843,-0.24814038162180804,-0.5254544686175185,-0.6637613362792594,-0.609595374136503,0.0846104717115666,-0.578264404311752,-0.14584302670255617,-0.3874135078987412,-0.32037279386597506,0.1439839792763557,-0.014796818490065573,0.14584302670255897,0.2760745743740646,-0.4239868884535973,0.12485302587270183,0.2733728021861849,0.4012030306433501,0.27607457437406635,-0.03621592159416391,-0.1966918152667598,-0.07057835858123478,0.03580613188766571,0.013185289900999162,0.03621592159416101,0.3299675423026402,-0.4857000124100551,0.15620093828673784,-0.3323545261386741,0.4789028552900924,-0.32996754230263753,-0.6927824737969572,-0.11737808065635087,-0.6419622252050085,-0.6879854363212122,-0.6785166817864873,-0.6927824737969569,0.5444679847977828,0.25828649928992237,0.5332984393871256,0.5537234824065406,0.48737746449724356,0.5500835839809132,-0.34219195601604013,-0.20397606300385612,-0.4242568614594324,0.33366342736108623,-0.17774909073073364,0.34219195601603997,0.5756987682627083,0.22134357667554616,0.5698597715106063,0.5994280678571215,0.5367947252460531,0.5840811058225449,0.26846505015700084,0.05374532377759476,-0.06783324234222984,0.3770106166601534,0.24656537969933393,0.43954328722542674,-0.11143544799496342,0.0939637779189414,-0.034373674496056425,0.1002033492051451,-0.11301838222276442,0.10761481876485736,0.21621125851796677,0.2937026347000486,0.3155073796848112,0.4520706623293911,0.13297450681874382,0.44560933968579036
acc_z_abs_sum,0.19279164004291552,0.5494394904710843,0.4870543501893977,0.6833327232763664,-0.44545867404011474,0.6915585143273829,-0.10989689450553232,0.7127728331450657,0.6064246227551103,0.7966006654885722,-0.7352839484881885,0.8160514808626154,0.16660787586188316,0.8319160350417489,0.7094055646739852,0.9404136150600904,-0.8239063958265954,1.0,0.11594877849454835,0.2693706808760552,0.3125019894042656,0.36542758289162797,-0.10958451374123275,0.369676906081811,0.3196886991303111,0.5219192967369299,0.5008395674382142,0.45193272842850096,-0.34984749336177384,0.4224289832584037,0.15835833174679295,0.564365008808357,0.6820720983029523,0.6739203509285496,-0.18544705917222398,0.634625004091491,0.2160506902374161,0.4090316288227166,0.3975405369401977,-0.2141532946601998,0.0665587452759925,-0.2160506902374193,-0.3305089404988031,0.5035302268611664,-0.13155730224457807,-0.32727484690582087,-0.4690585188327764,-0.3305089404988031,0.028098771298271312,0.2362120397132478,0.07445137815644544,-0.02764299326829949,-0.019979232200373506,-0.028098771298269126,-0.42322078776697575,0.5222774000596416,-0.22727432299823497,0.4255669449059462,-0.5724768435514391,0.4232207877669749,0.7033557036515262,-0.003086975459602913,0.6162879546300655,0.6886500430741848,0.7395827827535201,0.7033557036515258,-0.6075697880091909,-0.29351478123032104,-0.5904380406546887,-0.6216466238384848,-0.5338905604025413,-0.6203687429209789,0.4869978818787753,0.19941873322020265,0.5308940941166733,-0.4773849177656276,0.2645864476054836,-0.486997881878776,-0.6661314781211701,-0.2300490568410025,-0.64200401841815,-0.6753913798456016,-0.6188631368614359,-0.6613820467238638,-0.21442209495529405,-0.031850665348741994,0.11943957297281281,-0.35125210918188526,-0.270608667006416,-0.42117917269068655,-0.057807714239374,-0.1604258080949409,-0.11762048316413046,-0.27455295601323365,0.03963744748486523,-0.29004943554978385,-0.19031643552926517,-0.3951924356524724,-0.3575856769338165,-0.5101546393350936,-0.07904766649388031,-0.5057518665881267
gyro_x_mean,0.08332704476317247,0.17942437911298414,0.10340584037378824,0.12452780959001412,-0.21271587895718114,0.035612027448659704,-0.018201286917893633,0.30053325377497647,0.27612306189471986,0.24803198077323832,-0.36325109085849466,0.1388501431241893,0.42835777307796513,0.31004110394109397,0.34638603831398646,0.22603559810454518,-0.07589766223057248,0.11594877849454835,1.0,0.15551833279516333,0.7363677733522636,0.13453487402627906,0.58488977985844,0.13640437047281415,0.45519731086650295,0.11033309068201974,0.4193660407818974,0.2392118503485781,0.1797935047696977,0.2463726811190609,-0.4155492501160543,0.024150437170010093,-0.1392041705593846,-0.2534069032649662,-0.3200890157329968,-0.27110528920025195,0.3138749375881478,-0.3766366700700539,0.2005268244223441,-0.31574452982366036,0.43130962539779394,-0.31387493758814644,-0.28751729450247915,-0.2390411666551444,-0.3797263206758947,-0.2897826781116129,-0.17746716535056503,-0.2875172945024776,-0.327480757796551,-0.2624882867891692,-0.356279509689112,0.32717079485558004,-0.26041190591626884,0.32748075779654895,-0.22158047804697997,-0.2693097225332348,-0.3503787075689964,0.21901376455200722,-0.12309183112389314,0.22158047804698072,0.11199235227430088,-0.05174787081462038,0.09683139004353904,0.10742637432554637,0.1532737597827198,0.11199235227430117,0.14262454824314513,0.12097170135958216,0.1708924526741114,0.12471567613072562,0.14008509829637367,0.12041958812592866,-0.10408552797236674,0.30135025382905384,-0.022139506373449865,0.11038012939831642,-0.198815318172143,0.10408552797236652,0.062013285578879515,0.13650065585216536,0.10712064091371647,0.01035923986690713,0.030503077781670117,0.007448842663844777,0.018043129034195665,0.23728864245458725,0.2124227740603363,0.050027846806998545,-0.1125520718925051,0.009138791388772967,0.11714216354574819,0.18513035629413951,0.1637732158067012,0.15629687576600865,-0.04301628985452116,0.140467753677077,0.1647398587011628,0.18863463183643278,0.20105127460250125,0.10631964625270747,-0.015922565731416,0.09560294988450604
