,acc_x_mean,acc_x_std,acc_x_max,acc_x_rms,acc_x_min,acc_x_abs_sum,acc_y_mean,acc_y_std,acc_y_max,acc_y_rms,acc_y_min,acc_y_abs_sum,acc_z_mean,acc_z_std,acc_z_max,acc_z_rms,acc_z_min,acc_z_abs_sum,gyro_x_mean,gyro_x_std,gyro_x_max,gyro_x_rms,gyro_x_min,gyro_x_abs_sum,gyro_y_mean,gyro_y_std,gyro_y_max,gyro_y_rms,gyro_y_min,gyro_y_abs_sum,gyro_z_mean,gyro_z_std,gyro_z_max,gyro_z_rms,gyro_z_min,gyro_z_abs_sum,quat_w_mean,quat_w_std,quat_w_max,quat_w_rms,quat_w_min,quat_w_abs_sum,quat_x_mean,quat_x_std,quat_x_max,quat_x_rms,quat_x_min,quat_x_abs_sum,quat_y_mean,quat_y_std,quat_y_max,quat_y_rms,quat_y_min,quat_y_abs_sum,quat_z_mean,quat_z_std,quat_z_max,quat_z_rms,quat_z_min,quat_z_abs_sum,encoder_angle_mean,encoder_angle_std,encoder_angle_max,encoder_angle_rms,encoder_angle_min,encoder_angle_abs_sum,grf_x_mean,grf_x_std,grf_x_max,grf_x_rms,grf_x_min,grf_x_abs_sum,grf_y_mean,grf_y_std,grf_y_max,grf_y_rms,grf_y_min,grf_y_abs_sum,grf_z_mean,grf_z_std,grf_z_max,grf_z_rms,grf_z_min,grf_z_abs_sum,grt_x_mean,grt_x_std,grt_x_max,grt_x_rms,grt_x_min,grt_x_abs_sum,grt_y_mean,grt_y_std,grt_y_max,grt_y_rms,grt_y_min,grt_y_abs_sum,grt_z_mean,grt_z_std,grt_z_max,grt_z_rms,grt_z_min,grt_z_abs_sum
acc_x_mean,1.0,0.056635905370843544,0.31230327440384076,-0.01691147011840625,0.521294945189515,-0.05852313191168825,0.9285602358661487,0.17611201809370042,0.41474367229958353,-0.00045886361225868315,0.4353490761767484,-0.06346147102272427,0.5049784460130088,-0.11012007119690646,-0.00854924139004172,-0.20342608186770647,0.27958304394715144,-0.25895117068545437,0.09851066254195617,0.29312143596481555,0.35269652189169365,0.22297014646248728,-0.12516875817544837,0.21422053681088982,0.05591729539154983,0.23571187544163547,0.13773663728396304,0.23941508351958124,-0.1550620899835762,0.2460583563262374,-0.48691289136232807,-0.14141266673233632,-0.3578126473188998,-0.22444759170163495,-0.4178574167162444,-0.1998001166714079,-0.46743569827907067,-0.09655023749635236,-0.5022483938900588,-0.47193198464731756,-0.33129242712879187,-0.46743569827907033,-0.5147953855822756,-0.038521037632627764,-0.5060698606841589,-0.519308040914429,-0.3927456390768354,-0.5147953855822753,0.3257144513925521,-0.23853722308454317,0.21817532680293467,0.32265960672867355,0.35019486139072664,0.3257144513925515,-0.5944711884763003,-0.24141138476592383,-0.6168789060535845,0.5852624819005391,-0.4322133509132213,0.5944711884763006,-0.006194877891929594,0.038756658259743,-0.0015803809457622807,-0.003620237886577339,-0.01728729077211629,-0.006194877891929618,-0.02933670814180569,0.08261290332200928,-0.049739859654563075,-0.026599548010662083,-0.08215213167719058,-0.0337437208113985,0.06648853017785494,0.2725413037973055,0.16323526339817196,0.16336471262973098,-0.055204016921272914,0.14676622742743986,0.09868877008450475,0.25839825419118845,0.1882394070806243,0.09123026235712908,0.029958795030909296,0.07267884673996919,0.09180777302150643,0.30812976931267916,0.20325266131041342,0.14811845879735586,-0.028895906667341358,0.12117298863692347,-0.10673987000633564,0.30357007278475234,-0.01792461503235887,0.15373870122239944,-0.2053855654947738,0.1281682403246358,0.05386796731027009,0.23810556313655187,0.1513775112222074,0.11326627305646918,-0.06219246658201107,0.09103292234004842
acc_x_std,0.056635905370843544,1.0,0.9159337515231997,0.8948583390022442,-0.7596219057563238,0.804021950058222,-0.016044009009466325,0.8645889747895568,0.7663947622681888,0.7497068949920469,-0.7394044050457247,0.6688022480557976,0.20520350644823232,0.8644143451439907,0.8066422266271729,0.8270409724591973,-0.7507759827310032,0.7767241037195783,-0.2260950380964172,0.4353635538293075,0.2933429938257961,0.3844149753325786,-0.4094582458975239,0.3770226448191201,0.20481880654863344,0.408234794816135,0.3866347051286001,0.3642719668229895,-0.17082489615885518,0.3488182813523065,0.11422931507183356,0.5040698003444756,0.4123083096968284,0.44940021463954677,-0.43746546496943817,0.4276458420906094,0.0935049576907431,0.34708649309717304,0.2531936772606184,0.09785496632075831,-0.036729234626565355,0.09350495769074266,0.09098014499100499,0.39727042920337424,0.2639704960045976,0.09948053644271732,-0.04392694782161557,0.09098014499100468,-0.1992172254533625,0.40785732623696624,-0.06298245781664019,-0.19685519521305733,-0.3252981104204017,-0.19921722545336276,0.1347044244181175,0.37324080726423736,0.2886575706509546,-0.128761631341983,0.018640890331452387,-0.13470442441811714,-0.09651127430439563,0.28907274316755927,-0.026935235073903125,-0.08139637454225858,-0.16132335201853687,-0.09651127430439561,0.1629992633505249,0.29658288960857726,0.321712308056276,-0.024481190040697907,0.08885757300673296,-0.05616318657907867,-0.19528153450166832,0.014764143881664266,-0.11843008540423591,-0.07380018720208825,-0.260765124430816,-0.07761053004562365,-0.3790777146684325,0.19296133753009234,-0.25624591856655915,-0.31503175205246176,-0.4533845669449468,-0.3287591715775087,-0.27339905868834985,0.01607110094293645,-0.17972192336189305,-0.23758906819208744,-0.3582469678082996,-0.25643646004965776,0.2771865462284664,0.09750908689933771,0.3424436756363551,-0.22717148570901197,0.129898616669487,-0.25514452315358854,-0.2829683268755967,-0.09258482369339689,-0.2501091443275358,-0.2593005103761536,-0.29237992180813,-0.26630610346277184
acc_x_max,0.31230327440384076,0.9159337515231997,1.0,0.7372745376876662,-0.5193898600940676,0.6100183928797657,0.24540158551496563,0.7877217328241778,0.8497994593456761,0.5816704302724968,-0.5016253896745366,0.46909623952582896,0.4108866043348866,0.7884748663543978,0.8265485601601689,0.7078856672170117,-0.5644604592407859,0.6128011461198272,-0.060271942007826936,0.37231871280858536,0.38004380006002164,0.2898004374319877,-0.2755944256044652,0.2814942736435218,0.06944142360647011,0.29407109016666155,0.2219697608763398,0.23748427848275952,-0.2059771518706325,0.2276143837457255,-0.14182579984634483,0.252376787409287,0.11474690511109328,0.17803070959022396,-0.46688562320524274,0.16783752450697464,0.03933580023479592,0.133794741268939,0.11124197164324844,0.040513296159941585,-0.0009608043985585704,0.03933580023479538,0.007750257889956399,0.19672006902203762,0.10801478033845627,0.011123202215074708,-0.03890645134726074,0.007750257889956078,-0.12493272808256904,0.17403639150918077,-0.07653589620550652,-0.12484814488827903,-0.18575637596835817,-0.12493272808256935,0.030520455932192235,0.12659032353528168,0.10782232725831391,-0.030520824586897925,0.01355999046627854,-0.030520455932191833,-0.10642989005438666,0.14610800357325907,-0.06686397537031737,-0.09733309604895388,-0.13840759766752292,-0.1064298900543867,0.16590448551176443,0.3304328889475074,0.3277280180671349,0.049554462999340215,0.07659319132457089,0.01575265107984808,-0.13559545949580168,0.08834356771610281,-0.04702439017979821,-0.01186819841438005,-0.22833517806522566,-0.019658473704411556,-0.22887755918444327,0.2822148864091398,-0.09049785349415979,-0.19692808043250568,-0.3210170066166004,-0.21448614483358186,-0.18504582080130139,0.09955122113539625,-0.08165977038519907,-0.1414042895886646,-0.29127241063853815,-0.16326769464701835,0.18012926358109643,0.17578244917383581,0.26123509986037824,-0.1278189447050222,0.026127278148783507,-0.15887207868751316,-0.20158969416559838,-0.005497026332113369,-0.14947041431951727,-0.1694366295674288,-0.24525297225192483,-0.18089548003794506
acc_x_rms,-0.01691147011840625,0.8948583390022442,0.7372745376876662,1.0,-0.741665039886673,0.9793681078670428,-0.08973478728172868,0.8262101826176692,0.6357718102320881,0.9018524301045429,-0.7440882829639874,0.8742960007593913,-0.08550005186762633,0.7924029318124792,0.6314588550622388,0.8258630134488029,-0.8186254245435476,0.8460624127476615,-0.4234573578555147,0.5836338844241462,0.23869439745604223,0.5710500338227962,-0.6040630330091995,0.5620056661587145,0.2604894339640719,0.6254723737875125,0.5618884123625761,0.5154514995446152,-0.2634101576925268,0.4918138614780591,0.236508437785665,0.72163108494525,0.604926972613437,0.6517116971240049,-0.5131040046552617,0.6212656809878749,0.045613444403728415,0.5141839405150411,0.24918618299475873,0.051743593913662574,-0.1551374679981239,0.04561344440372794,0.06124414298437618,0.5423160602043834,0.2745107927407411,0.07185032640560159,-0.13297742673828739,0.061244142984375714,-0.22822202418550316,0.6119269843219902,-0.0034905189710881255,-0.22368379902291713,-0.3977896036274706,-0.2282220241855039,0.09818635473027458,0.5306094262252198,0.28927590445411117,-0.0884845221951297,-0.08604238511168753,-0.09818635473027415,-0.08842322442268154,0.48637035642853976,0.02986299995185178,-0.06248028326774352,-0.18631077091532663,-0.08842322442268104,0.10661922409895858,0.17358029783750856,0.22116881372029396,-0.15560140809388043,0.0685526624083822,-0.17801700084757957,-0.21163147883594002,0.02702188840312073,-0.12205349586794816,-0.0783429398334483,-0.2791512340643604,-0.08286028885031453,-0.5338957025076332,0.11400315912282512,-0.4121238483679098,-0.43184741022481304,-0.5865499547165718,-0.4456376186342145,-0.3195205391229621,0.026920741408350435,-0.20561878822211319,-0.27747669830491883,-0.40816731172340776,-0.30153657000132883,0.3150074102589771,0.10883837562514097,0.38546385544069806,-0.2657794560301432,0.15461805446088925,-0.2979860600490077,-0.3336269890382176,-0.11083661228805357,-0.29493662903320605,-0.30363369461773454,-0.33476353235127804,-0.3133284782528639
acc_x_min,0.521294945189515,-0.7596219057563238,-0.5193898600940676,-0.741665039886673,1.0,-0.6923291523640333,0.5373331102956856,-0.5918727212713287,-0.3483815935482449,-0.6215537323649482,0.8878775551548995,-0.5997965482428016,0.1076761673818442,-0.7576163142597898,-0.658678436922522,-0.7751185033252628,0.8103571136389137,-0.7656600502802438,0.2296877362457721,-0.19056889427469725,-0.04295337058882297,-0.18154457133673824,0.2568407797749733,-0.17817896850206483,-0.15953005818684804,-0.21779463494616613,-0.25279221610669234,-0.1625627830160651,0.051891842865918796,-0.1447326652870589,-0.3702484172668547,-0.5314510699720819,-0.5651791703196937,-0.5073890597767307,0.13954753977064024,-0.46834894520217063,-0.34200402554430004,-0.33611427350148587,-0.48681046849113324,-0.34798187818860854,-0.15568476719835206,-0.3420040255442992,-0.3685060524736231,-0.336718219814517,-0.4992954365237999,-0.37769546216069133,-0.18908702333398686,-0.3685060524736232,0.35644462073799693,-0.47570769798951584,0.17887582468072558,0.3525175123382424,0.46902082052275396,0.3564446207379958,-0.44354987166419707,-0.43872027366449295,-0.5769005460345669,0.43341252908235317,-0.2549255286778776,0.4435498716641979,0.07892411630305786,-0.22320659522375463,0.021253902701691377,0.06675178060179211,0.12418055063323893,0.07892411630305748,-0.16055557197029335,-0.16726057138031986,-0.28916089911807963,0.00012892172144614308,-0.1294443034092763,0.017893878753672536,0.18927650124442447,0.15345424107250022,0.18842271536376323,0.15276275357579408,0.16570399468705355,0.14569211598405737,0.3565087572392068,0.010066964149962629,0.32165964827371374,0.3003386664955478,0.37878272978572647,0.2997113001246636,0.26984459950330103,0.17248142107841072,0.26189770366403853,0.27356255017604714,0.26242290516328226,0.27152142076803365,-0.2744733033080713,0.1100436117681874,-0.2700954443149179,0.2660850847834893,-0.2185473445505862,0.2723320511027903,0.2532767652058955,0.2196601533432384,0.28945826684167264,0.2710711994128691,0.19148156466024857,0.2629774233549465
acc_x_abs_sum,-0.05852313191168825,0.804021950058222,0.6100183928797657,0.9793681078670428,-0.6923291523640333,1.0,-0.12758679490861183,0.7765145870010113,0.5449384404825528,0.9150026365104177,-0.7144527814900402,0.916080250430557,-0.19707020771558897,0.7257836169898342,0.5261684568617709,0.7829957687814106,-0.7994604066885606,0.8346692830363411,-0.500994190095973,0.6152847799438287,0.1935900245220344,0.6215021600779022,-0.6640617974179888,0.611876150336108,0.29936035689957974,0.6799032569214267,0.6210277641705837,0.5710876880539161,-0.26130022604408926,0.545884703240894,0.2990759276577944,0.7841833687314521,0.6718658862526966,0.7204179018551147,-0.5052551087376472,0.6897313314377437,0.01802070875459954,0.5746763868458887,0.2417263302658496,0.024815327883293544,-0.20244964121156458,0.018020708754599202,0.040798240319360045,0.6015831615997483,0.27288987734931874,0.05245504669904452,-0.17396205379217297,0.040798240319359684,-0.21821759112431488,0.6732333061958319,0.03081605107819264,-0.2129947625391411,-0.40502889986327595,-0.21821759112431532,0.07913585855539719,0.5930047926327222,0.28832929303292093,-0.06795340333928374,-0.12895041216875733,-0.0791358585553967,-0.07171856451692485,0.5450304720161694,0.05827426085863408,-0.04333190668350731,-0.18179983127059746,-0.07171856451692439,0.07132427016911023,0.11756248859718725,0.16232311461167448,-0.21812192486125984,0.052585723800317605,-0.23670799939677134,-0.21278373346147653,0.017090957450142292,-0.12740315004534297,-0.0796053622162417,-0.27243008379907857,-0.08302087193836308,-0.5796083078637073,0.06575162559096685,-0.46731389233811726,-0.46475971232669955,-0.6165770948300797,-0.4767980932118806,-0.32778928705725213,0.013504133522555804,-0.21646284061510174,-0.28702267264150255,-0.4074794488702285,-0.3107032420455657,0.32281486746700677,0.09027641401172574,0.3869238992390973,-0.27527049414723,0.17201239919086656,-0.30589629593516204,-0.34062579336471965,-0.12340789653728629,-0.3064098835387677,-0.3104924079386834,-0.33446338152912036,-0.3197103013956399
acc_y_mean,0.9285602358661487,-0.016044009009466325,0.24540158551496563,-0.08973478728172868,0.5373331102956856,-0.12758679490861183,1.0,0.1326138301667514,0.428685220062114,-0.06570662145729514,0.5266124568557226,-0.13967915115152063,0.5045640859091255,-0.12051734498680733,-0.007307764500963729,-0.21335288571628236,0.2744504110612515,-0.2803578360556852,0.2179341455523418,0.2248695378188009,0.400408759389199,0.13233839770811665,-0.01193054336423767,0.12371445089553398,-0.08182612434974677,0.15406839010666593,0.0020190225482224107,0.136585315762838,-0.2079666636796413,0.14025630078663692,-0.5951641420422371,-0.21069610781052817,-0.4540731140950635,-0.3285073672531882,-0.4383309514367521,-0.30934300756510374,-0.40359075618369233,-0.21058230876316822,-0.4904152813704548,-0.4093519310196987,-0.24411038508084923,-0.4035907561836933,-0.4857949232418362,-0.16031344117940757,-0.5227113055059766,-0.49331440202328514,-0.3277239282093562,-0.4857949232418355,0.2753874404585571,-0.3343726546597615,0.14218079294162558,0.2716516071470896,0.3452159590909179,0.2753874404585567,-0.5518162011044282,-0.34785789872311645,-0.6197151013621108,0.5405629352706347,-0.3612475145757393,0.5518162011044283,-0.024709334603482354,-0.03267344763925995,-0.030984653390003367,-0.02472894508935777,-0.017650802335885493,-0.024709334603482506,-0.06410971167719283,0.13679899306367285,-0.06520950239358639,0.025141799147771537,-0.12475974181438516,0.014664798017822459,0.13543007071254498,0.30438107725110986,0.22155970920466123,0.21751868072267216,0.004478915399700644,0.20120924539531906,0.18645044479004802,0.3199573704639292,0.28267201957755933,0.1732261235135813,0.09921406602111271,0.15349683888465251,0.17501638374948397,0.34282419626255717,0.27649245776659037,0.2308156816334718,0.047930938387864976,0.20561638447534156,-0.18252150307376686,0.3318547801161151,-0.08629168872818356,0.2289529500523886,-0.26930708009039506,0.20537524989320616,0.1251561451487483,0.30144773899697846,0.2233973410740789,0.1951688936554895,-0.027959445407449796,0.17277903216808976
acc_y_std,0.17611201809370042,0.8645889747895568,0.7877217328241778,0.8262101826176692,-0.5918727212713287,0.7765145870010113,0.1326138301667514,1.0,0.8856416808170554,0.8767090274984156,-0.6978143577919064,0.7887536961001308,0.1842403840757142,0.7694837938705192,0.6958851061603313,0.7476768663273257,-0.6893849494912029,0.7229471867612718,-0.302108800512875,0.5817795243603242,0.37185050255110497,0.5380768849792382,-0.538670837270786,0.5312327623847926,0.24007371788475712,0.5711786022285565,0.5048288387894813,0.5548016350961571,-0.27002741390929946,0.5364722764894658,0.0778414663294544,0.5526021204072138,0.4199076260855283,0.48366380769328443,-0.5247009118061896,0.4642629276202245,-0.04826862667612045,0.38938531951697863,0.12754804926749516,-0.04420312992092559,-0.16592111472120832,-0.0482686266761205,-0.06379597072721171,0.4825045882589023,0.14227133612283932,-0.05446081506058945,-0.20240050864427547,-0.06379597072721149,-0.10824746615726909,0.4055755862569799,0.027100731600698612,-0.10603329878729163,-0.23808309282603005,-0.10824746615726775,-0.021790260230906865,0.3955791569878389,0.15184642992925165,0.02718234757810858,-0.12867374647771954,0.02179026023090767,-0.07364119003327345,0.36380414182122844,0.007530226192826578,-0.05615095239625179,-0.15829455991356375,-0.0736411900332733,0.11579889986619245,0.25295119129376364,0.24629205901090415,-0.07548652151011605,0.05140340903898176,-0.10360603838274696,-0.17186967851392193,0.07491953717237305,-0.0710168118232894,-0.03661569813157509,-0.255112963999611,-0.04310688053177848,-0.4252296008076686,0.2231819277183736,-0.2800366745170943,-0.34072561689807646,-0.5063451551853106,-0.35873256833225214,-0.250530975683161,0.09293143129060515,-0.11998381369529626,-0.20240253142487413,-0.3557223868063226,-0.22895766663834294,0.2417544652290482,0.16667812358341522,0.32891928465805426,-0.18638863867860517,0.08136227098402736,-0.21896711523872792,-0.2809566767933343,-0.0443727013050287,-0.22932083268088396,-0.2333068381754391,-0.3198154606460549,-0.24515712323141023
acc_y_max,0.41474367229958353,0.7663947622681888,0.8497994593456761,0.6357718102320881,-0.3483815935482449,0.5449384404825528,0.428685220062114,0.8856416808170554,1.0,0.6505359427967841,-0.38899151244045477,0.5172460053000997,0.3939796054287286,0.6808034056863254,0.7130964870943434,0.6082897203765277,-0.5167875808833117,0.5296220535015415,-0.07178729796580145,0.44105570904767805,0.43659166755370266,0.3537612652276645,-0.3212873020512758,0.34488694611915705,0.04673929302384693,0.3728083153059477,0.2523775395824006,0.34566929829654836,-0.28565928598555457,0.3338987020764876,-0.2091413939717071,0.2503940239773823,0.07572015063507052,0.15255301335501753,-0.5302809726147043,0.14437720583945965,-0.08175650343559981,0.12881676929704264,-0.014766947484220944,-0.0812275182182176,-0.09797105965307923,-0.08175650343559997,-0.12433878005334166,0.21059804119743408,-0.01758858282666841,-0.12163132918546442,-0.15382708862389374,-0.12433878005334172,-0.04126823727968978,0.11734709612475318,-0.011764162614839747,-0.04158760203177806,-0.08594076527512845,-0.04126823727968893,-0.10516466180574785,0.0963644427205724,-0.028833988561298454,0.10389806535044432,-0.09754264770331161,0.10516466180574822,-0.09895464776166647,0.18451337077614485,-0.052706213877895994,-0.08839920942313832,-0.1409197195629769,-0.09895464776166671,0.119193614062088,0.34041488369404327,0.2667343568835794,0.03248119875634214,0.023604047434517016,-0.002171205502465006,-0.08863243454243803,0.16452169708971315,0.02326471980535791,0.03918954446686289,-0.2000096616740723,0.027749045457102595,-0.20757851931788016,0.34706662091919366,-0.04534175274899989,-0.1631788561422301,-0.31615139590127145,-0.18584042425350367,-0.13412684450626522,0.18729324820973398,0.002943960128634841,-0.07979006503576316,-0.25952822272779613,-0.10869258781664803,0.12527419629449024,0.24677573216979615,0.22843503499433085,-0.06674659450834534,-0.035507650115750924,-0.10090491996793192,-0.17192750068784873,0.07234806311397098,-0.09727972680616655,-0.11349854339780875,-0.2599452510707081,-0.1302828954447234
acc_y_rms,-0.00045886361225868315,0.7497068949920469,0.5816704302724968,0.9018524301045429,-0.6215537323649482,0.9150026365104177,-0.06570662145729514,0.8767090274984156,0.6505359427967841,1.0,-0.7292981832523623,0.9815475819652596,-0.13427657787944558,0.6854242655092532,0.5084398724266841,0.7375017483530986,-0.7444451869076502,0.7845388530519772,-0.46119405142296027,0.6401736726438586,0.26171544619223647,0.6565833994645048,-0.6580678508478399,0.6535824791149384,0.3085610091208528,0.7737762160827794,0.6815564108326023,0.679363072758846,-0.3326869637256867,0.6481761653623698,0.2996486265415026,0.7511159390821072,0.6489502241971741,0.717373239006615,-0.48396573826746536,0.6930541057611669,-0.0681174511544264,0.5920344853482967,0.1635391879068554,-0.06147685816254369,-0.27671912797026044,-0.06811745115442643,-0.046255719488239734,0.645654209632344,0.20188380329595718,-0.033847922241939755,-0.26279510362176445,-0.0462557194882398,-0.1372848393203498,0.6373660615262702,0.09428459824728275,-0.13244157870648968,-0.322090992662222,-0.13728483932034882,-0.012494060402557317,0.6093779649685349,0.21074690812522773,0.02341863376594858,-0.2149139991832634,0.012494060402558042,-0.06274939903051784,0.5419728152136775,0.06173514489362744,-0.03565302866012735,-0.1768282955303951,-0.0627493990305174,0.06956936216456572,0.11460781197083011,0.1535806574697196,-0.20612759812878342,0.04594199477259164,-0.2233936160923269,-0.16224503950447383,0.07072921927998978,-0.06659875136538182,-0.02899322741369153,-0.2384392687827782,-0.03398988945410886,-0.5567710141440222,0.11549986920008735,-0.43229537132005214,-0.43559506380489754,-0.6125594732950395,-0.45132574935256553,-0.27213230129796007,0.08156803876487032,-0.14363302363722846,-0.22603973336841432,-0.3727786663669848,-0.2534143027910298,0.2584115797254314,0.148139667147278,0.3405164685604726,-0.21089425295756128,0.10439520993360141,-0.2434137784807831,-0.3040325209720886,-0.07188670350681244,-0.2609918539803256,-0.2636874007494944,-0.32884657067199896,-0.2756319530015487
acc_y_min,0.4353490761767484,-0.7394044050457247,-0.5016253896745366,-0.7440882829639874,0.8878775551548995,-0.7144527814900402,0.5266124568557226,-0.6978143577919064,-0.38899151244045477,-0.7292981832523623,1.0,-0.7013952634043958,0.09809930365105723,-0.722066962288213,-0.5988967329736895,-0.7550808791363012,0.7217523288028799,-0.7663547660039007,0.3379761791885768,-0.3197197747410885,-0.06371998828513697,-0.3258253111738039,0.4170889628607045,-0.32142655883371546,-0.24029521942397714,-0.3665379532818117,-0.39180007516526144,-0.32253006156371966,0.1161894599795328,-0.30030259771801904,-0.40192940465750526,-0.5799026018083661,-0.6176721322390463,-0.5725847335773804,0.16771890158306843,-0.5384863235079497,-0.27346371344352927,-0.40812648520715367,-0.45432126064706435,-0.27977758845422407,-0.08076408512138064,-0.27346371344352927,-0.2975389842026327,-0.44395715341786934,-0.47117112608839595,-0.30875293579570257,-0.09558043579388095,-0.29753898420263325,0.3025984634950266,-0.5179487734735029,0.11556193567006383,0.29875957351657184,0.4388630159980991,0.30259846349502545,-0.3755804695869877,-0.5023991747433324,-0.5430207768303382,0.3650000765485256,-0.1773298901287871,0.3755804695869873,0.06305827378933015,-0.28657381454111364,-0.0027583214761093848,0.04963036859765661,0.1274229572574439,0.06305827378933022,-0.1592229546190703,-0.10835401680748023,-0.2638156494391845,0.049130522320422323,-0.1435332391109587,0.06168845008681162,0.23366111322543634,0.13231150830029736,0.20869136208731168,0.15436492342400607,0.22740167701909975,0.1491159815499133,0.4508854623822367,0.003611045058862829,0.39788390632794096,0.38039824106644865,0.47557663366490016,0.382897048200867,0.3179759150854589,0.14171684219492056,0.28118074678612665,0.3114704079779889,0.3384701192038899,0.3166372343014416,-0.31703103341263356,0.08263337484124375,-0.3301552528159944,0.3004571695508716,-0.24441145664481387,0.31053093534953075,0.30784231309378796,0.22564021951636448,0.32791053330744857,0.31409206139820983,0.24445298141521526,0.309395284195867
acc_y_abs_sum,-0.06346147102272427,0.6688022480557976,0.46909623952582896,0.8742960007593913,-0.5997965482428016,0.916080250430557,-0.13967915115152063,0.7887536961001308,0.5172460053000997,0.9815475819652596,-0.7013952634043958,1.0,-0.24125946545853943,0.6158360005704381,0.4109275903736193,0.6896941277456725,-0.7181415316153702,0.7643142854138837,-0.5139927223060083,0.6417233279908777,0.20614417713653982,0.6838290924331424,-0.6855621287595267,0.6823312816082168,0.35309565394818493,0.7989422204446152,0.7264987891626847,0.7129881719165956,-0.30283861838893594,0.6820369222768188,0.38108528598916475,0.7982458251795269,0.7131247375750333,0.7807063310457055,-0.44501121139249183,0.7575069174918065,-0.085699345675143,0.6443653658854099,0.1642776844455994,-0.07838003766899518,-0.3128208555507122,-0.0856993456751432,-0.048973119485626715,0.6968581992228561,0.2144841559441299,-0.035402594051224485,-0.28654925431618217,-0.04897311948562659,-0.12963041949807744,0.6936648916643618,0.12293499524633558,-0.12408977752263367,-0.332593587488,-0.12963041949807658,-0.01911793227494345,0.6755064860964263,0.22227008349151586,0.03174629325346313,-0.24846208949638365,0.0191179322749442,-0.04241285562795545,0.5732996916751918,0.0866657482609434,-0.014433796897955351,-0.1640260381397094,-0.04241285562795544,0.03986843206493442,0.05129131030368766,0.10047074918983769,-0.2521901615076389,0.03754906189522728,-0.26464684025539875,-0.1510535011421757,0.05665619486732268,-0.0678294813480695,-0.030785456332852023,-0.21819403445662527,-0.03477690676373288,-0.5820578188501018,0.054532195280661055,-0.47738997741825356,-0.45179259190677235,-0.6205289014051082,-0.46466196307889035,-0.26596925123221676,0.06253256040706137,-0.15136338996438145,-0.22535763988536175,-0.3552603329012504,-0.2503161170295749,0.2525608559047196,0.1240790356934987,0.3265353364205412,-0.21108725259696956,0.11461709669728459,-0.2408224193560212,-0.29558059316092306,-0.08255343731673406,-0.26114124691786644,-0.2620477387105705,-0.31110776363644344,-0.2728859939609884
acc_z_mean,0.5049784460130088,0.20520350644823232,0.4108866043348866,-0.08550005186762633,0.1076761673818442,-0.19707020771558897,0.5045640859091255,0.1842403840757142,0.3939796054287286,-0.13427657787944558,0.09809930365105723,-0.24125946545853943,1.0,0.2225641400535032,0.4269331744975038,0.050053575783508775,0.18641845258375053,-0.11650440444241085,0.3121496353480309,0.062364491520746586,0.3674260975679765,-0.04539992862766703,0.11374659538123745,-0.04792223289912861,-0.2223400476644584,-0.1448607132309439,-0.2473514450938323,-0.09642906595855721,-0.13391050721693637,-0.09138931688121735,-0.40975391421625695,-0.3717479788673687,-0.4436261723813914,-0.32353991752612055,-0.1128020701128045,-0.3055183874634697,-0.040323625743577576,-0.2508420544117009,-0.1304593786812295,-0.04388295987918705,0.07251164216882186,-0.04032362574357763,-0.08925985893576839,-0.17083711355674194,-0.1421930122548271,-0.09404998070539208,-0.0023324267338460615,-0.08925985893576825,0.08329331973266914,-0.25842573684960357,-0.03202599643023327,0.08070638026600861,0.14274927559953315,0.08329331973266893,-0.15426630685908801,-0.25517877244718234,-0.20872239835081688,0.14725160090811185,-0.026067385282809708,0.15426630685908813,-0.06606683019310788,-0.24312439648696932,-0.11307793972047589,-0.07547796401539143,-0.011512287227048178,-0.06606683019310784,0.04968906811924183,0.2574053747406348,0.12777314697604875,0.1997514975999157,-0.03493429329389288,0.18096637559714324,0.1019600706465701,0.22737318294460926,0.15749815276884752,0.1576435105120039,-0.009350057666496814,0.14336146066132824,0.24894448346592507,0.4287097354938448,0.3453951316905978,0.2047404473710355,0.10853565119866687,0.18391231081390996,0.14926442461984582,0.26689599062642544,0.21409916667262538,0.18223468201207194,0.026402467104798252,0.1645006552170981,-0.15314747997218198,0.2837749297870683,-0.04387509008629281,0.19582870123952884,-0.22037249063335945,0.17693046893222852,0.09879340072309604,0.2530990518406412,0.18337297442832381,0.1436190516971174,-0.033704690686599856,0.1280607218973672
acc_z_std,-0.11012007119690646,0.8644143451439907,0.7884748663543978,0.7924029318124792,-0.7576163142597898,0.7257836169898342,-0.12051734498680733,0.7694837938705192,0.6808034056863254,0.6854242655092532,-0.722066962288213,0.6158360005704381,0.2225641400535032,1.0,0.9369761951852198,0.966072193123902,-0.852945108257536,0.9006622790466142,-0.2000691619262037,0.36010521155807085,0.2584309868678072,0.30987254195048,-0.34674045033771217,0.29296035728398007,0.07819107076573611,0.29026906276792774,0.24366525141551257,0.2088184902179331,-0.18056027674811065,0.1884856140461251,0.05724380255051538,0.37310853876264144,0.3139593701831202,0.34052488960226845,-0.3515390287293544,0.32032054693453516,0.3154163075858848,0.19981403525427427,0.4096386522818075,0.3185088952398648,0.19050551244724864,0.3154163075858848,0.29115929700325816,0.2580545701084968,0.4072083663151319,0.29632425382407035,0.16627486123876736,0.2911592970032574,-0.34105645902346426,0.3522900494439572,-0.2169840263313672,-0.33917052779182383,-0.42320638785219333,-0.34105645902346315,0.36321409853239217,0.29635446085418726,0.46881485230428727,-0.3581447763549237,0.24541744643447894,-0.3632140985323918,-0.12907724211172453,0.13536496323433894,-0.08599690684714628,-0.12058906115577829,-0.15404836800528848,-0.12907724211172436,0.21364990182700958,0.217089598591404,0.34626994731422905,-0.014376923939259512,0.16008037501738007,-0.03925610499681854,-0.19034590211446648,-0.03296690807854924,-0.14318401430231129,-0.06310914163602142,-0.24117712603555602,-0.06191510636923603,-0.35468148095474056,0.19823667420759275,-0.24102451604023925,-0.29856256713261475,-0.43620384899304704,-0.3092083588553585,-0.2714589292324046,-0.03945197699099375,-0.20516519480488818,-0.24284843309412638,-0.3365350129997128,-0.2548880094640386,0.26771378955335073,0.02489926885004335,0.31751517430430803,-0.22331562511634356,0.1611297182393885,-0.24289479896065141,-0.2753504309382603,-0.13392019650835382,-0.2667187493135871,-0.2591269548005354,-0.269083355170932,-0.26168575526361815
acc_z_max,-0.00854924139004172,0.8066422266271729,0.8265485601601689,0.6314588550622388,-0.658678436922522,0.5261684568617709,-0.007307764500963729,0.6958851061603313,0.7130964870943434,0.5084398724266841,-0.5988967329736895,0.4109275903736193,0.4269331744975038,0.9369761951852198,1.0,0.8637423526692665,-0.6921214521219949,0.7437604231547067,-0.028258500505820162,0.2368478689904943,0.3025627456807387,0.15984253092964587,-0.173767911929287,0.14538383201008634,-0.05120859005841788,0.12201083541422969,0.04835456109198116,0.05003610809984513,-0.17831951454492018,0.036123316057868914,-0.11296602211379585,0.16162849249893438,0.09158236735072692,0.1166798100853909,-0.3191837957374896,0.10244684657642977,0.2905541324671384,0.022032496087225444,0.3168655560251497,0.29150124365192703,0.24057085712457532,0.290554132467138,0.25817353152395217,0.08097511979835771,0.31016742153640814,0.2597962049337695,0.20420797049342274,0.25817353152395145,-0.27368181475004605,0.15235612790434394,-0.2263585596258989,-0.2735298399466354,-0.3024952801106082,-0.27368181475004544,0.31332443328958653,0.0956130262981197,0.35569097698955776,-0.3126835900227076,0.27455287524709854,-0.3133244332895856,-0.1223665502670326,-0.008228374399885002,-0.1130763910865101,-0.12087530304258343,-0.11795907955985262,-0.12236655026703273,0.20076866140385574,0.27623993345498504,0.3518602418116813,0.0782412632734922,0.1298370957109021,0.04994800388210264,-0.13490204213472765,-0.004760687778614312,-0.09443301334890362,-0.027160601217321483,-0.19178174007720145,-0.027268246830268014,-0.1962855111484835,0.2623288641727421,-0.08264817231656436,-0.17417677597698286,-0.2931332143458429,-0.18598653559942332,-0.18570593166294064,-0.004215724491014224,-0.12982277874914946,-0.1605987653358242,-0.2515886103692008,-0.17069151143592412,0.17776466261853008,0.059873755767264086,0.23162370848896716,-0.13813398731661766,0.08077239551356913,-0.15627314085307673,-0.19055312225203283,-0.0687811490478998,-0.1762883408517133,-0.17492743286295373,-0.20961075503230536,-0.17793434699069202
acc_z_rms,-0.20342608186770647,0.8270409724591973,0.7078856672170117,0.8258630134488029,-0.7751185033252628,0.7829957687814106,-0.21335288571628236,0.7476768663273257,0.6082897203765277,0.7375017483530986,-0.7550808791363012,0.6896941277456725,0.050053575783508775,0.966072193123902,0.8637423526692665,1.0,-0.8837641865989682,0.9717474374827829,-0.26233008608603664,0.40599342677092365,0.22718181682495464,0.37059386811983563,-0.41709472574855183,0.3518902197905697,0.093626402592996,0.3412803873824289,0.28711943062225115,0.2546251811062394,-0.20224482837541902,0.2331904290407733,0.11930445420965119,0.4502368556397593,0.39509653848906645,0.40964935374883243,-0.36124730582028597,0.3857165570689533,0.33311344675667504,0.24772079846428804,0.4447336604283328,0.33670012324916765,0.18356264673385284,0.33311344675667526,0.32283919461959776,0.29495798848927834,0.45083888747359646,0.3287713933163834,0.17569842101926467,0.3228391946195975,-0.38419164851867044,0.4062203002988746,-0.23273101068659036,-0.3819774014436404,-0.4755377214653385,-0.3841916485186693,0.39518201583286344,0.3559064066036009,0.5148669024983278,-0.38897355949658663,0.24749580531756582,-0.3951820158328629,-0.1263335901364398,0.1644295980643219,-0.077025523251821,-0.1170501802418238,-0.15852261331424977,-0.12633359013643947,0.20576599308067273,0.159519941687216,0.3148454926536333,-0.06455134000231397,0.16758293813632824,-0.08462456627171439,-0.1872314893837252,-0.025628462775974914,-0.1405888080309568,-0.06300292662548458,-0.2410757454621736,-0.062689274994505,-0.41694499108438443,0.17653921142991974,-0.3057911916690842,-0.34327949100497857,-0.49691633032332666,-0.35497883167335254,-0.28222231374781087,-0.03000730750348718,-0.2135694069781359,-0.25356997348316435,-0.3537443050247585,-0.26772847688619544,0.27493288512294983,0.034827233199006456,0.332113620835714,-0.2325524751671841,0.1692285453962964,-0.25374081037777313,-0.29203233180631283,-0.13706421271357905,-0.2811679131623838,-0.2766344505843787,-0.28301550435507505,-0.2802069983435751
acc_z_min,0.27958304394715144,-0.7507759827310032,-0.5644604592407859,-0.8186254245435476,0.8103571136389137,-0.7994604066885606,0.2744504110612515,-0.6893849494912029,-0.5167875808833117,-0.7444451869076502,0.7217523288028799,-0.7181415316153702,0.18641845258375053,-0.852945108257536,-0.6921214521219949,-0.8837641865989682,1.0,-0.8916136970536981,0.3247935350206949,-0.3497335456233827,-0.12877209678758816,-0.34416870294331803,0.3923862469199301,-0.33152272866669713,-0.20026965124411214,-0.3649248096864766,-0.37863153685792755,-0.27653158124260474,0.09511619955235931,-0.25577502206236896,-0.2522101758981238,-0.5549887946328284,-0.5175922303898332,-0.5160467848624296,0.31063208962846833,-0.4882974095317577,-0.2764340439054151,-0.3582309668388962,-0.4231408404743644,-0.2816464268389211,-0.09004238440275368,-0.2764340439054145,-0.2688283219329633,-0.3729503601772817,-0.41895600650342135,-0.2768671973440881,-0.09744788212030722,-0.2688283219329635,0.3456694595901341,-0.4899071501236111,0.16180556045116026,0.3420614679097661,0.46138207471230114,0.34566945959013345,-0.3609402434235605,-0.4357204136901154,-0.5008793539349724,0.35196757852519467,-0.18218626528240642,0.3609402434235587,0.09937522635630387,-0.295086732647212,0.021598378246682606,0.08328148975864337,0.1564293224664511,0.09937522635630412,-0.1897178898282298,-0.11591512776600546,-0.28268053731166226,0.08088186675762919,-0.16037764799858142,0.09711798634887052,0.2190366760220075,0.08484026502740483,0.17871765769121223,0.11650734954624592,0.2327294464038579,0.11335215772071676,0.43780782948089875,-0.03219270322737945,0.36712421929389405,0.3631208875600257,0.468864159807851,0.36701150403623645,0.31855493780381045,0.10713854857107426,0.26330062253739855,0.2981011617843862,0.34295514747711653,0.3062245173192263,-0.31654535709421944,0.05350397877407294,-0.33341494822913453,0.2865785246723868,-0.22746142376102266,0.3013404641485346,0.30854857157717486,0.20628861631530587,0.32041506487561333,0.3019890669267307,0.26046185478987455,0.3008047248703919
acc_z_abs_sum,-0.25895117068545437,0.7767241037195783,0.6128011461198272,0.8460624127476615,-0.7656600502802438,0.8346692830363411,-0.2803578360556852,0.7229471867612718,0.5296220535015415,0.7845388530519772,-0.7663547660039007,0.7643142854138837,-0.11650440444241085,0.9006622790466142,0.7437604231547067,0.9717474374827829,-0.8916136970536981,1.0,-0.3449155427884242,0.46888277470707146,0.19030730079594166,0.44712425691019936,-0.5082100343626177,0.42659016331715754,0.15164958147305863,0.4141760691064636,0.3717371617965038,0.3361481229482078,-0.20103754263561277,0.3148529226625032,0.2070727916965259,0.5316276486487945,0.4857579115207948,0.49784684792926304,-0.351194690148887,0.47227577125364184,0.33422889848463233,0.31856544509719914,0.4745925715483486,0.3385242865566192,0.15682440658224603,0.33422889848463144,0.3282170118073848,0.3659904704223674,0.4796956287281257,0.33560408359143884,0.15208704541807147,0.3282170118073847,-0.41623692227963766,0.4806945887112147,-0.23381581201672794,-0.413493191086387,-0.5262290546275405,-0.41623692227963627,0.4016482680105938,0.43849337709059516,0.5471180401184438,-0.39375975501349997,0.22099068042681147,-0.401648268010593,-0.12601847411895079,0.21161701752199646,-0.06624470427593984,-0.11470258779207647,-0.16920949278618863,-0.12601847411895084,0.1965691589753755,0.11169777668976244,0.28760417840450564,-0.10830943324058144,0.17202171276490452,-0.12486478446355102,-0.18344625982086227,-0.016472235696311184,-0.13305377199877957,-0.06902837766119606,-0.23541679525758225,-0.06995142151474514,-0.46889634737434815,0.1345540583140343,-0.3648155240907024,-0.3774988522525436,-0.5362435829919485,-0.38902672833233853,-0.2887739125455741,-0.019179488507271556,-0.21412940624723248,-0.25967233156741415,-0.36219512035614077,-0.2759338503727024,0.2830796814990345,0.04330472272924541,0.3434548960027582,-0.2411269888028637,0.17516105754718775,-0.2638092762120654,-0.3070382510564142,-0.14075781279495383,-0.2935593113102486,-0.2899214334175857,-0.2942335077755099,-0.2945287823252983
