,acc_x_mean,acc_x_std,acc_x_max,acc_x_rms,acc_x_min,acc_x_abs_sum,acc_y_mean,acc_y_std,acc_y_max,acc_y_rms,acc_y_min,acc_y_abs_sum,acc_z_mean,acc_z_std,acc_z_max,acc_z_rms,acc_z_min,acc_z_abs_sum,gyro_x_mean,gyro_x_std,gyro_x_max,gyro_x_rms,gyro_x_min,gyro_x_abs_sum,gyro_y_mean,gyro_y_std,gyro_y_max,gyro_y_rms,gyro_y_min,gyro_y_abs_sum,gyro_z_mean,gyro_z_std,gyro_z_max,gyro_z_rms,gyro_z_min,gyro_z_abs_sum,quat_w_mean,quat_w_std,quat_w_max,quat_w_rms,quat_w_min,quat_w_abs_sum,quat_x_mean,quat_x_std,quat_x_max,quat_x_rms,quat_x_min,quat_x_abs_sum,quat_y_mean,quat_y_std,quat_y_max,quat_y_rms,quat_y_min,quat_y_abs_sum,quat_z_mean,quat_z_std,quat_z_max,quat_z_rms,quat_z_min,quat_z_abs_sum,encoder_angle_mean,encoder_angle_std,encoder_angle_max,encoder_angle_rms,encoder_angle_min,encoder_angle_abs_sum,grf_x_mean,grf_x_std,grf_x_max,grf_x_rms,grf_x_min,grf_x_abs_sum,grf_y_mean,grf_y_std,grf_y_max,grf_y_rms,grf_y_min,grf_y_abs_sum,grf_z_mean,grf_z_std,grf_z_max,grf_z_rms,grf_z_min,grf_z_abs_sum,grt_x_mean,grt_x_std,grt_x_max,grt_x_rms,grt_x_min,grt_x_abs_sum,grt_y_mean,grt_y_std,grt_y_max,grt_y_rms,grt_y_min,grt_y_abs_sum,grt_z_mean,grt_z_std,grt_z_max,grt_z_rms,grt_z_min,grt_z_abs_sum
acc_x_mean,1.0,-0.6046452658622004,-0.13763167888127395,-0.6925330409157215,0.6941208340431388,-0.6695416027580734,-0.385571958620568,-0.3392776276236713,-0.40753513088916615,-0.3698469690626264,0.08980733825714884,-0.38291937189361114,0.5995592606292643,-0.3845853722000592,-0.10107003702536925,-0.19560897265780747,0.796062229413082,-0.1323788882254703,0.2529004355016415,-0.21317197887800568,-0.16944495063637174,-0.10133719684227457,0.2759786937962037,-0.07842789422592106,0.4804650233962289,-0.6759859161652767,0.06164512155545586,-0.17132033618575512,0.5780419218112715,-0.10274264714484044,0.08344614060368617,-0.7193636980557847,-0.35168468737574626,-0.1731908736579474,0.3636315722463605,-0.08344614060368616,0.12264490801638762,0.24243193793681378,0.11783011032145595,0.1231954834326231,-0.1149064656515015,0.12264490801639022,0.04219944694532823,-0.2348917613372894,-0.07048489982434503,0.041724451121483576,0.07893670165069458,0.04219944694532796,-0.32697502884828095,-0.11738661792322852,-0.3511314228115561,-0.3276544426457206,-0.10661593692985044,-0.32697502884828133,-0.026045164392315842,-0.11259246118216787,-0.07100461537329893,0.02601477173631582,-0.05953922873429398,0.026045164392315384,,,,,,,0.20307680490978255,0.05743625889222047,0.10216504936816528,0.14345539247800115,0.15356538445232307,0.1333519212462889,0.06147049476438842,-0.2779038719909911,-0.19375696579670854,-0.02864709552378919,0.16224127076390815,0.07038767970824114,0.08979352027836027,-0.6081152766059232,-0.2356535126228862,0.05084083847477229,0.47857252118275323,0.08979352027836057,0.06627078271576696,-0.24485936694789245,-0.25782733324066975,0.04789481085428466,0.1272779869258825,0.06627078271576681,-0.07409785557894366,0.13581331682969014,-0.0006071882681853329,0.09574136096757865,-0.16765429258155548,0.074097855578944,0.24889698054677947,-0.07484794859498058,0.30858868088667024,0.2943278174477028,0.2240238188634684,0.2862088201834
acc_x_std,-0.6046452658622004,1.0,0.8060411963115868,0.982699147554548,-0.9696567972963512,0.9779080557866935,0.7206473261204398,0.5716738244729659,0.8710989291149338,0.6471482832792554,-0.13704810872347806,0.7190475024085077,0.001683000856559961,0.8687734621827092,0.6207079213841376,0.7680652850154396,-0.9239236666073168,0.7330063952964534,0.28509064064373374,0.8242598739112138,0.716208867103866,0.7407933559691852,-0.7746808389381269,0.7392791499389203,-0.20389539513622926,0.8257124340194986,0.27079662771959984,0.7208247158727372,-0.5185620794802602,0.6937946269150973,-0.7411939686348779,0.8746090189730501,-0.364805091977931,0.7869193795844627,-0.8644252014571574,0.7411939686348775,0.5616727563752916,0.3995637948383172,0.5687736217749126,0.5614583492926395,0.6592924716465722,0.5616727563752905,0.6452971635812343,0.8159621292547656,0.7290263137963682,0.6458334449667256,0.5362045205527244,0.6452971635812345,-0.358351228582524,0.7141190065069247,-0.08920205605533456,-0.3572596783137801,-0.5542418631770255,-0.3583512285825246,0.6757491367661856,0.7328015511230073,0.7255693966707927,-0.6754916554121313,0.6511610458085978,-0.6757491367661856,,,,,,,0.46122385194359194,0.6714257995462716,0.6217622204514138,-0.6332656474886423,0.31739784577246266,-0.6728854714923805,0.14452475138655826,0.7023409669714498,0.5475485509866338,0.6979004544756546,-0.3302692354041882,0.6212819026257217,0.5226525961406251,0.9041994597667766,0.7626874455182358,0.5527693999476935,0.07893936340666198,0.5226525961406244,0.12740004103920058,0.6964265010652316,0.5919078808703611,0.18567838385478322,-0.41426151799201866,0.12740004103920094,0.6025990280161461,0.38520084610900496,0.572236394195568,-0.6167393338624304,0.6583155479003239,-0.6025990280161464,-0.7960010349481946,0.7570418383165061,-0.7658818637551341,-0.8071929530565409,-0.821244323460374,-0.8189899807783374
acc_x_max,-0.13763167888127395,0.8060411963115868,1.0,0.7477641372970238,-0.689369309511895,0.7663239282990586,0.5011008684575692,0.6314986310307198,0.8471078859377905,0.6918964064251721,-0.26616555798587754,0.7723592827088287,0.26329289849817167,0.7338250141130099,0.5930973068023573,0.7706186423508263,-0.5893435307735289,0.757131453859451,0.6361379007564638,0.878910363580157,0.8671613631025604,0.9053973540250027,-0.7114483448949636,0.8917821008276551,-0.1770539723137253,0.6401009296735839,0.184568347765066,0.8980534883239067,-0.44478724044787465,0.9004150562792008,-0.7522982297257949,0.6530089369161935,-0.5498177795857231,0.7674325308501427,-0.7815720976852613,0.7522982297257952,0.759758164417519,0.5425819076751427,0.7109325111408071,0.7595496183137491,0.7333273930267393,0.7597581644175185,0.7592522835118439,0.8597651192609299,0.8008735334269665,0.7595832550204339,0.6411610273719232,0.7592522835118435,-0.6368379367518364,0.7195057550366539,-0.36084718546135175,-0.63634088879315,-0.6910205029223375,-0.6368379367518376,0.7642798418692494,0.8251815503258412,0.7978047318481998,-0.7640821673375624,0.7013193290187345,-0.7642798418692487,,,,,,,0.7120364828295749,0.751615083698086,0.7947453467044879,-0.7992473918013479,0.5771336869456767,-0.8349725714402445,-0.031085092822921326,0.6926968324655794,0.38290891111144437,0.8443223759310597,-0.5039827583754524,0.8191315252429419,0.520444014024863,0.7003236672407338,0.6707165547848958,0.5378583881743105,0.19179898181759822,0.5204440140248623,-0.0815585902052934,0.7186159010415805,0.3966328531925958,-0.017059924335367484,-0.6421803819397297,-0.08155859020529309,0.8039414216258174,0.5963696376771731,0.7736883161278483,-0.8117737341009357,0.8235397977202277,-0.8039414216258173,-0.8732617527171905,0.87795718876711,-0.8107522049054392,-0.8711371765731617,-0.9089561861028223,-0.881752251440052
acc_x_rms,-0.6925330409157215,0.982699147554548,0.7477641372970238,1.0,-0.9770642925454325,0.9972875335318894,0.7391696397787455,0.5737207295662048,0.8602529702031175,0.6539232479007085,-0.13736011132859421,0.7190820301020957,-0.04792188481180786,0.8632633199810222,0.6192890031327525,0.7622252200672198,-0.9418068378436201,0.7220697210754959,0.2044982840867354,0.7982356067679919,0.6894323512448878,0.696618051898265,-0.7810195766214549,0.6933098682315281,-0.23817691687441594,0.8483315307254448,0.26608256150185483,0.689888885601757,-0.5468222153848095,0.6540294369512469,-0.7121791692330235,0.9375644052491487,-0.31016661844468324,0.7701119141572053,-0.8762437304607255,0.7121791692330236,0.5132822422507007,0.35625584389746484,0.5221243812872145,0.5130567010719128,0.621129599780626,0.5132822422506993,0.6037367435534792,0.7984118500671975,0.7022551325228629,0.6042997621448294,0.4963000342214307,0.603736743553479,-0.29792870232931007,0.6875161777955913,-0.05407154778853376,-0.29684282492908176,-0.5125188845061254,-0.2979287023293105,0.6465960134756442,0.6901805443552406,0.6924529335960224,-0.6463748120631796,0.625236818089304,-0.6465960134756439,,,,,,,0.4139709032513677,0.6375659342926627,0.5771510833738952,-0.608978618649996,0.2660428034205409,-0.6449579810409317,0.13323236705888042,0.7133127982513141,0.5523896601885885,0.6397941189854272,-0.34538953938139766,0.5508063015729078,0.49270691164414576,0.9134408411656396,0.7567244091152452,0.5255107031026667,0.04224048618671755,0.4927069116441452,0.12813824819116187,0.6994092925981398,0.6142448944355167,0.18585933890112036,-0.4139113477487256,0.12813824819116207,0.5741735758985665,0.38050553974963364,0.554850513941447,-0.5891746112283899,0.625403727417298,-0.5741735758985665,-0.7807360483871074,0.7291217830431425,-0.7584277225038939,-0.7949994850322424,-0.8026454294157777,-0.8054013186696423
acc_x_min,0.6941208340431388,-0.9696567972963512,-0.689369309511895,-0.9770642925454325,1.0,-0.9656665620156305,-0.7400690941599171,-0.5278174633642089,-0.8324614407052445,-0.5976267795344117,0.07538031992377221,-0.6632466797221126,0.08878379364223532,-0.8156917452155533,-0.5644181366423056,-0.7003509578309908,0.9496730650193717,-0.6602402348743475,-0.16060958843183218,-0.7328398395100265,-0.6138608470804121,-0.6276579914705965,0.7280607337952748,-0.6249502469336028,0.23982677582988385,-0.8252914077527745,-0.22880430171109817,-0.6376231954337328,0.539963093362675,-0.599693907517355,0.6615529814144335,-0.8793286307398761,0.2758531520745992,-0.7169722516856328,0.824367848137671,-0.6615529814144333,-0.4456613563165938,-0.30001788259789214,-0.4605125095100939,-0.44547124066203464,-0.572682186299651,-0.4456613563165924,-0.5463227157835311,-0.7367216915333312,-0.6504655054583937,-0.546872327307678,-0.4531230775893314,-0.5463227157835309,0.22512339998846448,-0.6505770539885738,-0.03890313017320641,0.22394129531122975,0.44903843658319076,0.2251233999884651,-0.5877517711033545,-0.6522212215383041,-0.635937828372351,0.5874840101864932,-0.5717461738469922,0.5877517711033545,,,,,,,-0.34288005061076876,-0.6031407757179728,-0.5177205329016575,0.5566361509724386,-0.18715278791338838,0.5907511950509016,-0.166369394789371,-0.6356797414664173,-0.5405271875122345,-0.5872060758845516,0.2618929612523569,-0.5014728030351437,-0.46220079246806706,-0.8743069189797323,-0.7203798058986349,-0.4940387742286793,-0.03490533474064525,-0.46220079246806645,-0.1596183050982275,-0.6154423643594832,-0.5881947438479864,-0.20829712329242386,0.3205881246695752,-0.15961830509822783,-0.5005469748518954,-0.2988821335953729,-0.47436708586109405,0.5172461875516484,-0.5636779705746311,0.5005469748518957,0.718612401656051,-0.664167429240999,0.6991202898844464,0.735594992762066,0.7416550800406805,0.7453014722795358
acc_x_abs_sum,-0.6695416027580734,0.9779080557866935,0.7663239282990586,0.9972875335318894,-0.9656665620156305,1.0,0.7421731462879639,0.5944176120019642,0.8761400403709212,0.6693459618132961,-0.1605751730229985,0.7344942923552159,-0.0035444492765479003,0.8793325895459956,0.6484868923202618,0.7938757103973617,-0.9204573264121081,0.7546777899548819,0.23066172303176843,0.8267358157857717,0.7202602544045875,0.727441267831434,-0.8081032956478268,0.7248190511975003,-0.21828903140960404,0.8359050613274962,0.2852629116870128,0.7154420983406236,-0.5283083751935789,0.6829334266580602,-0.7360364053099385,0.9462332381938431,-0.3452309173881293,0.7928824052424815,-0.8978351081436781,0.7360364053099382,0.5555074242336488,0.387362573098784,0.5619369022258975,0.5552729668406329,0.6562766877045919,0.5555074242336474,0.640480196371324,0.8155933153365478,0.7346839907896807,0.6410112959942302,0.5356235813592716,0.6404801963713243,-0.34346635658255026,0.7135526222379135,-0.10662915417662247,-0.34241938340943334,-0.5520443825525272,-0.3434663565825506,0.6832401372071956,0.7047734825885181,0.7248607925869146,-0.6830509808693553,0.6623141076782343,-0.6832401372071953,,,,,,,0.4606944619561665,0.6600017884750374,0.6136602368449879,-0.6261613285573414,0.31091223650172534,-0.6640846369935498,0.12329254542590931,0.7537220722413767,0.5627891871324112,0.6588747532550313,-0.3806586064134852,0.5682667011333058,0.5186290949848085,0.9257188003564552,0.7801119665915359,0.5511657031462265,0.06519826123970669,0.5186290949848077,0.1194147428058025,0.7406802718544387,0.6316959120941936,0.18222036106689807,-0.45448194174643003,0.11941474280580287,0.6107217329965305,0.43052014568317043,0.5976591920757311,-0.6237602139083336,0.6513364052327455,-0.6107217329965308,-0.8115276590964682,0.7560934575112146,-0.7854294538919429,-0.8231147308237518,-0.8304331839309164,-0.8336272146777153
acc_y_mean,-0.385571958620568,0.7206473261204398,0.5011008684575692,0.7391696397787455,-0.7400690941599171,0.7421731462879639,1.0,0.05466452917382106,0.6745854333947408,0.12289661968186731,0.4267819189670055,0.21479330556314105,0.3197171993716409,0.7963659378166127,0.795859420620541,0.7148666722291235,-0.6056367980216167,0.7158650123875518,-0.202961762518649,0.6286130316287517,0.33549864704599464,0.3935436011423747,-0.7707311747045438,0.4245956673760086,0.27363686062388926,0.4543188969833413,0.6035576142107913,0.40473634605412423,-0.029854013926596604,0.40917482036192526,-0.7240902328152117,0.7532198952716516,-0.4482442672716725,0.7561839583442798,-0.775531603035318,0.7240902328152116,0.4703660844438034,0.3584384130553564,0.5124981108336087,0.47052071091416126,0.561071580383743,0.4703660844438036,0.6331092277364624,0.6057093796533668,0.6831742844353903,0.6334955427906201,0.5532994795503754,0.6331092277364622,-0.27348925199184415,0.5350867079057605,-0.11257747752126168,-0.27232844442514653,-0.46637007545719056,-0.27348925199184226,0.6014216054403371,0.6323328132784213,0.6392145940644096,-0.6010535880677108,0.5269870648605409,-0.6014216054403381,,,,,,,0.31402464928329915,0.6430259967300168,0.4939788816637294,-0.17082595439066922,0.05943177571721724,-0.2350412064630505,0.6603978928014229,0.6063917965740108,0.8791495665586424,0.5038251922284613,0.160713135326556,0.4340408627057526,0.7623764850086182,0.7153782513137099,0.8552563812989603,0.778456942253556,0.5311560522829275,0.7623764850086182,0.643603390181639,0.5546786717152141,0.8610116573158653,0.690023357382999,0.035616866132006,0.6436033901816388,0.22169392811229474,0.25026532395867257,0.2980475114132496,-0.21855646952893193,0.21713321753608142,-0.22169392811229494,-0.5100387196866887,0.5950084979409198,-0.41496946687193237,-0.4811112183303334,-0.5354748260870841,-0.5115534261541933
acc_y_std,-0.3392776276236713,0.5716738244729659,0.6314986310307198,0.5737207295662048,-0.5278174633642089,0.5944176120019642,0.05466452917382106,1.0,0.7298401024084843,0.941880739855741,-0.8072308717465619,0.9321241801832123,-0.12173873075602881,0.440619324441603,0.18998106844320425,0.4896752916327266,-0.5399356957914309,0.44359405148090875,0.7002592104804151,0.621305585475453,0.7993354495673199,0.7550815045377067,-0.40100435873566564,0.709571207635088,-0.5482547080920954,0.6763795802541426,-0.2238903973552675,0.801991062036067,-0.6760237619551691,0.76185777251374,-0.36591186040019114,0.5030199570342191,-0.21700351185925154,0.4006560102721802,-0.5114421745174583,0.3659118604001911,0.4945563139719021,0.2738429470240219,0.43001303491614945,0.494030650850198,0.5683882954906959,0.4945563139719006,0.4111735844907794,0.5150622532003322,0.4626764271201362,0.4112163163306758,0.3859097672121371,0.4111735844907794,-0.4070697784921351,0.6400172810175793,-0.215360443382765,-0.40683067779264037,-0.4798098235984479,-0.407069778492137,0.4836451066082214,0.379143194380527,0.5033500763550934,-0.483878075519287,0.5200057258446248,-0.48364510660821997,,,,,,,0.5599449145709327,0.35870722136520694,0.5250948570102464,-0.8411656576772072,0.597518947853969,-0.8263061194850188,-0.5783032158572238,0.58314698010643,-0.09598309211133133,0.5510445553645281,-0.8665712184066885,0.5014145737855348,0.031244925820891608,0.5696094096436117,0.2974743575811513,0.056619250018596176,-0.34784807236150705,0.031244925820891,-0.5876407859734211,0.6161699988343482,0.029163011502715365,-0.5296890413522392,-0.8691047241058879,-0.5876407859734204,0.8185611197896311,0.56510744628681,0.7343429558898205,-0.8339096231427245,0.8293103019108018,-0.8185611197896316,-0.7609107088365105,0.603267331436867,-0.7684327393117134,-0.7960042015933348,-0.7415700253174394,-0.7792090118465536
acc_y_max,-0.40753513088916615,0.8710989291149338,0.8471078859377905,0.8602529702031175,-0.8324614407052445,0.8761400403709212,0.6745854333947408,0.7298401024084843,1.0,0.709724676392746,-0.24601889474632882,0.7777619930906783,0.13564444382294727,0.7963262166693763,0.6170799447842266,0.7897814468699035,-0.7369192775093705,0.7593993639604053,0.4274168559290827,0.8567634120033372,0.8029378751248578,0.8159284297621937,-0.7595011568788648,0.7952085739864944,-0.248553293455974,0.7395570837796159,0.14997452603544903,0.8936782341559812,-0.5114933604115598,0.87598997923111,-0.7072587940867776,0.7903295122322773,-0.4428369675109776,0.7472201004118587,-0.8264486810498725,0.7072587940867777,0.6850166922834353,0.3793827081235943,0.6368566757041381,0.6846273775393419,0.8146309685584724,0.6850166922834346,0.7168115998147071,0.7479116021021394,0.767889211632201,0.7170289074674816,0.6410351829427745,0.7168115998147065,-0.49001945059663127,0.7635537689867031,-0.2502069308542048,-0.4892170897582997,-0.6301593568644023,-0.4900194505966318,0.7415212079551144,0.7197937204253076,0.7768839066412756,-0.7414312606402585,0.7022654313226443,-0.7415212079551138,,,,,,,0.6308718763570199,0.6675035157213828,0.7074562979368976,-0.7360540145531634,0.5062717097776337,-0.7655306924968635,-0.01872794665355648,0.770482491247777,0.45407836972287174,0.7370409766554138,-0.5151801605984202,0.6724240550343455,0.49395487211443995,0.8332931066431573,0.7340183886492593,0.5209848108345978,0.09434110456811161,0.4939548721144393,-0.05965497746567024,0.7637671958948684,0.5030427169343243,0.011030387425709035,-0.612190393575182,-0.05965497746566998,0.758881783974893,0.5337135631253832,0.7180721415892304,-0.7685756465054161,0.7875894794657099,-0.7588817839748931,-0.8884631938384709,0.8186126897203334,-0.8360848006291453,-0.8945565812295285,-0.8855326990938566,-0.9013963165016652
acc_y_rms,-0.3698469690626264,0.6471482832792554,0.6918964064251721,0.6539232479007085,-0.5976267795344117,0.6693459618132961,0.12289661968186731,0.941880739855741,0.709724676392746,1.0,-0.7555619864505437,0.9905558336413732,-0.11262133727897261,0.5254617528345781,0.2772691579148056,0.5410145107520345,-0.63441089237413,0.4994189381976898,0.7101137412410419,0.6763674051447954,0.8442046298268884,0.8056847879795804,-0.4490811181473186,0.7725911795640185,-0.5094552483052501,0.7967989706654407,-0.09907640191057082,0.7640627597354581,-0.7256221918389055,0.7167486085296446,-0.4898268884036012,0.6081203133550841,-0.266699522236697,0.5245720615554078,-0.6033725491824771,0.48982688840360106,0.5003107410753155,0.4137596070784082,0.4849702482082445,0.500031657033396,0.505311771700002,0.5003107410753134,0.44300392856184784,0.6678423098849183,0.5270012015050004,0.44333529168734054,0.35822467781507805,0.44300392856184806,-0.4245114127853474,0.7065558882618135,-0.1526769743720011,-0.4240839878235406,-0.5261389634059546,-0.4245114127853497,0.5247077441223145,0.4792038897526524,0.5567434847181243,-0.5247807503691005,0.5412316918993175,-0.5247077441223129,,,,,,,0.5456093783798085,0.4637196339899538,0.5794298833340074,-0.8976859021475955,0.5374199025676588,-0.8862461824552376,-0.4791562683788193,0.5881388782543926,-0.015643729157255194,0.6335490467413949,-0.8068645969276149,0.5791150154049592,0.11392979285579125,0.6200105911813297,0.3651216628636602,0.13912423560683362,-0.28936313668331043,0.11392979285579062,-0.4586809248965528,0.6306855589828793,0.10901766449804431,-0.4070213993773473,-0.8094013018383285,-0.4586809248965523,0.8094530504101849,0.5745413058120061,0.7546928376114925,-0.8290868709396673,0.8266461700509997,-0.809453050410185,-0.7724278551028974,0.707921502914589,-0.7633322788258574,-0.8049602436472959,-0.7968866615900042,-0.7952581408062402
acc_y_min,0.08980733825714884,-0.13704810872347806,-0.26616555798587754,-0.13736011132859421,0.07538031992377221,-0.1605751730229985,0.4267819189670055,-0.8072308717465619,-0.24601889474632882,-0.7555619864505437,1.0,-0.6878367965805,0.12447353022183781,-0.0852499270208958,0.0907454773575451,-0.17035530073780292,0.15185597387963656,-0.13664847891992235,-0.6866481253374905,-0.2947283295047877,-0.5786791154769365,-0.5035868389083585,0.05879841039039269,-0.46523142038648274,0.437833009223522,-0.31796922777841097,0.29766732636136295,-0.44390076348131685,0.4332119909253613,-0.4151215771710851,0.07519849328205531,-0.09948918016247221,0.09343089660439524,-0.08297399050657722,0.14429666175621578,-0.07519849328205512,-0.286322117609005,-0.2078434248006286,-0.23183817320695937,-0.28590460289004727,-0.2630942675852967,-0.2863221176090031,-0.14146521141999205,-0.2199180408426109,-0.1509141689247122,-0.14133202225135297,-0.15945974172840804,-0.1414652114199923,0.3371456868381647,-0.3838724114805716,0.24597751046248736,0.3374708793596595,0.3250482208465403,0.337145686838167,-0.22242571643556158,-0.03703681528379501,-0.21281684221488412,0.22285413717842498,-0.30832609403718203,0.22242571643556008,,,,,,,-0.42231259266798754,-0.08461463997383166,-0.3041636818457775,0.6207594826034006,-0.5599763732315017,0.58988525203117,0.756369982875061,-0.31446578261547925,0.4269531472539629,-0.25896010376512896,0.857834974903775,-0.2424775040613193,0.2157423019573701,-0.1985168288225225,0.06651090446580032,0.2036436552477916,0.4583168358061389,0.2157423019573703,0.7200517969290704,-0.3771207463971059,0.2673331203653555,0.680238520410948,0.8006037258403773,0.7200517969290701,-0.6313785256663298,-0.508483245826126,-0.5732225885550568,0.638197046743921,-0.5953657004434985,0.6313785256663297,0.4401862383870471,-0.27751070468556505,0.48194577703130004,0.47327056283998353,0.4132098643902143,0.4482451206851743
acc_y_abs_sum,-0.38291937189361114,0.7190475024085077,0.7723592827088287,0.7190820301020957,-0.6632466797221126,0.7344942923552159,0.21479330556314105,0.9321241801832123,0.7777619930906783,0.9905558336413732,-0.6878367965805,1.0,-0.07971459346060183,0.5877491091978556,0.3408840170539325,0.6009299783832577,-0.6769426850727146,0.560628015390559,0.709430941903398,0.7356022434583577,0.8769845450669179,0.8486530786053272,-0.5156876958758233,0.8167644762986365,-0.49557406697920964,0.8255259161156233,-0.06247372145717797,0.8230525232245162,-0.7294701922573884,0.7793733611447086,-0.5484469257631931,0.6650753603179607,-0.3042606854133142,0.5852677083317667,-0.6649013452079946,0.5484469257631931,0.5511632911095856,0.4307848416251264,0.5271398210320422,0.5508624266389434,0.5621053746653052,0.5511632911095838,0.5056894551283726,0.7272777028858161,0.5918819840606485,0.5060478651784078,0.414087210031646,0.5056894551283727,-0.453166100922867,0.7274545698210517,-0.1720276273709125,-0.4526862833436099,-0.5568923510335259,-0.4531661009228693,0.5782916872741093,0.5559478626559397,0.6151755613460274,-0.5783171825276208,0.5831816107547972,-0.5782916872741077,,,,,,,0.5778982001965375,0.5227793840956394,0.6260116028037873,-0.9149502533679381,0.548286783444298,-0.9102542232304808,-0.41803997258935083,0.6322754736457056,0.06301869149498167,0.6886302497403206,-0.7818892405433886,0.6338632059917517,0.1797239008785821,0.6755078660551078,0.4373098486192425,0.20606744749163206,-0.23640473916945878,0.17972390087858145,-0.4121416158776342,0.6700496814035343,0.17035500802227435,-0.3566212409573973,-0.8080255895949384,-0.4121416158776337,0.8335582724165406,0.5850187277633884,0.7776583428381838,-0.8530093799256282,0.8571030117818355,-0.8335582724165409,-0.8224389371297313,0.7615764882323371,-0.8023263344465373,-0.8521833777708926,-0.8482231458069845,-0.8454088009348605
acc_z_mean,0.5995592606292643,0.001683000856559961,0.26329289849817167,-0.04792188481180786,0.08878379364223532,-0.0035444492765479003,0.3197171993716409,-0.12173873075602881,0.13564444382294727,-0.11262133727897261,0.12447353022183781,-0.07971459346060183,1.0,0.41737797274640015,0.6980147731205171,0.57781275102504,0.2856359193456838,0.6320962653723382,0.16576271364285206,0.46796178017523876,0.3017304404071276,0.385388240722735,-0.5413567951650311,0.4402525121717867,0.8157447684185527,-0.34487468000422444,0.7228112275065602,0.22395993705391254,0.6638058888506587,0.30285118750680795,-0.6216038250619401,-0.029937086596219346,-0.8860278879047214,0.5607620876636269,-0.4099093619272473,0.6216038250619399,0.7287451363966898,0.725308178884793,0.7500041376873215,0.7292783235894704,0.5395546272270535,0.7287451363966917,0.735606455788037,0.35334253977471314,0.6388010235973086,0.7352558790005949,0.7638177950815727,0.7356064557880365,-0.8068822628634943,0.46593607544538423,-0.7774859911566893,-0.8069074032559668,-0.7329044340300205,-0.8068822628634928,0.6674033370610134,0.40708537144224316,0.6176339290498727,-0.6674269046646816,0.634953711737258,-0.667403337061014,,,,,,,0.7126605373336244,0.6353842609700456,0.6810534712577349,-0.03244451405797681,0.5279928211906013,-0.10493071998775136,0.43197543628291524,0.500486604094718,0.5258047849354274,0.41650305796373893,-0.012158262633494003,0.43428800920326543,0.8032865759827781,0.165087824876925,0.5846098689473876,0.7836511734672325,0.871988115925022,0.8032865759827785,0.45858041950841555,0.5042931900332166,0.5687790585381927,0.5208392804842541,-0.14245184445133044,0.4585804195084154,0.33588903069451687,0.6769376724099453,0.4984923575079075,-0.2965981575520213,0.15878711089892075,-0.3358890306945168,-0.3554576136425678,0.44013820329384773,-0.2530646156747636,-0.28323114833574353,-0.354489294310547,-0.304910336634356
acc_z_std,-0.3845853722000592,0.8687734621827092,0.7338250141130099,0.8632633199810222,-0.8156917452155533,0.8793325895459956,0.7963659378166127,0.440619324441603,0.7963262166693763,0.5254617528345781,-0.0852499270208958,0.5877491091978556,0.41737797274640015,1.0,0.9050715267781843,0.9580993183153833,-0.729982390514844,0.9471324140310142,0.2031221739939862,0.9289162750593355,0.7404171846054547,0.7812858459943729,-0.9587578668282816,0.8073546079306484,0.21568702652907984,0.5997237025804956,0.6423084384824556,0.6665186364383276,-0.13827298957373074,0.6700793554807721,-0.9317069991466168,0.8261993038219947,-0.6892049724381354,0.9549799224615394,-0.9696780190384294,0.9317069991466165,0.7965878726037429,0.6775589749178936,0.8262796276484319,0.7966339864276917,0.8112852022706304,0.7965878726037419,0.8809342142796813,0.8688473508715604,0.9165285469774109,0.8812696475651962,0.8061390498440444,0.8809342142796813,-0.6507887502071046,0.8408400658982893,-0.43634352599558757,-0.6498344186242925,-0.8166121540238148,-0.6507887502071037,0.8831907316531294,0.8041260726551109,0.9067517272817094,-0.8830024833875576,0.8569028482887824,-0.8831907316531297,,,,,,,0.6943303404871503,0.8245279813828992,0.8149900150384441,-0.5056672170429151,0.512294942346601,-0.571752262228153,0.32648088254117136,0.8918954211775207,0.7511834256655491,0.7445813607320166,-0.3109363389465405,0.6666201439056912,0.8225105811260806,0.9307214580514364,0.9587594184700209,0.8442157254917341,0.42007728859889876,0.82251058112608,0.3423846700622125,0.8860854915677555,0.8497253838470645,0.42836444223088915,-0.4285243736247875,0.34238467006221257,0.653277745812946,0.6576320917714362,0.712716297900272,-0.6454962512286396,0.6033254064311148,-0.6532777458129458,-0.8467966576856882,0.8207199507545299,-0.783072717736578,-0.8248432058154256,-0.8551453753340258,-0.8429014944633213
acc_z_max,-0.10107003702536925,0.6207079213841376,0.5930973068023573,0.6192890031327525,-0.5644181366423056,0.6484868923202618,0.795859420620541,0.18998106844320425,0.6170799447842266,0.2772691579148056,0.0907454773575451,0.3408840170539325,0.6980147731205171,0.9050715267781843,1.0,0.9221891920207259,-0.41829492993831874,0.938817122835125,0.08196942822130082,0.8353073931689815,0.5987422422661967,0.657370986035381,-0.9235945716880709,0.7012415327426299,0.5222134728243711,0.30534033526817045,0.8347549274199477,0.5226402708777635,0.19053161845572184,0.5537212262575366,-0.9255387394415499,0.6564724534753572,-0.8169913958376904,0.927593109856735,-0.8817378261344562,0.9255387394415495,0.8283508096324684,0.741761057989705,0.8669966077192205,0.8286002305656637,0.7776380161500369,0.828350809632469,0.9147933890575884,0.7603168992265554,0.9166665303713073,0.9149448943708661,0.8637909189803282,0.9147933890575883,-0.737928560734671,0.7486369180072956,-0.5954481534985372,-0.7372241764121282,-0.8421043167745428,-0.7379285607346692,0.8811987165842433,0.7323857109329155,0.8841122505104079,-0.8810402965500551,0.8381903246442419,-0.8811987165842436,,,,,,,0.7251516556098514,0.8235005339890196,0.8157205455867592,-0.2957759959536884,0.5099677971145324,-0.37466867605190024,0.5077562264522626,0.8580695648610255,0.8478110295147784,0.6783236690006156,-0.1497417920537822,0.621544303019644,0.9462577388266556,0.7643157052676427,0.9652634145476803,0.9558321727270447,0.6795989204865074,0.9462577388266553,0.5244477314711645,0.8450938004033601,0.9249169674423624,0.6113726332074744,-0.2988014869658814,0.5244477314711647,0.530940807361751,0.7075210881352992,0.6557348731152358,-0.5083472408154451,0.41482416011252726,-0.5309408073617509,-0.7134858113527617,0.7507546388732516,-0.6040754662744259,-0.6648103463610346,-0.7235107334929806,-0.6901605085191796
acc_z_rms,-0.19560897265780747,0.7680652850154396,0.7706186423508263,0.7622252200672198,-0.7003509578309908,0.7938757103973617,0.7148666722291235,0.4896752916327266,0.7897814468699035,0.5410145107520345,-0.17035530073780292,0.6009299783832577,0.57781275102504,0.9580993183153833,0.9221891920207259,1.0,-0.5677033018901806,0.9965696441286809,0.3241728992100255,0.9636333821763993,0.8063577514914783,0.8476541299495756,-0.9800739779202913,0.8714133513355063,0.26989799427478034,0.47757149242541197,0.6330210640474326,0.7435964202904816,-0.053580696510936957,0.7613124252272577,-0.9467740869221051,0.7397556545711921,-0.8107225824943781,0.9586325940295426,-0.9666105660373338,0.9467740869221049,0.909806764860572,0.7577164029065646,0.9144493914364072,0.909876761519248,0.87636256773089,0.909806764860571,0.9589025278495296,0.8715961849604472,0.974583168120119,0.959068191513022,0.9049065512930504,0.9589025278495297,-0.7961686271017797,0.8750745869276204,-0.596402025359314,-0.7954570101059792,-0.9096161862658547,-0.7961686271017788,0.9573773439092382,0.8132705398608283,0.9609577166866715,-0.957295320397363,0.929132697657634,-0.9573773439092377,,,,,,,0.8398794553526883,0.8844849638510968,0.9145248237048416,-0.5593091637248621,0.642068987756903,-0.6280821247855498,0.25277606017984783,0.9392646746645895,0.703843046633591,0.77762311812264,-0.41742821467073676,0.7130910173994683,0.8563324037652932,0.8549318151647108,0.9540999657414131,0.8725189741028296,0.5092131809485081,0.8563324037652927,0.26770756204763824,0.9390774051265091,0.8164114781700692,0.36217087948985566,-0.5499123304474295,0.26770756204763857,0.7559230621573881,0.8150703587325776,0.8349183157656602,-0.7417843162806766,0.6683124532265766,-0.7559230621573884,-0.903182886785069,0.8654602807309586,-0.8316420338421991,-0.8732191559383214,-0.903588779407595,-0.8893457459514792
acc_z_min,0.796062229413082,-0.9239236666073168,-0.5893435307735289,-0.9418068378436201,0.9496730650193717,-0.9204573264121081,-0.6056367980216167,-0.5399356957914309,-0.7369192775093705,-0.63441089237413,0.15185597387963656,-0.6769426850727146,0.2856359193456838,-0.729982390514844,-0.41829492993831874,-0.5677033018901806,1.0,-0.5181365223331085,-0.12474597237437052,-0.6252166698534207,-0.5485468894390525,-0.5408190117972059,0.5974342586209013,-0.5317551189541584,0.3641827444274434,-0.8849203366679955,-0.1279229635130409,-0.5325729564799345,0.6427301415820103,-0.4775138872165306,0.5393988335134313,-0.8505990234734444,0.11062247128748288,-0.6019688053729382,0.7177288177684715,-0.5393988335134312,-0.2925869550991528,-0.20613307224074748,-0.3230386156676945,-0.2923630934860415,-0.42681464787016143,-0.29258695509915095,-0.3831034668086827,-0.6628164849000149,-0.4964740351506317,-0.38374873496838285,-0.2726735894777437,-0.3831034668086827,0.08786278864369249,-0.5599102823762409,-0.1548909569154389,0.08673833934256013,0.3164459658607698,0.08786278864369318,-0.4389548052243341,-0.5560887873209021,-0.49869126985597306,0.4386721534892643,-0.4283920339815598,0.4389548052243336,,,,,,,-0.2002518885453201,-0.45426852078458085,-0.3762472083407193,0.5335308748198874,-0.10894125518571454,0.5511908836088755,-0.05488194335344,-0.5207895399518256,-0.39780596150527675,-0.4927022488290906,0.27953344452421997,-0.4055531931879732,-0.28951599916990706,-0.8260456841400465,-0.5734321623508685,-0.3240539871052379,0.1611106283827613,-0.2895159991699065,-0.06055605340522747,-0.5114747295470954,-0.4613332867822314,-0.09727572310121269,0.293907409644588,-0.060556053405227614,-0.4269816977625807,-0.17874094138821967,-0.37369820124722675,0.4500676535295445,-0.5160788261168742,0.4269816977625808,0.6186542404358287,-0.5543578397711534,0.6312708401514023,0.6496492044717171,0.6434008823637928,0.6535925589715573
acc_z_abs_sum,-0.1323788882254703,0.7330063952964534,0.757131453859451,0.7220697210754959,-0.6602402348743475,0.7546777899548819,0.7158650123875518,0.44359405148090875,0.7593993639604053,0.4994189381976898,-0.13664847891992235,0.560628015390559,0.6320962653723382,0.9471324140310142,0.938817122835125,0.9965696441286809,-0.5181365223331085,1.0,0.3200738730855136,0.9521016211361651,0.7867595774750564,0.8352773631245904,-0.9718524020180681,0.863595568221213,0.32789124020150096,0.4320583978449764,0.6693877698640986,0.7178768505099528,0.004242638648893438,0.7407841436175873,-0.9571447085955707,0.7018338214454595,-0.844901756553288,0.962739332471724,-0.9531181334225178,0.9571447085955701,0.9194091594372991,0.7851496762947484,0.928620471376825,0.9195479105228773,0.8676246332175083,0.9194091594372984,0.9705683852214052,0.8640819579334486,0.9803860386379684,0.9707198070324027,0.9172209511588504,0.9705683852214049,-0.8181193847741389,0.8703297808322739,-0.6181154033899657,-0.8174196128169431,-0.9210038675689837,-0.818119384774138,0.9624126999839232,0.8174462355371284,0.9657062751589057,-0.9623133889908282,0.9298693814753858,-0.9624126999839231,,,,,,,0.8492243317229003,0.9000317117056693,0.9245341734930922,-0.5350509965867332,0.6411886563069651,-0.6067369666246465,0.29109145916966034,0.9241227776740457,0.7205089591347408,0.7741506486898828,-0.3814253007076842,0.7152784185375375,0.8860776170673931,0.8216291123389347,0.9572812977195362,0.8993824048259204,0.5664491191554649,0.8860776170673924,0.3092700831901659,0.9248457478725051,0.827158578736983,0.4023578040250638,-0.5189552942191272,0.3092700831901664,0.7374285274870771,0.8197284051171557,0.8274042664900301,-0.7213582737064191,0.641449047404588,-0.7374285274870771,-0.8814054572955945,0.8637454282838856,-0.7999880559000876,-0.846580939348391,-0.884933500383591,-0.8647615441762726
gyro_x_mean,0.2529004355016415,0.28509064064373374,0.6361379007564638,0.2044982840867354,-0.16060958843183218,0.23066172303176843,-0.202961762518649,0.7002592104804151,0.4274168559290827,0.7101137412410419,-0.6866481253374905,0.709430941903398,0.16576271364285206,0.2031221739939862,0.08196942822130082,0.3241728992100255,-0.12474597237437052,0.3200738730855136,1.0,0.4901478953965901,0.7440563435037563,0.7483450547728044,-0.17130495761370795,0.7253533789908846,-0.3208663895736866,0.34095183109552346,-0.22961474343751787,0.6341988758307932,-0.40494899228910247,0.634994739804398,-0.3451120732580716,0.08094063894985438,-0.3809410058519643,0.3192598252667131,-0.27885922211670633,0.3451120732580716,0.521332995590688,0.4634854309713604,0.4827539922084081,0.5212292098807025,0.39189448363728385,0.5213329955906869,0.40062830880026035,0.47663849867489744,0.4103443155208641,0.40065556249884504,0.3403707696505817,0.40062830880026035,-0.5698864800589668,0.5407858596658307,-0.33251581429897664,-0.569988627441276,-0.4966964218070549,-0.5698864800589701,0.4660833616593068,0.4092529889808684,0.4716380732993015,-0.4662082654428087,0.4720188200184766,-0.4660833616593059,,,,,,,0.6319287196719473,0.43161438692743404,0.5906794862415055,-0.8409264481667862,0.6382441404156715,-0.8313170177619505,-0.5588364889371682,0.3147123393539785,-0.28418914549391244,0.5137129582584439,-0.7345616644693328,0.5306075093341522,0.05552976260936881,0.18979456667858055,0.11007278677467487,0.05644545909284992,-0.10473322988213557,0.05552976260936828,-0.5293793374708222,0.385761217234438,-0.21020550876975672,-0.4960982724746554,-0.7342253936820337,-0.5293793374708216,0.7735580376341109,0.551008027624944,0.7154471031801591,-0.784386962373952,0.7868499575378064,-0.7735580376341109,-0.5933199955145894,0.5851297402713715,-0.5638898485155625,-0.6069369156424279,-0.6181596369096165,-0.5995443648848787
gyro_x_std,-0.21317197887800568,0.8242598739112138,0.878910363580157,0.7982356067679919,-0.7328398395100265,0.8267358157857717,0.6286130316287517,0.621305585475453,0.8567634120033372,0.6763674051447954,-0.2947283295047877,0.7356022434583577,0.46796178017523876,0.9289162750593355,0.8353073931689815,0.9636333821763993,-0.6252166698534207,0.9521016211361651,0.4901478953965901,1.0,0.9137049652284226,0.9422109474815137,-0.9241169214033568,0.9497263525982511,0.09388400491973752,0.5906919284433604,0.48524807176130813,0.8535338294537987,-0.22587145154071242,0.8636964461492964,-0.9255743084270708,0.7451376243232084,-0.7562277479019449,0.9390321324413767,-0.9467210671366934,0.9255743084270704,0.9188893441881232,0.7370391006516337,0.9074906408331812,0.918813817403636,0.8966061537375765,0.9188893441881224,0.9370970334310317,0.9171896005168041,0.9623596791655867,0.9373129612678611,0.8590954049173187,0.9370970334310316,-0.8058910820073822,0.8974060077900197,-0.5619575673935359,-0.8052482284188034,-0.900918499714958,-0.8058910820073825,0.9503327610655191,0.8400182418813854,0.9603415241636434,-0.9502558615388238,0.9224432221965545,-0.9503327610655189,,,,,,,0.8643805456348644,0.8625450864769565,0.9337220193317579,-0.7097833221292329,0.7168144944533927,-0.7653457077083013,0.08866086730317856,0.9148250224337947,0.5714593032653728,0.8576316091025772,-0.5376752594080068,0.8039864577930305,0.7481056923509867,0.8721593787318663,0.8852739104450378,0.7674007094446448,0.3512368607580117,0.7481056923509863,0.08658602261187345,0.932227347356629,0.6782940563036933,0.17968342197868503,-0.6676244719895826,0.0865860226118738,0.8596373286806638,0.8048467933343846,0.892127671968514,-0.8529342816238669,0.8067470593880031,-0.859637328680664,-0.9637873438961576,0.9078783930838994,-0.9083461605282662,-0.94636276439984,-0.967996484382404,-0.9571881740737554
