,acc_x_mean,acc_x_std,acc_x_max,acc_x_rms,acc_x_min,acc_x_abs_sum,acc_y_mean,acc_y_std,acc_y_max,acc_y_rms,acc_y_min,acc_y_abs_sum,acc_z_mean,acc_z_std,acc_z_max,acc_z_rms,acc_z_min,acc_z_abs_sum,gyro_x_mean,gyro_x_std,gyro_x_max,gyro_x_rms,gyro_x_min,gyro_x_abs_sum,gyro_y_mean,gyro_y_std,gyro_y_max,gyro_y_rms,gyro_y_min,gyro_y_abs_sum,gyro_z_mean,gyro_z_std,gyro_z_max,gyro_z_rms,gyro_z_min,gyro_z_abs_sum,quat_w_mean,quat_w_std,quat_w_max,quat_w_rms,quat_w_min,quat_w_abs_sum,quat_x_mean,quat_x_std,quat_x_max,quat_x_rms,quat_x_min,quat_x_abs_sum,quat_y_mean,quat_y_std,quat_y_max,quat_y_rms,quat_y_min,quat_y_abs_sum,quat_z_mean,quat_z_std,quat_z_max,quat_z_rms,quat_z_min,quat_z_abs_sum,encoder_angle_mean,encoder_angle_std,encoder_angle_max,encoder_angle_rms,encoder_angle_min,encoder_angle_abs_sum,grf_x_mean,grf_x_std,grf_x_max,grf_x_rms,grf_x_min,grf_x_abs_sum,grf_y_mean,grf_y_std,grf_y_max,grf_y_rms,grf_y_min,grf_y_abs_sum,grf_z_mean,grf_z_std,grf_z_max,grf_z_rms,grf_z_min,grf_z_abs_sum,grt_x_mean,grt_x_std,grt_x_max,grt_x_rms,grt_x_min,grt_x_abs_sum,grt_y_mean,grt_y_std,grt_y_max,grt_y_rms,grt_y_min,grt_y_abs_sum,grt_z_mean,grt_z_std,grt_z_max,grt_z_rms,grt_z_min,grt_z_abs_sum
acc_x_mean,1.0,-0.009514667848407238,0.3614470016397821,-0.046095466852041876,0.6233725894891133,-0.053102868853192396,0.8831102578311761,0.2989721435672549,0.7581277945949869,0.014142721032589949,0.5763848353580273,-0.03957297166228696,0.4683258975372586,-0.17457551984573677,-0.12387089404470832,-0.24219669689509765,0.3354654957143873,-0.24866717408515834,-0.32282868490867017,0.528609621646241,0.11396816846622448,0.5586913546770745,-0.4836060071698701,0.5377897169242685,0.2939750709501911,0.4189311685702056,0.3600912930632165,0.5983377276743845,-0.019229162317315477,0.6056169147890669,-0.4453306974281772,-0.10380897149918039,-0.340814509934776,-0.25135114184675167,-0.5382556465604122,-0.22349859848681053,-0.6903238131602946,-0.14792876611743405,-0.7239889432115867,-0.6952220246521856,-0.484478876132097,-0.6903238131602956,-0.7056972246913565,0.07111713627704257,-0.7023428616844655,-0.7089088339983607,-0.5583489343061804,-0.7056972246913568,0.6399029044481866,-0.050416045297707185,0.4129975606032795,0.6324831387538339,0.7149406801607656,0.6399029044481859,-0.7048950006284864,-0.2798428712972432,-0.6917377737702002,0.699410188445654,-0.5713807833609521,0.7048950006284864,0.07252787840356208,0.013951288841508041,0.027800366263883224,0.06247042389006558,0.04645489727028334,0.07252787840356197,-0.07058221637713387,0.05886118048623517,-0.09933817447169103,-0.058170793576932306,-0.10549363858354932,-0.06671166857216979,0.047840849162222775,0.15791282377293064,0.1000777942082197,0.050196279054623746,-0.026648284217588067,0.03977436683767441,0.03851459592827087,0.13605751789474307,0.10094394823604554,0.06753267324602727,0.0006312653880239098,0.05372773166716864,0.06006461621988397,0.18007582844251138,0.12881739628445518,0.09066549153033675,0.0022530417635442087,0.07183264367894028,-0.08390695276536496,0.21616622790510234,-0.007189769041953614,0.13300834678519874,-0.1647527716072211,0.10977317893549725,0.014570543966527258,0.170531408286457,0.07258100656276309,0.08756540986426357,-0.1257748950163245,0.0676057336623479
acc_x_std,-0.009514667848407238,1.0,0.8496184264972649,0.8414678563968795,-0.7321281425011419,0.7310660023670918,-0.17683416621691544,0.5321473527894915,0.26653893560270886,0.46233519653306104,-0.4628671823326544,0.45158058259657646,0.07548654276796929,0.7839913037202968,0.7971924239171689,0.7702421816601837,-0.6323335574656728,0.6694184707312123,-0.27262644287929105,0.31041723697460055,0.04335421994521477,0.27062047834488895,-0.3286379244216582,0.26583209846384037,0.29488202612170084,0.3834759253642,0.4139132391963054,0.2241874867957258,0.06311358104115329,0.19001655567805187,0.28077111079967315,0.40268459990288163,0.4103312735337007,0.4034176309968368,-0.10441937826022532,0.3838175000492273,0.06692528398056032,0.32997050908565884,0.22662862989464735,0.07070376033545266,-0.04671384856793505,0.06692528398055964,-0.02384148198291777,0.3941324797919766,0.15999545396918552,-0.01628603676887425,-0.13588639437351568,-0.02384148198291796,0.06382470006866031,0.3835761016191931,0.22721251385645339,0.06934060005603218,-0.19802568956748756,0.06382470006866053,0.11381864439134187,0.30486741609026374,0.22475135424337764,-0.10886824147972315,0.04658680044432212,-0.11381864439134208,0.2777752703169281,0.18999625591602126,0.2686780112453353,0.2800936137756591,0.29342983552583696,0.27777527031692806,-0.14193759360713978,-0.1968226259877068,-0.150243492467576,-0.4201227432699795,-0.05141261964177847,-0.41954712496967617,-0.30990453370345744,-0.25513053418438636,-0.3107007618321851,-0.36725898090382547,-0.217179907136366,-0.35351705303566694,-0.6759927634723274,-0.15376360184277837,-0.6450168813858019,-0.6727988197960368,-0.627234133212658,-0.6690723005097355,-0.5413187487887556,-0.25695371121377225,-0.5005736521326405,-0.5128333552238963,-0.49638211493212075,-0.5199786792244091,0.5219084407085025,-0.1774037561806609,0.5150975776691907,-0.48680059861404845,0.4176909546655296,-0.5083750203754371,-0.38944691072822135,-0.36222849938183793,-0.43938977951397795,-0.48428955471925744,-0.19889947762411364,-0.47925414426538965
acc_x_max,0.3614470016397821,0.8496184264972649,1.0,0.6166056451460817,-0.35246711481539794,0.47517186712929704,0.21964645460548096,0.40836226858479174,0.4823855209895669,0.2105728587139545,-0.02335487810597643,0.1799589101722696,0.3383104206168736,0.6063323623637409,0.7898820103101774,0.5485568235806021,-0.2925195651078263,0.4063042302315627,-0.16778711504246652,0.3499689197750379,0.18261529470753457,0.3216120520747911,-0.29447528429436864,0.3141323243340315,0.201420967396971,0.3408524925567921,0.29570105295122107,0.26048325695371105,-0.04415527933752146,0.24239314040859308,-0.10264284292295689,0.1060095554063372,0.007594801544039851,0.01879581175034627,-0.31829576840786183,0.017224253935738204,-0.09359571030217298,0.039162677903171704,-0.044488634470446264,-0.09395885833603515,-0.0613339971139314,-0.0935957103021738,-0.18326681628655053,0.12437949121975299,-0.11955730346463811,-0.18163794802035169,-0.1625399562564591,-0.18326681628655056,0.1389801302400192,0.09214596914166331,0.135567371221053,0.1381863018760634,0.06244141475893346,0.13898013024001965,-0.11494923194026727,-0.019006845842297275,-0.07234559430687887,0.11387684029864244,-0.0693288015758741,0.11494923194026697,0.0881498800150519,0.028958787565440174,0.059781346610426576,0.08269909468860359,0.09745601408093016,0.08814988001505179,-0.07693291276241508,-0.007850557013307674,-0.04843660968743508,-0.2399675120245164,-0.054221390078292575,-0.24963688329444225,-0.20239618607209045,-0.09716673114464901,-0.1750885837734503,-0.23145651034977072,-0.1743691600618064,-0.22721868132197873,-0.42566987070980317,-0.0023495712312750815,-0.3650288937556964,-0.4380855920502608,-0.42469589261359064,-0.4427221477831205,-0.3553940672024539,-0.09298061338879468,-0.29893901361105835,-0.31538103817139274,-0.3571104950988225,-0.32889900316122644,0.32052863419420635,-0.0194052623880841,0.35021545271786536,-0.2809850410425943,0.20578950881798558,-0.3081303237961414,-0.26534747302104855,-0.1865710539867272,-0.27259355749078285,-0.3061457736513858,-0.1854986322518616,-0.3099019656901465
acc_x_rms,-0.046095466852041876,0.8414678563968795,0.6166056451460817,1.0,-0.6966264932526053,0.9794848714261615,-0.1966835155272405,0.6686554754103615,0.31627312510493893,0.7609626797662585,-0.5845148528269556,0.7647230131708705,-0.2749204612208619,0.823499634909937,0.6370744395752225,0.8559297876884495,-0.8445731464638168,0.8320396997745059,-0.5464522581319521,0.4817017312873996,-0.12670485831978362,0.45419910546939884,-0.5589889428157458,0.4365709184005668,0.5073513178464326,0.4854009621663179,0.618833581931769,0.37373785598781206,0.19706480627787826,0.34002757510477194,0.42354440134612864,0.7303861930054285,0.6742220603010011,0.6245212285086115,-0.19770176274687112,0.5797385047505056,-0.025766519086036967,0.45818327825229516,0.15316974347221762,-0.02117809141178556,-0.19920150046203128,-0.02576651908603734,-0.13651957671109677,0.5068848389996693,0.07933527958447671,-0.12903024945017116,-0.27381097790160636,-0.13651957671109677,0.18033198138719406,0.6158475410925699,0.43522631477309504,0.1893619335976844,-0.19073082685023707,0.18033198138719375,0.08917512166318622,0.4011917424916863,0.2051804223618083,-0.08192835144249848,-0.030173987214974878,-0.08917512166318611,0.4387264626696014,0.5200353276414365,0.5413995444164124,0.4734429373814411,0.2727302492960678,0.43872646266960097,-0.24853461786348782,-0.419421439709484,-0.32548750687455164,-0.6195138138551473,-0.08992950183203634,-0.6054585429603062,-0.38885563209084006,-0.35713345119210177,-0.41347757944404834,-0.45494571879470963,-0.2718300675442216,-0.43391611945635356,-0.8524817096591519,-0.2723847390477852,-0.8396862243088749,-0.8169636953646671,-0.7614125765025977,-0.8078992940115917,-0.6573952557049082,-0.35779558749807644,-0.6284225214392479,-0.6367251224093031,-0.5896906791933358,-0.6399528913082939,0.6425339412855408,-0.28152728788679426,0.6124890106280746,-0.6035684456884022,0.5530126887039214,-0.6205828996201386,-0.4741766994231235,-0.4580334877421329,-0.5525968061803072,-0.5910109651574834,-0.2371964765896542,-0.5824404434654833
acc_x_min,0.6233725894891133,-0.7321281425011419,-0.35246711481539794,-0.6966264932526053,1.0,-0.6298515995754055,0.6733291986608512,-0.2899235191945797,0.23949702463396,-0.3914592343290774,0.7933155738788442,-0.40536111173896444,0.2780928761699858,-0.6988484309322941,-0.6443105259301416,-0.7320846399552513,0.7531907015681164,-0.6708635023518059,0.07126432630866988,0.036775681228302375,0.04862476233127759,0.07865341347166223,0.019358610190126364,0.0700101003171057,-0.06781478351081974,-0.04301068542448719,-0.10770397925597658,0.17854168713591376,-0.05666556984399358,0.20742224989491273,-0.490397560569926,-0.4900908871249197,-0.5967972772399535,-0.4947199618564422,-0.17254151341240662,-0.44485683202667914,-0.47861444416093596,-0.34060211342850727,-0.6173635042027967,-0.48426342986806525,-0.26091675854311985,-0.47861444416093585,-0.4238813689247538,-0.25151697371590287,-0.5637211843774702,-0.43126963857430123,-0.24902510243620393,-0.42388136892475364,0.3547250790003283,-0.34429509890085375,0.07454716453157163,0.3454779137860437,0.6065434720512344,0.3547250790003276,-0.5336760838013038,-0.38600258413189575,-0.600361665732054,0.5270724768572534,-0.40301618445042336,0.5336760838013039,-0.16515736006298667,-0.19074427129168103,-0.22496050546242904,-0.18459783847073907,-0.16898882520111055,-0.16515736006298665,0.049574200003016024,0.22083457866725018,0.04560466999559443,0.2928982132777795,-0.05190892589512245,0.2840355024832789,0.2778660409479578,0.2939420925697785,0.3064703237814739,0.3098027929366073,0.15775569039724371,0.293619512147166,0.5765845298766653,0.22636820420244286,0.5991499043724807,0.5941833300198343,0.5120001596539703,0.5824735428004963,0.4791319504404217,0.31722172245963315,0.48812296370129876,0.4764551870462658,0.4105155044347257,0.4705521225979402,-0.48943172143975155,0.29116819949037265,-0.44002806588085525,0.4913814508877726,-0.46194569308350586,0.49223630872103,0.32108556542723776,0.39222193283426615,0.3937962535221805,0.44725514742847844,0.07726666029325888,0.43186766550830463
acc_x_abs_sum,-0.053102868853192396,0.7310660023670918,0.47517186712929704,0.9794848714261615,-0.6298515995754055,1.0,-0.2041483471745262,0.6836482199365378,0.3076377926180107,0.8276521640434534,-0.6042086530620425,0.8386695480194571,-0.3740590587702897,0.7722749224478793,0.5100674796435924,0.8198795935799984,-0.8584975080179691,0.8348185591449395,-0.6199600027869299,0.5132337071387458,-0.18977230260717798,0.49039107277276117,-0.6137151276169485,0.4694454239988309,0.5734259061121761,0.5048438298016357,0.6774204835810596,0.4263704662950485,0.25191681112520914,0.3934458298075436,0.4784982785195239,0.8025546925287855,0.7443421128018877,0.6946022224666241,-0.18882107536998755,0.6480633597111547,-0.07817371283035021,0.5089411367142684,0.11456037945768754,-0.07313985132159749,-0.2672085834294358,-0.0781737128303504,-0.18190472052757942,0.5637944691436759,0.05316929745820442,-0.17393144393210047,-0.3322961866397286,-0.1819047205275794,0.24283246887106058,0.6851640355638899,0.5130841389316042,0.25273231129256596,-0.16368621949919254,0.24283246887106028,0.06711843935297576,0.4475165355419936,0.19302537659415114,-0.058890660825340634,-0.07143904180334718,-0.06711843935297575,0.5059868836596786,0.6051867125865956,0.6248478868290772,0.5458990984874355,0.3039141482870101,0.5059868836596785,-0.2788608142697801,-0.48417677313547575,-0.3808914665023793,-0.6649793028436698,-0.10206162574250412,-0.6467310416050756,-0.389148753581024,-0.3731734204508031,-0.4224136739813379,-0.4608381795705311,-0.26793871676673425,-0.4389544728254604,-0.8682433696773623,-0.3011114599880042,-0.8633524866376755,-0.8185029567280969,-0.7645586917915659,-0.8080206804747104,-0.6571698717718664,-0.37304313425921864,-0.6344954489645913,-0.6421410320763143,-0.5825317185961113,-0.6438906704897447,0.6480753594057655,-0.3022862925251583,0.6116303869221114,-0.6090116719565901,0.5708619102642924,-0.6231559491105607,-0.47477177331461157,-0.46379103731720983,-0.5582700343756661,-0.5914792118763617,-0.2335921375204066,-0.5823331223204737
acc_y_mean,0.8831102578311761,-0.17683416621691544,0.21964645460548096,-0.1966835155272405,0.6733291986608512,-0.2041483471745262,1.0,0.22560460908471494,0.7750435283784187,-0.04294341005676129,0.6975753998206357,-0.10509264011341814,0.5011470453193935,-0.2576331710245552,-0.16896634503746996,-0.32029173146137246,0.4127801187971344,-0.32585206758368773,-0.27481533518460255,0.46384087171855753,0.13667077849040715,0.5565550596787869,-0.39565581262854455,0.5610235121708523,-0.0545171136898194,0.4174422417985611,0.10488308597929595,0.4184449629411129,-0.36914519898538384,0.42950002410860627,-0.6921711333932307,-0.27083914564383477,-0.572731187312228,-0.4490129520307581,-0.6379475355797198,-0.42687527248490204,-0.5329286694599017,-0.3729845720288699,-0.6911420869376109,-0.5404393255759362,-0.30028447226479554,-0.5329286694599022,-0.5680029915359155,-0.16870601931689289,-0.6813899539099617,-0.5760097563579413,-0.3869673698535156,-0.5680029915359156,0.36130229397659225,-0.16292311745472537,0.18209861507645017,0.3541836166693742,0.5367104366536505,0.361302293976592,-0.6637580650518048,-0.47651323317872474,-0.7388202506100644,0.6550745206558625,-0.49045537640632086,0.6637580650518049,-0.2937280674692483,-0.15111965537726885,-0.24257799061551036,-0.2814032780521833,-0.31808388222213985,-0.2937280674692479,-0.043557120285076995,0.22876684108333498,-0.011856235127566615,0.0693471515933304,-0.13208997630320526,0.050708932846267235,0.17710520276994554,0.3261315763844589,0.27280246135084274,0.19042546268612717,0.04357536783804669,0.17266899271158198,0.23664761733911022,0.3147400892966533,0.35326987377652813,0.257491185739128,0.1483130681063005,0.23318932040007817,0.24517332191118527,0.3652071840618992,0.35424280358769705,0.2926484975719056,0.1280877469276404,0.26330593212823084,-0.2888946942599896,0.41966796484966484,-0.16538356233041046,0.34202373520644297,-0.4127988545863739,0.3065451251727957,0.1488729321983905,0.3493817142877433,0.2538559390704187,0.2736115492981855,-0.11276185130654953,0.24606865577664802
acc_y_std,0.2989721435672549,0.5321473527894915,0.40836226858479174,0.6686554754103615,-0.2899235191945797,0.6836482199365378,0.22560460908471494,1.0,0.7478501796689465,0.8383419680456802,-0.47557461704111453,0.7623024701193638,0.1021727829592412,0.4999094055185776,0.29471827841592063,0.518009179309614,-0.5358561985002438,0.5610878186299485,-0.659157401595655,0.7793834831464937,0.00842008790053018,0.7612439685232294,-0.7954091949671384,0.7405734204244633,0.3992379988078339,0.7612448868427277,0.6922891679339873,0.5902017748933246,-0.055606065839370236,0.5580145655238852,0.08754856000969846,0.5688047480671102,0.38621251721078936,0.4564451359756608,-0.4621189109949561,0.42397323917188673,-0.3169356113423814,0.37826835214709564,-0.17453418206886495,-0.3147241346739933,-0.4177809086119018,-0.3169356113423815,-0.39908278293395405,0.528321546781491,-0.20282196452026635,-0.3930236990037217,-0.49441242798463564,-0.39908278293395405,0.3342569631633356,0.5683851343496515,0.5373707145784579,0.3402886807661288,0.055878661792281105,0.3342569631633345,-0.22187026975880042,0.18999129810330842,-0.13547167518676798,0.2249711316719239,-0.26072099120079945,0.2218702697588008,0.3467729582973761,0.46247759619544593,0.48312492638677623,0.391031404119126,0.2133053032393803,0.34677295829737576,-0.24100867896208936,-0.24994627088943502,-0.3097510720050608,-0.5369861202978818,-0.1669661696356971,-0.5321967696453574,-0.2659993759817191,-0.004592659691195611,-0.1591351664906568,-0.341584132768277,-0.27172185371292024,-0.34534901648333394,-0.70977124030363,0.07043166735885974,-0.562241563993756,-0.6552099737520648,-0.7109959100148207,-0.6760449314944798,-0.4881228658506458,0.024038526040835888,-0.3139798891090198,-0.4288608853116905,-0.5433321919344136,-0.4707998755078111,0.45579357618988353,0.11964434626102347,0.5670679933563701,-0.3678921839205829,0.24715998754708224,-0.4250659660424186,-0.4100907212894381,-0.15178801557867197,-0.3437087669023891,-0.4234508928645223,-0.3545418799841064,-0.44194146648853905
acc_y_max,0.7581277945949869,0.26653893560270886,0.4823855209895669,0.31627312510493893,0.23949702463396,0.3076377926180107,0.7750435283784187,0.7478501796689465,1.0,0.4737154740307013,0.19429856201055234,0.38735248047172693,0.4470245905945082,0.18561925802053098,0.16494671186602222,0.15257357398129684,-0.049195652091442756,0.15515569948955946,-0.5542707804500779,0.776436129908397,0.09472676431528929,0.7991682901353152,-0.7379860897720886,0.7803361095163772,0.1988838403220912,0.7108867626543297,0.4857698142895496,0.6427615525481142,-0.2667757118207908,0.6309349543879837,-0.37793245973388434,0.14707351214908637,-0.14902190965066514,-0.009577666391463747,-0.6791905477734537,-0.008227645084613017,-0.5479643523751281,0.005732652493308046,-0.5581493866273984,-0.5511159206360596,-0.4623813182126071,-0.5479643523751291,-0.6179082723013951,0.2173373245161,-0.5744892936756872,-0.6193643951522202,-0.5635310150805136,-0.6179082723013953,0.4417670077838918,0.24060295781434463,0.451017434243589,0.4410791428026955,0.3839132546236914,0.4417670077838906,-0.5755554974083743,-0.1674935331719092,-0.5624856080354448,0.5724476663338199,-0.4930212030596855,0.5755554974083749,0.036572113105657514,0.21644470151729636,0.15605382384756483,0.07360528839932282,-0.08978531797324801,0.03657211310565749,-0.19171451218740024,-0.01704524613385663,-0.21650421355062643,-0.303887265919529,-0.2018591855594071,-0.31210583772598055,-0.04472883496808098,0.23427534595122532,0.09062174903435581,-0.0767809633567474,-0.14160991227265068,-0.09356065606770145,-0.2895704758980869,0.2795153925175043,-0.11503552271657766,-0.24034920393708584,-0.3564053999239001,-0.2718644820819294,-0.14018688508173563,0.27242099359683225,0.04220325174608874,-0.06799091882079893,-0.2550401701023998,-0.11554346607699209,0.08381196649370988,0.3690880247745368,0.2397892380701839,0.006905537012014421,-0.1276107246664331,-0.05415376713089587,-0.1527900009046264,0.13998611265828076,-0.033512870554558295,-0.08192627426653062,-0.28396627371722716,-0.1113658924744374
acc_y_rms,0.014142721032589949,0.46233519653306104,0.2105728587139545,0.7609626797662585,-0.3914592343290774,0.8276521640434534,-0.04294341005676129,0.8383419680456802,0.4737154740307013,1.0,-0.5809580394294538,0.9885968305029467,-0.28482604902458264,0.553050450959977,0.2284634639890865,0.6328791133736599,-0.7002309710221921,0.7176378212205946,-0.7115369678232345,0.6680746727507125,-0.14569076768064934,0.6673825927354465,-0.7328083160972948,0.656241140024168,0.46196515494164037,0.760042340426104,0.7367352087350655,0.520471540635671,0.004590037604940492,0.4771766249463768,0.37017926080018276,0.7051012615178103,0.6203017338591461,0.6918562744318526,-0.24521796719274014,0.6631503503129917,-0.23866687693270758,0.5543985419667339,-0.04941553908710946,-0.2333877925079201,-0.43630069074717626,-0.23866687693270736,-0.31178453887661184,0.6504064505633359,-0.07142239886655247,-0.3031919261262029,-0.48106313791072036,-0.31178453887661167,0.3023949040391626,0.7885336840842991,0.6111865323551214,0.3139027530906764,-0.12439819088559051,0.30239490403916136,-0.09472992597417633,0.4184174513225863,0.02625496346463205,0.10287970694772229,-0.22445505799938226,0.09472992597417688,0.4920229943391744,0.6570672419546266,0.6542093707561437,0.545557158909436,0.24999904117380464,0.49202299433917385,-0.3280109392044875,-0.40698682064242475,-0.433567756011711,-0.6638666554201175,-0.19677661827384368,-0.6496136867984235,-0.27681488336628396,-0.14882145781612052,-0.2351450889052391,-0.38452680893586416,-0.23413681733447378,-0.3758109857234389,-0.784294330380384,-0.08415204920985764,-0.6900325584717925,-0.7104309579566649,-0.7404726825494227,-0.7194420226144991,-0.5198891193722136,-0.11973970676559086,-0.40368199314623715,-0.48151300646366707,-0.525505807413884,-0.5078034025431266,0.4919270763495506,-0.029015434563409045,0.5454857384377548,-0.4246810183506895,0.340334321275584,-0.46508188300633846,-0.4030162258802751,-0.255582411069449,-0.403463991331044,-0.4549533962946107,-0.29840255147891526,-0.4615103318871271
acc_y_min,0.5763848353580273,-0.4628671823326544,-0.02335487810597643,-0.5845148528269556,0.7933155738788442,-0.6042086530620425,0.6975753998206357,-0.47557461704111453,0.19429856201055234,-0.5809580394294538,1.0,-0.5743526545157672,0.41417944407803714,-0.5502622494022195,-0.3271752623432771,-0.6119925253711835,0.731626938139597,-0.6506107257535724,0.193810823485961,-0.09327189983871698,0.08766299629221841,-0.03410744551450197,0.1685661318102805,-0.02921208752893598,-0.27319683686398444,-0.11972316132183367,-0.30149663501093454,0.012316244106413216,-0.2316712912462364,0.04066503854912419,-0.5705306430359735,-0.6332314124095391,-0.7412218622608183,-0.6144769389808855,-0.17181627722912832,-0.5607832190461319,-0.3211225473041817,-0.46864666652088216,-0.5154667667573808,-0.32798677394121845,-0.07835474117114613,-0.32112254730418177,-0.28355754460536675,-0.39476969646174387,-0.4877350580619295,-0.2929965695502041,-0.09770455457475734,-0.28355754460536675,0.17136882522704433,-0.43767615588711,-0.09261497882944075,0.16241646187817949,0.47928765621675057,0.17136882522704427,-0.4823390725790909,-0.4375360438301605,-0.5725774922101265,0.4750686919961475,-0.3370009962890682,0.4823390725790911,-0.40265786071138326,-0.3759374428522577,-0.4560551852264399,-0.42166668498050286,-0.3452732991517931,-0.4026578607113832,0.09915796214770545,0.32432507193419935,0.14935864089416365,0.38905820937025537,-0.020351054065400383,0.37190695901519893,0.31720339449109375,0.28663968649944427,0.3385196715888734,0.3737336934596676,0.20972365156942485,0.3602427132381714,0.6624273014544468,0.24449636521666665,0.6802347789515863,0.6574735232883123,0.5915398805527391,0.6481252007980819,0.5253767618205445,0.3084949603751025,0.5175167378934522,0.5315452288883187,0.4703193596604544,0.5307189672928727,-0.5509410232313091,0.3104401457493687,-0.520146189821439,0.5437927009593971,-0.5354253744482839,0.5452896263843955,0.38565910456650176,0.38872591291584835,0.4406796492865112,0.5041012532632627,0.13846616225052313,0.49277277792325525
acc_y_abs_sum,-0.03957297166228696,0.45158058259657646,0.1799589101722696,0.7647230131708705,-0.40536111173896444,0.8386695480194571,-0.10509264011341814,0.7623024701193638,0.38735248047172693,0.9885968305029467,-0.5743526545157672,1.0,-0.35522860065024237,0.5616080397814784,0.21869234613646263,0.6489408853670527,-0.7230745777140597,0.7386843881824336,-0.6930201432919167,0.6211567836546611,-0.16391277802976262,0.6278156042749292,-0.6966329662678559,0.6196449840352732,0.4713267397738374,0.7324068778127328,0.7267366736630847,0.49491620818055543,0.03260488664297412,0.45060698715405656,0.4372747483432968,0.7138789295661249,0.6581084686546674,0.7330367251720437,-0.18171898486850757,0.7080712551528008,-0.2124689119446261,0.5870475584896969,-0.011471789059501207,-0.2065627294583589,-0.42606213399763904,-0.2124689119446264,-0.2766301657998478,0.6764509371130005,-0.023920556976018453,-0.2672835793007667,-0.4627882041851913,-0.2766301657998479,0.29379364103053307,0.8196087383125443,0.6145762256170866,0.30629531835121704,-0.15943987179964078,0.2937936410305319,-0.05741102172359741,0.4777937388334815,0.07581195081747721,0.06674571134299119,-0.20877541744434225,0.0574110217235979,0.5150530348125747,0.671842130402017,0.6674325912897157,0.5664372471336959,0.2630269822085155,0.5150530348125745,-0.32998524566470916,-0.4229268894062557,-0.43888268622809123,-0.6696904773655598,-0.18980080675645075,-0.6548042297244453,-0.26620396839124655,-0.17674587370763867,-0.24473763253516256,-0.38222911804564375,-0.21538120537479866,-0.371772120345403,-0.7790001997492886,-0.11941534435173956,-0.7023036540109767,-0.7031134756302454,-0.7269261819624335,-0.708773310839781,-0.5118467202920304,-0.1516059893401406,-0.4167291887407446,-0.4804204905827016,-0.5079945862162931,-0.5016701757761522,0.48824221071939666,-0.06817835864330407,0.5297025298199258,-0.4282874242452022,0.35794549005428333,-0.4625271778451613,-0.3874221740511519,-0.26773049793307724,-0.40505787842801527,-0.4487270319451162,-0.275835193921229,-0.45306022470018936
acc_z_mean,0.4683258975372586,0.07548654276796929,0.3383104206168736,-0.2749204612208619,0.2780928761699858,-0.3740590587702897,0.5011470453193935,0.1021727829592412,0.4470245905945082,-0.28482604902458264,0.41417944407803714,-0.35522860065024237,1.0,-0.10624563122052896,0.17806826511347632,-0.18860658961376484,0.4818545802029261,-0.28021747011906295,0.21432071579767994,0.11483668126568576,0.2988346999898823,0.06209812448544612,0.001840338735394516,0.06668316003554281,-0.3140069871601836,0.10332689390703641,-0.15966438681185122,0.13446741272514992,-0.36728873232900955,0.14103633217449124,-0.429401119796435,-0.522381880608166,-0.579138352182407,-0.3809432929579345,-0.13965811882008902,-0.32998080279815284,-0.19397886737940448,-0.19480428497489297,-0.2587106528469592,-0.1973809143115953,-0.07213397411271545,-0.19397886737940467,-0.18584613109248763,-0.13833098561369966,-0.27295834127918256,-0.18946292512762186,-0.11498702562948203,-0.18584613109248754,0.029177454300185198,-0.2720727628263732,-0.09429314950766153,0.023242992289034765,0.22584811041117975,0.029177454300185042,-0.3454271485646672,-0.2336557912780598,-0.36033648903277776,0.34092496613763396,-0.23918607494814825,0.3454271485646674,-0.3371813551765337,-0.3642634464603691,-0.3717238005573662,-0.34761445959939014,-0.1834977260078262,-0.3371813551765335,0.06919915149270808,0.3591329674028111,0.1429616469084675,0.18298986814395177,-0.0656284134932128,0.16109928310915636,0.20304498464841308,0.5144986349030193,0.34884559972648105,0.2486375619187471,-0.005627744032997805,0.21069117849323396,0.2851642041212702,0.5642632095014023,0.44331745357989,0.2749016404517246,0.08388462954149153,0.23180500792576345,0.26677463704652327,0.5457869878256603,0.41841172967987017,0.33073343792730225,0.04574368481175567,0.2830541206990262,-0.33145649583551573,0.5568366286882411,-0.10625420782596887,0.38075836827692433,-0.4602778938409165,0.3329272917014127,0.14260147482465274,0.4971633814092988,0.33880771839766544,0.28504427855340697,-0.15595347126403428,0.24711966304144137
acc_z_std,-0.17457551984573677,0.7839913037202968,0.6063323623637409,0.823499634909937,-0.6988484309322941,0.7722749224478793,-0.2576331710245552,0.4999094055185776,0.18561925802053098,0.553050450959977,-0.5502622494022195,0.5616080397814784,-0.10624563122052896,1.0,0.843848392695073,0.9638193157955658,-0.830152416921435,0.9118632704658413,-0.28985076463208076,0.3177154162761454,0.06649466100979792,0.29030549648191895,-0.3299324848507425,0.2864458178234874,0.2813217066891869,0.2546484774778956,0.32608037718829214,0.06751525379073704,0.101155950170822,0.043545980456518515,0.22377833395714494,0.44888938370963377,0.41231287944738565,0.31498837811572394,-0.1860867778989339,0.27605133359115747,0.31889934738504705,0.1592393217996429,0.38799870368442213,0.32094810843750526,0.2066850442806359,0.3188993473850471,0.18464203402448423,0.1934891745099074,0.2999078805544093,0.188696678179146,0.10463173100694304,0.1846420340244842,-0.17862320268350373,0.32392468814011577,0.02874532718145791,-0.17265885703911368,-0.4144614953316377,-0.1786232026835037,0.3884365888700897,0.17706047022449742,0.4194353152966094,-0.38594663194343454,0.33803958005420826,-0.38843658887008975,0.10095396375118917,0.18835507845020666,0.17960548845937438,0.12321078770628825,0.04557974813341717,0.10095396375118913,-0.12274099390928486,-0.20918142388047944,-0.1265355338399677,-0.4110213021524397,-0.01815098718988788,-0.40791475714788766,-0.29598139972614357,-0.2906290925352118,-0.32075927145760996,-0.3773652164695241,-0.19881043751005928,-0.3595364523931229,-0.6827273387842593,-0.14857505161818102,-0.6560511846863004,-0.6958728771917632,-0.6455823890856641,-0.6881427791245153,-0.5407455367373687,-0.29714792719147554,-0.5224564074276267,-0.5249090604180451,-0.4992456453019402,-0.5260410098031642,0.5402206141807543,-0.2510283121585453,0.5258552437182424,-0.515266087251866,0.47434377452910675,-0.5265297390440504,-0.38017993070977996,-0.37458263303749567,-0.454268116271052,-0.487671804322141,-0.1895665120164664,-0.4791607849911598
acc_z_max,-0.12387089404470832,0.7971924239171689,0.7898820103101774,0.6370744395752225,-0.6443105259301416,0.5100674796435924,-0.16896634503746996,0.29471827841592063,0.16494671186602222,0.2284634639890865,-0.3271752623432771,0.21869234613646263,0.17806826511347632,0.843848392695073,1.0,0.7959564499116659,-0.5111136807082189,0.6533222941999584,0.014760839244346548,0.12011469031125124,0.2044384825212742,0.07806335675047926,-0.06753627285424588,0.08440214414938636,0.009143970753769637,0.08727463448995978,0.04228396890235772,-0.07589852397865934,-0.09195861842329853,-0.0902051643250759,-0.009951161396183052,0.15117547948151705,0.1084128054198279,0.026630093986907008,-0.18786373067797243,-0.0013905812495085847,0.3439787116279795,-0.02301808232375427,0.34718186496945974,0.34447805636239986,0.2998391626293561,0.34397871162797933,0.23925722090882348,-0.06782072275045187,0.24430129035993123,0.23962079460865446,0.2312368737364142,0.23925722090882331,-0.3057568422040657,0.030326472533223826,-0.20119824896964555,-0.30369034976375725,-0.37231698095970844,-0.3057568422040653,0.32229047000994376,-0.024401054176446602,0.3040430581585329,-0.3236860649608283,0.33988353528578363,-0.3222904700099443,-0.0901667632543534,0.007888445158510438,-0.02929439878628952,-0.07368630846260095,-0.10527611755810118,-0.09016676325435338,-0.030259657736283183,0.0257008196537588,0.04568914585409277,-0.19868437284161988,-0.0026229632259675605,-0.20799913747304485,-0.18772683815760713,-0.11722543486920756,-0.18092953503683962,-0.23292417778288588,-0.15501450571552364,-0.22726238092555348,-0.431050720727249,0.014507367150200578,-0.38252450476625616,-0.46911502370716646,-0.4530790105321892,-0.47103219500957183,-0.3601209936476092,-0.12760989736797465,-0.3292369429785525,-0.3311618244254275,-0.3750686359423922,-0.3390498974560906,0.3369223718745008,-0.0907591255942601,0.36366944800973117,-0.3189016940621206,0.2624746252367426,-0.3356080087889126,-0.25158430683630484,-0.20150191792284006,-0.27535814720982427,-0.31875774252971667,-0.15464043476762918,-0.3166950751695725
acc_z_rms,-0.24219669689509765,0.7702421816601837,0.5485568235806021,0.8559297876884495,-0.7320846399552513,0.8198795935799984,-0.32029173146137246,0.518009179309614,0.15257357398129684,0.6328791133736599,-0.6119925253711835,0.6489408853670527,-0.18860658961376484,0.9638193157955658,0.7959564499116659,1.0,-0.840401992721826,0.9714119767670896,-0.3038201871266894,0.35372025309436417,0.03733944101282388,0.2940177057790621,-0.3764413875153103,0.28442364892377825,0.27042662092204406,0.2789789290158082,0.3537585619134839,0.11704259124906662,0.09440298404915058,0.09336376487069345,0.283901155923431,0.5155961107022161,0.48029605909199696,0.3980881038214668,-0.18215738752789293,0.3545591711000165,0.28843673015691024,0.21453656822268288,0.37282837603009533,0.29109564191870524,0.15129311719869867,0.28843673015691024,0.16542313282829682,0.26141354670153044,0.29893084842962964,0.17035997223422916,0.05289682067021968,0.16542313282829696,-0.17300672125424268,0.3764153396810516,0.07146822654224197,-0.16627787573589428,-0.42700036662865415,-0.17300672125424285,0.3673837638858564,0.24964341386475355,0.41498473086434057,-0.363678305370476,0.28906721642289024,-0.36738376388585625,0.16648259717358935,0.2333736477880886,0.2426200523663699,0.18735473478708367,0.10805206950445663,0.16648259717358915,-0.16547904250914403,-0.25603113387161386,-0.19195956635805494,-0.4834637898477672,-0.05396199680541569,-0.4777000989599858,-0.285819022704585,-0.21316318467813664,-0.2867681297770093,-0.37993615003826625,-0.22013164336153201,-0.3701329317798605,-0.7297161340313171,-0.0769104435521099,-0.6753284594549023,-0.7229312062876359,-0.7180516933917696,-0.724921095125818,-0.5480130800162342,-0.21073033777273661,-0.49609277985169464,-0.5207242634845617,-0.54664098061924,-0.5333857724972927,0.5299472099797268,-0.16413384128832453,0.5640110526386753,-0.49539289742575526,0.44335124353424715,-0.5173313151868959,-0.39742544772401206,-0.30967034740527327,-0.43145791706280057,-0.4901371106163613,-0.2379701855392571,-0.488619556266252
acc_z_min,0.3354654957143873,-0.6323335574656728,-0.2925195651078263,-0.8445731464638168,0.7531907015681164,-0.8584975080179691,0.4127801187971344,-0.5358561985002438,-0.049195652091442756,-0.7002309710221921,0.731626938139597,-0.7230745777140597,0.4818545802029261,-0.830152416921435,-0.5111136807082189,-0.840401992721826,1.0,-0.8614656741780728,0.4564390387607858,-0.34591774693201666,0.09078766826884369,-0.34471662474928133,0.41489555709385156,-0.3367529835031836,-0.4222014966392861,-0.3120920766678152,-0.47107607773245314,-0.08355275980939343,-0.23412272362113606,-0.052662929639185445,-0.4904254222330588,-0.702492625093674,-0.7079176777718996,-0.6012876380933785,0.059728848196634335,-0.5490715315235191,-0.3003865541765008,-0.3863530476640468,-0.447719179866466,-0.30507114241577216,-0.0957590158049021,-0.3003865541765008,-0.18985771177725833,-0.40826671115968527,-0.3880159880429953,-0.1976082345968561,-0.027245819398287564,-0.1898577117772586,0.09684186026045563,-0.5686560119985784,-0.20731741284565983,0.08619168357775471,0.46248475806901057,0.09684186026045598,-0.43408495165516503,-0.4001713676773603,-0.5122919407114679,0.4269887419354902,-0.2992296714844752,0.4340849516551647,-0.2826693784024971,-0.3911325236841152,-0.39256647167423064,-0.3169783367506013,-0.17096381763931054,-0.28266937840249695,0.14328282611474905,0.386265626425642,0.20451895718378,0.4767900124585522,-0.013323819452254321,0.460803168966475,0.3682407059299426,0.4447339210398385,0.4211771654640638,0.44440593350960833,0.1988479776440123,0.4134704562384862,0.7842394119658012,0.3754564429325121,0.8121825107402267,0.7814188967615682,0.6585686748053652,0.7601325687785971,0.6259458783034914,0.4603730731630678,0.6377774373605503,0.6318127267730816,0.5028879414532637,0.6206447588239984,-0.6558710556648251,0.4131837979569264,-0.5664818645339575,0.6411088259102121,-0.6183417499734455,0.6403958959713812,0.43076664432776396,0.5437759726089839,0.5591564465308848,0.5801942629182147,0.1291226214239136,0.5592117553844435
acc_z_abs_sum,-0.24866717408515834,0.6694184707312123,0.4063042302315627,0.8320396997745059,-0.6708635023518059,0.8348185591449395,-0.32585206758368773,0.5610878186299485,0.15515569948955946,0.7176378212205946,-0.6506107257535724,0.7386843881824336,-0.28021747011906295,0.9118632704658413,0.6533222941999584,0.9714119767670896,-0.8614656741780728,1.0,-0.3933968243447058,0.4169906323147928,-0.026561903456500037,0.3461818035903002,-0.46407491308460574,0.32989409362289224,0.32700976389988984,0.3256067760871135,0.4259079379896386,0.1780920160652202,0.13656986368498567,0.15416973177115892,0.3322361654640133,0.5803998837049861,0.5458030813703689,0.46945912368695536,-0.18159645396599025,0.42440469155085264,0.24012214466842208,0.2519740887148425,0.33919806011127945,0.24305491490059675,0.09488250195601476,0.24012214466842208,0.11913610848782467,0.34447722927344143,0.2813102041061732,0.12505266472290705,-0.015432412874910829,0.11913610848782467,-0.1191275997244281,0.44529964271812694,0.14681865074393946,-0.11178072212212314,-0.40448555566243477,-0.11912759972442873,0.3405469738281393,0.2902787176503376,0.40085446977746914,-0.3360478401443378,0.24816201165050478,-0.34054697382813903,0.2191222936892481,0.27223048070633094,0.29595222724566833,0.2396689632591573,0.1553469089353133,0.21912229368924785,-0.19763957867088325,-0.32689161392386473,-0.25776800366611713,-0.5382173144245066,-0.06929170207208889,-0.5277310612224622,-0.29033615688636144,-0.20690035817498661,-0.2863982799574566,-0.38911463114811723,-0.22571154406819302,-0.38059661107419707,-0.7607774325777897,-0.07027871294089773,-0.6941202790775918,-0.7372812146271414,-0.7431009300724505,-0.7417301914185392,-0.5569242799482196,-0.1945040750999132,-0.4919290155338907,-0.5298012266665518,-0.5583220088676868,-0.5460455792676241,0.5401574954704524,-0.14507161275742317,0.5847837167522941,-0.4991553005527309,0.4475729233189363,-0.5243363102320366,-0.41321107178988364,-0.29777720218342424,-0.43503467783537303,-0.495854827707924,-0.25719146935989956,-0.49713565711527724
gyro_x_mean,-0.32282868490867017,-0.27262644287929105,-0.16778711504246652,-0.5464522581319521,0.07126432630866988,-0.6199600027869299,-0.27481533518460255,-0.659157401595655,-0.5542707804500779,-0.7115369678232345,0.193810823485961,-0.6930201432919167,0.21432071579767994,-0.28985076463208076,0.014760839244346548,-0.3038201871266894,0.4564390387607858,-0.3933968243447058,1.0,-0.6590106586305781,0.5173336102541968,-0.6544251945636271,0.8545957841928912,-0.631315260914358,-0.5093326095880986,-0.6815296558256342,-0.6990097115828334,-0.4872628585996667,-0.09645681348543853,-0.4599126136505925,-0.1142197489252203,-0.5610016536212846,-0.39254193138324467,-0.430719162209986,0.40595692804287514,-0.4062873180622814,0.4190543020341833,-0.2334095930129901,0.3572475254776828,0.41794519459350504,0.4542761563401461,0.4190543020341838,0.5443791564356397,-0.5271268653032162,0.36586726495734034,0.5398211512477655,0.6132984357997712,0.5443791564356398,-0.4918208555005784,-0.6726053758246318,-0.6846666084261872,-0.49955507717622405,-0.16217920454912543,-0.49182085550057786,0.3839502853133121,-0.07663261944579146,0.3344149463244087,-0.387301621026282,0.39621349603712364,-0.3839502853133122,-0.3506909180353323,-0.5322692449447473,-0.4971754639633383,-0.39906207006931216,-0.12744879935787978,-0.3506909180353322,0.28520856995935523,0.43106414905410995,0.407417788437021,0.5691488796253125,0.14168403306352714,0.5542836451559304,0.4025983714548248,0.25969107686073156,0.3554270671362725,0.28585406119970114,0.31432107538438736,0.26863056717667233,0.5663348120546754,0.21864526040158852,0.5307287150095145,0.507902366179774,0.45431419247046584,0.5020863913425783,0.49259524947565797,0.2074762321052216,0.40089237162363883,0.46526731044893205,0.418407792180765,0.48113224747689415,-0.449382532156719,0.06650095980420079,-0.4399231229724649,0.3877172113343124,-0.2981402978576751,0.4196117069373353,0.43293458448998395,0.2686212904976119,0.43067345307481447,0.38602260107178427,0.32364488648395073,0.3952949716853758
