,acc_x_mean,acc_x_std,acc_x_max,acc_x_rms,acc_x_min,acc_x_abs_sum,acc_y_mean,acc_y_std,acc_y_max,acc_y_rms,acc_y_min,acc_y_abs_sum,acc_z_mean,acc_z_std,acc_z_max,acc_z_rms,acc_z_min,acc_z_abs_sum,gyro_x_mean,gyro_x_std,gyro_x_max,gyro_x_rms,gyro_x_min,gyro_x_abs_sum,gyro_y_mean,gyro_y_std,gyro_y_max,gyro_y_rms,gyro_y_min,gyro_y_abs_sum,gyro_z_mean,gyro_z_std,gyro_z_max,gyro_z_rms,gyro_z_min,gyro_z_abs_sum,quat_w_mean,quat_w_std,quat_w_max,quat_w_rms,quat_w_min,quat_w_abs_sum,quat_x_mean,quat_x_std,quat_x_max,quat_x_rms,quat_x_min,quat_x_abs_sum,quat_y_mean,quat_y_std,quat_y_max,quat_y_rms,quat_y_min,quat_y_abs_sum,quat_z_mean,quat_z_std,quat_z_max,quat_z_rms,quat_z_min,quat_z_abs_sum,encoder_angle_mean,encoder_angle_std,encoder_angle_max,encoder_angle_rms,encoder_angle_min,encoder_angle_abs_sum,grf_x_mean,grf_x_std,grf_x_max,grf_x_rms,grf_x_min,grf_x_abs_sum,grf_y_mean,grf_y_std,grf_y_max,grf_y_rms,grf_y_min,grf_y_abs_sum,grf_z_mean,grf_z_std,grf_z_max,grf_z_rms,grf_z_min,grf_z_abs_sum,grt_x_mean,grt_x_std,grt_x_max,grt_x_rms,grt_x_min,grt_x_abs_sum,grt_y_mean,grt_y_std,grt_y_max,grt_y_rms,grt_y_min,grt_y_abs_sum,grt_z_mean,grt_z_std,grt_z_max,grt_z_rms,grt_z_min,grt_z_abs_sum
acc_x_mean,1.0,0.09954801104696126,0.5650782242509667,-0.08252868126341396,0.6000401109183107,-0.16022815769835055,0.970461471941901,0.061801034611222466,0.6501181748679686,-0.14140672714891372,0.6587687565821951,-0.21377845882641697,0.36489395412712544,-0.04085371607166361,0.05581158199214126,-0.15445754208500184,0.06258407169547121,-0.27974487356455713,-0.043150445159676754,0.2289970142703313,0.12460599834099319,0.24041399067301888,-0.14535940175930226,0.25426551036052125,-0.40441157683716444,0.057810691956185566,-0.24158032937049767,-0.04354222418859872,-0.36965756883374046,-0.0326924643028494,-0.4151620760691542,-0.18906611123491338,-0.3281630582115133,-0.3176796394307139,-0.4172321011341157,-0.2775718149941257,-0.4605382316592692,-0.04287628879805004,-0.4927134051282129,-0.4630087057908159,-0.3424782999690221,-0.4605382316592687,-0.6188861405231942,-0.18021770205042545,-0.6561772732144674,-0.6300231439566083,-0.3995549376315641,-0.6188861405231937,0.5429859180918608,-0.49815592506174794,0.27409932900325573,0.5370547301951711,0.6335004967082128,0.5429859180918625,-0.607164705369846,-0.3212259367760412,-0.6388342240807551,0.5992501690016405,-0.4159676530389827,0.6071647053698467,0.20592903708020752,-0.24572614442604684,0.08725784711637087,0.1928115790151677,0.2712973849364827,0.20592903708020754,-0.13315411702060553,0.31643260870469087,-0.06302952964975055,0.12480872411782325,-0.2316995917763017,0.09340219851228507,-0.08562529350374379,0.18039281249011122,0.006176460953509095,0.21837742184408376,-0.21257335641543706,0.2017948696109532,0.14471728772021203,0.28007598013325646,0.23395026333459906,0.1037022479172324,0.07189040113722894,0.08913433669364931,0.04773478297272676,0.26775398823567,0.16087792587966973,0.14617598018843314,-0.08797155416802772,0.12810186508132804,-0.021306077554845523,0.2563596056688411,0.11251768873847276,0.13944037858816702,-0.12064159847176441,0.12134434054146734,0.08547617959384197,0.22247229721217418,0.20321105156511518,0.2006935905643214,-0.07851474515258493,0.18305164358323192
acc_x_std,0.09954801104696126,1.0,0.7819913108891758,0.8650090799940244,-0.6286327127611345,0.7405953081984631,0.06543860063351087,0.8772546822875177,0.6860974961172661,0.6806203541537358,-0.5559022895067232,0.5701012644663337,0.3658816759288988,0.7841511046373182,0.7155478706066714,0.7386922196301651,-0.7539473582388024,0.7127768213782915,0.0006404038921802391,0.28635183756522825,0.24935958981018397,0.2012216820850653,-0.19541915002588095,0.1867531362233281,0.16792196188438815,0.30697841513168495,0.334545438758973,0.34006229004198973,-0.10774416972571296,0.3346703446677741,0.3562723719657026,0.6065041176975839,0.5805633454318133,0.4824191994912338,0.007514337495555555,0.44589553446005975,0.0568987481833944,0.36841899102607295,0.18845267172636743,0.060877145929061266,-0.05063845419473387,0.056898748183393806,-0.03931856930168301,0.37434206684612087,0.1545496163885082,-0.02414255300083098,-0.1576271195569992,-0.0393185693016833,0.004414962544435924,0.40422380134829594,0.15320596794364538,0.008594412009165634,-0.17985452327264706,0.004414962544433518,0.037138399943124796,0.43128736332401935,0.2027375885714689,-0.029605053091488195,-0.09243013647968913,-0.03713839994312452,0.11783224795643818,0.36555395376302924,0.21574393859047544,0.14108903492199573,0.018598294127262494,0.11783224795643826,0.2463301371159445,-0.08121490030908354,0.25536183695397136,-0.4609055992501864,0.22439036929863296,-0.47013609256829264,-0.36029614353398076,-0.2078928506617312,-0.3256789657668576,0.06886411734091442,-0.33552842573900765,0.10720140920965028,-0.4540666760819955,0.07807983243529604,-0.3303716076867354,-0.4241846266302362,-0.48242676595845185,-0.4300178678445945,-0.4068790263054395,-0.13283405712429258,-0.32072255887112866,-0.3701411307405614,-0.4420447648070308,-0.3924810624075811,0.3828800077512768,-0.06650513210241604,0.43371253953231687,-0.30463471571662715,0.25845639699019535,-0.3228719359216746,-0.11493122255902617,-0.3133479846725425,-0.21420442727299155,-0.4570150629007903,0.14790503306731034,-0.46961037140272666
acc_x_max,0.5650782242509667,0.7819913108891758,1.0,0.5476654261286309,-0.09266967672023164,0.3837720900368338,0.5301191608346483,0.6298163479449391,0.9045174632328914,0.34261074908539546,-0.01422002264242694,0.20799344260745273,0.523934297692617,0.6155426876758309,0.6522320228595454,0.5227145824184768,-0.5421478859393202,0.40353644689403456,0.04999671382159853,0.3286410854542853,0.32521038362682037,0.29480026830136125,-0.1537802053186592,0.28266689028847586,-0.19198074532573814,0.12245999489059482,-0.04059065401771384,0.10111871672774937,-0.2627445112114465,0.10659732194512048,-0.05358278827912707,0.23432987872096323,0.15397582248335842,0.06639893467276681,-0.25003163348935403,0.06389835701369914,-0.08359499298596591,0.12034611209670884,-0.02847033752423154,-0.08280430700464884,-0.08007523789346403,-0.0835949929859665,-0.2418010161137588,0.07014536017111699,-0.16260185003276673,-0.2391174615569772,-0.18681438798282946,-0.24180101611375854,0.1828098777217326,-0.0240061743729906,0.12765726942385355,0.18173774853658875,0.12537919171822512,0.1828098777217308,-0.16818389445214207,0.05928118127778307,-0.09678707853541904,0.16768266932933193,-0.13821808034038865,0.16818389445214238,0.10536385725141097,0.04408690578632753,0.09632991760473017,0.11102851506840268,0.09124330323037672,0.10536385725141093,0.15758990603794337,0.09907436041329903,0.21890838865467566,-0.25458745770524194,0.09586678086161038,-0.27612481929975763,-0.2695371676396904,-0.06528077098193255,-0.20774904565112698,0.12140019742241139,-0.30677672207222123,0.1402847566330211,-0.21336479350996715,0.24631233080611573,-0.06308237576714967,-0.22488397066707713,-0.2763243249985591,-0.23647783788131302,-0.2619908015674844,0.040412607443383444,-0.1489130720957323,-0.18956384414653188,-0.3617458538658916,-0.21639090125491955,0.27772110812398315,0.08906072736923488,0.3898402451819489,-0.14841555678703164,0.12790520645220815,-0.17111950758812602,-0.021759627713161814,-0.09146708826973612,-0.023664112355356922,-0.2087397549578365,0.07236016449978978,-0.22704908253972522
acc_x_rms,-0.08252868126341396,0.8650090799940244,0.5476654261286309,1.0,-0.6417870067183132,0.9683215266467143,-0.1168799226627731,0.8558642674056194,0.5204075365298121,0.9166175772025252,-0.6119438909791752,0.8657178691521671,-0.021234873288492107,0.6955889231112603,0.516374092834272,0.7278638133581348,-0.785330633385171,0.798105069566789,-0.15031707022448754,0.29199254090133747,0.10394184606043823,0.21714447357056219,-0.3218184599740173,0.2122138728238466,0.24318172199902705,0.5125648952194755,0.5422387846633144,0.5012597363311301,-0.16797083468616697,0.4815084773534555,0.498248977481441,0.8071439805824682,0.7489438354909714,0.6059080751214347,0.030968586337463282,0.5487770235686975,0.0670355254635523,0.4041751010024594,0.20337304851170293,0.07117584104262559,-0.05897004665877089,0.06703552546355168,0.020246634337667435,0.43898468105600846,0.21706161903573473,0.03658793045547425,-0.1567654182484201,0.02024663433766726,-0.11423843883758728,0.512031542500894,0.12030495915468033,-0.10867844807095046,-0.2931644354249171,-0.11423843883759058,0.10645295955081671,0.5089225071856419,0.2702929545575227,-0.09706347536372797,-0.07587205241981927,-0.10645295955081656,0.13810051330560053,0.45377996118578806,0.272288844700413,0.16628008657731633,0.02878078526906892,0.13810051330560058,0.23222883550161902,-0.1372467333433074,0.20382620313028682,-0.5636514968090393,0.22081898423228505,-0.5719730448189179,-0.36992479683363705,-0.2849105455703125,-0.35939791730409065,0.03056315958532345,-0.286164412725209,0.07921508789056056,-0.6371451477886636,-0.10162272813739784,-0.5450187550954106,-0.5787427359731325,-0.6205875394742858,-0.5781610984468665,-0.4417834933988931,-0.18043110559712722,-0.3587562733623907,-0.4291004464276385,-0.4335163784576447,-0.4495916591538596,0.3868671910153415,-0.1255106752549905,0.39189007726204994,-0.3795855376001479,0.28613829741482827,-0.3970117220264264,-0.1476063963834587,-0.42165834471407243,-0.28748901662863846,-0.5449796689604577,0.23591053368877968,-0.5577205553413449
acc_x_min,0.6000401109183107,-0.6286327127611345,-0.09266967672023164,-0.6417870067183132,1.0,-0.6044498889871688,0.6114124889397939,-0.560753645044581,0.014524139684863786,-0.5375796114906335,0.9425967624080656,-0.5039148456718339,-0.0739205214328941,-0.5936400195315796,-0.507496777656427,-0.6293520928857546,0.5823733685354792,-0.6766550527171925,-0.0673468823770351,-0.011896842459115932,-0.10177547254798654,0.0850381112957444,-0.00029911806925977496,0.10228259398285518,-0.40919136350859886,-0.14522153987438655,-0.3837812501868637,-0.21543222742536042,-0.2020851687791378,-0.20009358998526341,-0.4883308858062643,-0.5327443124936839,-0.5955033213270504,-0.5448499051009742,-0.2652826410461116,-0.49061814297964873,-0.3477138997018198,-0.2940508194100184,-0.4593180100203999,-0.35217379326225595,-0.1903877520046075,-0.3477138997018195,-0.40824032709484154,-0.3551679929939523,-0.5569064871694908,-0.4254370263039967,-0.18148037225838673,-0.40824032709484104,0.37538120035419675,-0.5951133965986638,0.09970168671612441,0.3686459917918109,0.5543219573597418,0.37538120035419864,-0.4193155536582351,-0.5022468177290564,-0.5546236072034683,0.4091652859513604,-0.20692112050508918,0.41931555365823514,0.08362382485254598,-0.45305064764625963,-0.07717107783602885,0.05587318596781335,0.20504804533749746,0.08362382485254602,-0.2533643123493714,0.265812621621052,-0.21260228398202113,0.3602373890637847,-0.30351574572883827,0.34393135292248,0.19785066677885765,0.24989691411003276,0.23640982108929537,0.06541730211636289,0.12524277835408038,0.029614722283638404,0.34156491898595515,0.068320800516305,0.31885366129612486,0.30031938804773123,0.3444666967759726,0.2971893559020694,0.298058191270192,0.2782001261360851,0.32787773209922916,0.3256594303835819,0.24457203999097796,0.32315603008861876,-0.26795715323499986,0.22418883103188164,-0.2167596092747929,0.27240624196710905,-0.2558795295491414,0.2696567966333499,0.13171749752391265,0.3674400510362136,0.29972524645178816,0.42867855564838875,-0.1261523300735705,0.42119039140418535
acc_x_abs_sum,-0.16022815769835055,0.7405953081984631,0.3837720900368338,0.9683215266467143,-0.6044498889871688,1.0,-0.1872306213815612,0.7734359619894093,0.3803147274478325,0.9310906721663988,-0.5955275138054456,0.9180223667376014,-0.16649678880520932,0.6158857637339898,0.4026045667642908,0.6789333657795946,-0.7327928680034891,0.7846362590257595,-0.22431962035346156,0.26773489566955977,0.011829396866885208,0.18765305687262648,-0.36678572175962193,0.18848106814894422,0.30577889190275664,0.5626923011815916,0.6208764934170944,0.552785345159055,-0.14267018524033825,0.5310229688509859,0.5540591703103994,0.8380757105942266,0.7808563119954476,0.6404095975135471,0.06457200529228084,0.5820241508535243,0.06049235873007232,0.4189317674809244,0.19909986609313096,0.06468680593647522,-0.07024857660646122,0.06049235873007167,0.03591048464613643,0.46790298754346715,0.2390201691762572,0.05234429913244963,-0.1605910595277339,0.03591048464613641,-0.13624363707486506,0.5403903311209063,0.11923677765442858,-0.13040785481102365,-0.316206555788352,-0.13624363707486847,0.11661800664946916,0.534961958782816,0.282256555851543,-0.10673092885923621,-0.0818183554925775,-0.11661800664946909,0.16284844178116187,0.48016801204445375,0.3012160187576913,0.19104739823694458,0.04512632817565992,0.16284844178116192,0.20792330111508955,-0.17930439301979748,0.1559920136281296,-0.5928336746324379,0.2120408676182721,-0.5978642235236385,-0.380023772069637,-0.32003728968992917,-0.3854962840973033,0.03853089593014059,-0.27208534452578415,0.09164664488318827,-0.6824698532282354,-0.20534148441918607,-0.6225681373353174,-0.6137590130604417,-0.639717037182667,-0.6077668290123854,-0.4529199158687406,-0.22053466372166414,-0.38500257007115485,-0.44861276473202416,-0.41905332600260203,-0.46445577980233627,0.3837475976360439,-0.17176189272968087,0.359305107820145,-0.39916642191527607,0.31083961500508483,-0.41242715756927195,-0.16916620131514826,-0.45305122209875587,-0.3228673476794566,-0.5598103097583713,0.24462278574731833,-0.569655476593664
acc_y_mean,0.970461471941901,0.06543860063351087,0.5301191608346483,-0.1168799226627731,0.6114124889397939,-0.1872306213815612,1.0,0.05057943971870772,0.655017454437516,-0.15452556687898497,0.6943698123408492,-0.22125813887310142,0.3632940122790726,-0.07418579297623284,0.016850536320778126,-0.19153649135999157,0.08714464846121611,-0.30606521285346383,-0.09128972491417389,0.2547942296874286,0.10479593868566507,0.261057084808261,-0.1903805294633388,0.27578139447420735,-0.4123059871198091,0.11169725730674661,-0.21706881077907048,0.023618299547675012,-0.42460542146396013,0.03568334485841154,-0.36611334605613366,-0.18586176852657132,-0.30150562161468547,-0.30156942010337395,-0.3562873733355749,-0.2599813879923191,-0.5021925704773694,-0.028571899207476006,-0.5318136288638278,-0.504469520317467,-0.37896802396087753,-0.5021925704773686,-0.6488384830975449,-0.13495656734259415,-0.664958487580008,-0.6577439020829233,-0.43949644077447203,-0.6488384830975443,0.5714459011604134,-0.4835949011258041,0.3032287181112167,0.5656602523727141,0.650826611371886,0.5714459011604148,-0.6347299632412527,-0.30832700038571953,-0.6565778288358546,0.6270844113801378,-0.4429427728563661,0.6347299632412523,0.2544519207512791,-0.2690036439061547,0.1174439866087039,0.23885768012254713,0.32475741282926335,0.2544519207512791,-0.1367607169818865,0.31366730524013176,-0.0671526540535139,0.13738408749667858,-0.2338558474787981,0.10709077434509727,-0.04092157784119649,0.194267979667557,0.03565800791787579,0.19107533738763624,-0.17815848251876026,0.17046166827905035,0.14543187338384905,0.2750833501629093,0.22888986494981955,0.10866328094324915,0.0705629910438656,0.09400253291747167,0.08303926155139311,0.27666860888549966,0.18448197375210795,0.1748472769846911,-0.05370936569618418,0.15846351498107106,-0.041168276091528046,0.23007958396009331,0.08472091932084283,0.15095902870210146,-0.11815099164595161,0.13589784172926947,0.11384298638742825,0.22541973198162987,0.21893022921354224,0.20726360573489216,-0.046440614972930803,0.1896534706861948
acc_y_std,0.061801034611222466,0.8772546822875177,0.6298163479449391,0.8558642674056194,-0.560753645044581,0.7734359619894093,0.05057943971870772,1.0,0.6987005769890002,0.8401645815045506,-0.5746157945459551,0.7474139292121759,0.2778127448917554,0.6559214101982758,0.5384383843000353,0.6369479243012667,-0.6711176964480884,0.6763078783087562,-0.08628949416967574,0.35268457964057676,0.19820871859068964,0.30889886372994607,-0.32054737847651593,0.3052049594062011,0.2797483967400127,0.5024802069306886,0.5298746116898687,0.600517567026024,-0.19526824434831871,0.6024618033004496,0.5099338708758258,0.703166880323387,0.7080259728375037,0.6806251150022823,0.1174900605539271,0.6559447046862826,-0.04696478444638079,0.5466003788978527,0.1298512093056534,-0.04121820506142152,-0.1935541102955857,-0.04696478444638143,-0.14406549476077488,0.6066918208753381,0.13636215078127062,-0.11876453982709215,-0.34042742437376766,-0.14406549476077501,0.04486516621670048,0.5498888951377571,0.25091077332722456,0.05122364849470166,-0.20271135051311068,0.04486516621669763,-0.05409963903781397,0.6378286379843455,0.1837046368174442,0.06610453007403232,-0.24975312140792624,0.05409963903781402,0.20915287211904457,0.48498622748351816,0.3222633120999553,0.2358966685488526,0.07480312526670445,0.2091528721190443,0.14643585003100484,-0.06962055417548127,0.13683279679070015,-0.45993295510497595,0.1331939737220179,-0.47278208296172497,-0.3152085302281526,-0.17098829580431016,-0.2816768291552206,0.08960224098501707,-0.293827321753383,0.12517653403176515,-0.5472273684941671,-0.009384096008571817,-0.44335919367358356,-0.48642288656085814,-0.5618291163271683,-0.4907538365673516,-0.34268400307169294,-0.06468041525295552,-0.25098411685961075,-0.3178602519661111,-0.3948596048401257,-0.34071336689923964,0.28805900254409694,-0.050111670086848734,0.32417512375945295,-0.27747967865833534,0.1896802279744156,-0.2948676846769049,-0.06488350187170855,-0.3208548930770448,-0.18271278580161496,-0.4257684767561276,0.23081416076766714,-0.4376140935455081
acc_y_max,0.6501181748679686,0.6860974961172661,0.9045174632328914,0.5204075365298121,0.014524139684863786,0.3803147274478325,0.655017454437516,0.6987005769890002,1.0,0.4322586093026048,0.090781521519638,0.3096085175778132,0.45111812677050117,0.4518691675156887,0.453308431162084,0.3649771664290308,-0.4489389940992635,0.2936738178468109,-0.047672771143795006,0.43408941121565886,0.3015251871488652,0.4272888748903555,-0.288231588806667,0.4230135260296304,-0.1792658656695086,0.304798317995835,0.07987216172138627,0.31121436443031436,-0.40538009454845686,0.3200201529599546,0.01010962042154303,0.297647077537825,0.20956162536491385,0.1604783510794493,-0.229638026497921,0.16588898711276973,-0.24818542235884747,0.2415879851106416,-0.17136803242417503,-0.246697930891352,-0.25418218451137503,-0.24818542235884772,-0.4147520133243506,0.1999570908974667,-0.2880090846239667,-0.40734586718753285,-0.3831941135856758,-0.41475201332435035,0.2871951175613048,-0.0016685564367226447,0.2365164930379745,0.28674043493469203,0.21160742769785354,0.28719511756130334,-0.34105864988977946,0.14926961221836596,-0.23006217814634844,0.34238762828247127,-0.32964414649588014,0.34105864988977974,0.20381138764939477,0.0895351968431003,0.19120164694451125,0.21103916053807503,0.17900605315859133,0.2038113876493946,0.06786089038142934,0.15860132308604288,0.1252478774940579,-0.19946648563897798,-0.005978859005343206,-0.22672298365630056,-0.23313570882804527,0.0014041509177667312,-0.16083115766740047,0.15175071755889083,-0.3006723279242074,0.16140163725044418,-0.22264760867561117,0.23224899985916783,-0.07963098997581557,-0.21725207168970398,-0.28897778396068347,-0.23070694519928864,-0.18365647302875268,0.12296236941272308,-0.059278268772794435,-0.11399334213891586,-0.3031134682427766,-0.1407867159271008,0.19800181335523578,0.1156078179984294,0.30750430082693203,-0.10129535660555868,0.06386949155592299,-0.12305488203288671,0.035536801876327795,-0.039499177653083396,0.03781033550636231,-0.1440987788269808,0.09944554899587534,-0.16548014610435013
acc_y_rms,-0.14140672714891372,0.6806203541537358,0.34261074908539546,0.9166175772025252,-0.5375796114906335,0.9310906721663988,-0.15452556687898497,0.8401645815045506,0.4322586093026048,1.0,-0.5795443768373253,0.9838549811308483,-0.14441478724178813,0.5279108636770133,0.3128361449312121,0.5902700648192125,-0.6598236986028411,0.7235544314467702,-0.2605868414935567,0.3625707365837689,0.03448097654029324,0.32231463828693896,-0.45880655275025073,0.32312854206806413,0.28100463942424153,0.7089388559703618,0.6931147725418042,0.7048685570652242,-0.29693310503507975,0.682302289701881,0.5978109385405589,0.8622271913061659,0.81826883357384,0.7271323359862107,0.109879174009965,0.6754094599653301,-0.05661015317610722,0.516346488414049,0.10416908807472121,-0.05142558082961951,-0.1976805836491478,-0.056610153176108,-0.06968187058790642,0.5918435912591643,0.18003455613484445,-0.04646318494088158,-0.2998123615607663,-0.06968187058790656,-0.0686116508175125,0.587817691039662,0.20123820846261783,-0.061762790817084114,-0.27790557647840025,-0.06861165081751645,0.02433247078071614,0.6175244865305826,0.22511578755028339,-0.012344395144822063,-0.19603005787605468,-0.024332470780716157,0.23944264028198262,0.4766640380566084,0.365324073562811,0.26574263852192237,0.12635532355550472,0.23944264028198256,0.10912196130299431,-0.09275358934176994,0.07584458947911529,-0.4832940156701366,0.10170131060830764,-0.494366249568483,-0.27951278679082936,-0.21530138861107667,-0.27242493136399887,0.02511553564253839,-0.2133920523975811,0.06326008036886269,-0.6529234880395778,-0.16810631160872916,-0.5889124531141801,-0.5748572881164573,-0.6256572544939919,-0.5724712887453869,-0.3299816293247315,-0.10538247439021144,-0.25637852709632747,-0.33109388552182145,-0.33532990326461165,-0.3489210690235861,0.26149012119078036,-0.10491367176064031,0.2569924503929842,-0.3161447007320813,0.20177535604908883,-0.3303319804806153,-0.073772686768028,-0.37017990146488877,-0.21236302229876183,-0.4587917494047628,0.2908135277861503,-0.47234217995039235
acc_y_min,0.6587687565821951,-0.5559022895067232,-0.01422002264242694,-0.6119438909791752,0.9425967624080656,-0.5955275138054456,0.6943698123408492,-0.5746157945459551,0.090781521519638,-0.5795443768373253,1.0,-0.5547160136422169,-0.05592141672169423,-0.5549864138497497,-0.45900884592071917,-0.6007946340053666,0.509316780080662,-0.6672531929947768,-0.05695713188554619,0.01626753288256758,-0.05360774452915106,0.10506085893563255,0.012905242590617264,0.11684371465639261,-0.46482875672100665,-0.17782938142860527,-0.4361132432250131,-0.2575702686095558,-0.20996519111272283,-0.2428613126800024,-0.5376365736212204,-0.5462850902362049,-0.6239413695880603,-0.6134480065915834,-0.30813373199203076,-0.5621273516384399,-0.3586414617043476,-0.3401391106212018,-0.4823438923488727,-0.3638463883255639,-0.18083433736001833,-0.35864146170434685,-0.41032254871148083,-0.43155633921815423,-0.5830752315781503,-0.43138370214959676,-0.14880991003213445,-0.41032254871148055,0.37958870608082346,-0.6631498861279543,0.07206394509254824,0.3718423605253048,0.5824777948332599,0.37958870608082523,-0.43875047577790355,-0.5737881042803522,-0.5920294958591172,0.42677916518671016,-0.1957475666258097,0.4387504757779039,0.08531728563094851,-0.49649578663346766,-0.08845459582933334,0.055919043489887535,0.2199543521717231,0.08531728563094845,-0.20917636975274323,0.2692464274060161,-0.1594633001712622,0.3709993139084076,-0.2673273249270057,0.35589525393258264,0.1659502181297468,0.2382414777547282,0.2017352214882416,0.06791265544263692,0.07600189940358958,0.03201568794436586,0.3938338088244027,0.11590794224008415,0.3773323196612654,0.3453447278749877,0.38490030526312724,0.3409840323696313,0.27555477078740476,0.24541776159783776,0.2982424642206407,0.30718672543282194,0.23018700053589577,0.30734256514699454,-0.21403084187588065,0.19130678146891686,-0.16050384248382557,0.2556004984153198,-0.20425162154561846,0.2552216952098526,0.1320049093878469,0.3736863239615632,0.2922793536502754,0.41593588308760926,-0.15011533465407773,0.40819622782186044
acc_y_abs_sum,-0.21377845882641697,0.5701012644663337,0.20799344260745273,0.8657178691521671,-0.5039148456718339,0.9180223667376014,-0.22125813887310142,0.7474139292121759,0.3096085175778132,0.9838549811308483,-0.5547160136422169,1.0,-0.25980476126850754,0.440645915189821,0.2095380811059973,0.5250907106570355,-0.5953987338768231,0.6855565890616052,-0.305578239378254,0.3453243493297037,-0.02629689438463478,0.30605568766421776,-0.4821880178246503,0.30762361961015794,0.30200651917271326,0.7345432475188133,0.7272389074463534,0.7244270552663441,-0.28804934130571613,0.6982135961574197,0.622750902791058,0.8603507977978604,0.8185484238390408,0.732772178382521,0.14001311140733153,0.6789307111038271,-0.0608863147306335,0.5033902751107041,0.09260797298561906,-0.055905997683532715,-0.2009840469331657,-0.06088631473063427,-0.046509622358142245,0.5932900426323474,0.19674746315665811,-0.023944594668638138,-0.2884152876367464,-0.04650962235814246,-0.0936291007036582,0.5973872065095078,0.19067948070236387,-0.08667929265011673,-0.2949893227500358,-0.09362910070366189,0.0380119325050974,0.6145177942228746,0.22995565691912906,-0.026011854206362223,-0.19043219326185096,-0.03801193250509733,0.24217225033702927,0.46818685193565307,0.3689725839083849,0.2677799513957651,0.13436151953094153,0.24217225033702902,0.07991687506959172,-0.09446263458549693,0.041397587494567546,-0.46029353991238947,0.07860090194163344,-0.4702075610033204,-0.2532898391869724,-0.20461434125074932,-0.25036740666090856,0.01853991681062119,-0.1818112961911587,0.05424060024799303,-0.6461576809621938,-0.21914695564878417,-0.602862143897684,-0.5627531759425938,-0.6033980327525437,-0.558098386485095,-0.29976083515906166,-0.10495335829063294,-0.23679952297738574,-0.3106728228163239,-0.2932067446172437,-0.32621188470626966,0.22839424757314547,-0.11156829380526556,0.21180275857093947,-0.30283907141363614,0.18670823572766487,-0.3148268364867972,-0.06909258849015028,-0.3557849780159044,-0.20568634459760482,-0.43191516728995194,0.28799706435198535,-0.4446513885585737
acc_z_mean,0.36489395412712544,0.3658816759288988,0.523934297692617,-0.021234873288492107,-0.0739205214328941,-0.16649678880520932,0.3632940122790726,0.2778127448917554,0.45111812677050117,-0.14441478724178813,-0.05592141672169423,-0.25980476126850754,1.0,0.43890485877728924,0.6298111886376262,0.2613785035493672,-0.06638375868011365,0.07963313274285684,0.25125802858666746,0.11710096230341695,0.3070407504905283,-0.008479450831762865,0.08910926219970237,-0.026895751185236513,0.002232237926671233,-0.13712090028161955,-0.14497198161941205,-0.06053301058777568,0.026916850417250657,-0.041936365534713006,-0.08118119091330411,-0.183239263606396,-0.10178514402295656,0.01690012180470577,0.037401100140773635,0.059042725700163445,0.009834442860780189,0.100202621784577,0.04562624137393322,0.011676298137086009,-0.012777511045949486,0.009834442860779929,-0.10413325563430115,0.09614263625799807,-0.02219748768249035,-0.09635291613859301,-0.08609808811328108,-0.1041332556343013,0.17352217222882188,0.01653327594732499,0.10365114235352972,0.17407708644742,0.07995036371937046,0.17352217222882194,-0.09375094779945066,0.11010660061115132,-0.005146672566844648,0.09609551966073014,-0.08216829136404658,0.09375094779945069,-0.00107328450603461,-0.013031419136902346,-0.025372864220676014,-0.0038901488770865553,-0.015471649279179772,-0.0010732845060346281,0.040285337938871575,0.09691992669810809,0.09696433815399616,0.05247104296422289,0.01463266328470367,0.04392518248448933,-0.029689659972523083,0.10855692351051094,0.0010844461353697451,0.14692400504837044,-0.14420944625908783,0.13999111217995727,0.192141797712611,0.35495027757546793,0.2732197798639711,0.15847637077317886,0.07998621639199437,0.14635804758570006,-0.005405844791629603,0.08462182104812815,0.017111876236729037,0.06973057772627579,-0.11908099420241987,0.06416999047197736,0.02123596871212531,0.1234730418767505,0.1272540680974788,0.11463395759163844,-0.03017748407745575,0.1088084296914912,-0.012919313106802855,0.09910514821600896,0.0434225423097124,0.06610745474278555,-0.15366561945766594,0.0666462080006445
acc_z_std,-0.04085371607166361,0.7841511046373182,0.6155426876758309,0.6955889231112603,-0.5936400195315796,0.6158857637339898,-0.07418579297623284,0.6559214101982758,0.4518691675156887,0.5279108636770133,-0.5549864138497497,0.440645915189821,0.43890485877728924,1.0,0.9402285193240973,0.9628200313542129,-0.8464114517456875,0.8733516410861465,-0.039529884393124486,0.27181558770464515,0.20205001377432924,0.18641192098933196,-0.242400009342264,0.1700677968210717,0.06887163981724362,0.20760962199472976,0.19702784673829132,0.19915193897539454,-0.11332033342809072,0.19139615913375138,0.1916507332468213,0.4010407316160996,0.395259705652747,0.3370753653639908,-0.06446895848291713,0.31597227268938644,0.2255758834219033,0.18331508082863499,0.3133530714663867,0.2284328605685283,0.13998581745878513,0.225575883421902,0.18887814852638204,0.24660297657816282,0.3289585645087854,0.20072571117635812,0.07550329581777722,0.18887814852638155,-0.19299822186486837,0.3528398649174388,-0.04420309498188515,-0.18973943981942507,-0.33325485030162305,-0.19299822186487317,0.26786041910338404,0.3352344359886161,0.3827079237345582,-0.26235100104585907,0.1472791433483544,-0.26786041910338376,0.0553761205515611,0.16779872597546497,0.11013922692972414,0.062126340649291095,0.01702843544113107,0.05537612055156113,0.20976783971984278,-0.11732159758270908,0.19614680860022957,-0.43477727889342893,0.21118690270820617,-0.44191853037581985,-0.32784569650425865,-0.22317810563101848,-0.33418112503671416,0.12318288147680308,-0.3233462469725347,0.165843207963227,-0.37244130048435437,0.10109350566271615,-0.2734152399040686,-0.34840958665444066,-0.4193797044815873,-0.35006934934918227,-0.3842617269944661,-0.16592000783231242,-0.34185695523991955,-0.3262542237431356,-0.4298554485132692,-0.3395388281925826,0.3479893617476722,-0.08739186949695794,0.4012176133267579,-0.24812227488093044,0.2722701434297507,-0.26005608174180794,-0.1239484631424532,-0.3108519576391647,-0.23037080742539648,-0.4076311682814528,0.11189878835451911,-0.4112487164528968
acc_z_max,0.05581158199214126,0.7155478706066714,0.6522320228595454,0.516374092834272,-0.507496777656427,0.4026045667642908,0.016850536320778126,0.5384383843000353,0.453308431162084,0.3128361449312121,-0.45900884592071917,0.2095380811059973,0.6298111886376262,0.9402285193240973,1.0,0.8625762847136509,-0.6846618238958363,0.7091424805670947,0.07196315379647238,0.22796060550202088,0.26832894461015333,0.12480724377009302,-0.12900043125789187,0.10326359637269686,-0.004716701934717919,0.04164283418310068,0.025533487178142834,0.03487245285352859,-0.06248745471525883,0.030782005838194872,0.0407385092233287,0.20884043742990077,0.2111721976124935,0.1893881962406211,-0.09936345468822683,0.18125102239024402,0.22666436712976426,0.09645185334692855,0.2864501640888774,0.22870103340683937,0.1682339582559502,0.22666436712976315,0.1796293442569771,0.12744163252495266,0.2735549705914272,0.18733443272187691,0.12015377360488576,0.17962934425697674,-0.15234984026632767,0.23054266478237598,-0.0710996338563081,-0.15042055861734765,-0.26209492390047584,-0.1523498402663311,0.23072094041893704,0.21431718497055874,0.3148460517499698,-0.2275174259626849,0.16216592646485756,-0.23072094041893676,-0.011595443796991447,0.09899322628367874,0.024736551571367178,-0.007615134978882211,-0.03700492257535134,-0.011595443796991465,0.1863593558765134,-0.05849241511644685,0.20536275595305264,-0.2945335206603874,0.18287661814172426,-0.30171728989553276,-0.2656389164027901,-0.1500970531706881,-0.2634476181696686,0.14218752144069832,-0.2993624397598377,0.1738291122640946,-0.1856226079665696,0.21211694088279134,-0.07779457778038534,-0.18723188356536186,-0.2572969873453547,-0.19174463768611713,-0.29793119975014287,-0.11396724218324256,-0.26576615887643185,-0.22716622092154473,-0.3714673497490954,-0.2371507055507159,0.28124419145065727,-0.033586856292571604,0.3574585346098946,-0.15178207643639147,0.20447294442017197,-0.16159232408887905,-0.0988971948063226,-0.2037501516531608,-0.16502872303288038,-0.2777435842127159,0.020600954624528024,-0.2767206563493006
acc_z_rms,-0.15445754208500184,0.7386922196301651,0.5227145824184768,0.7278638133581348,-0.6293520928857546,0.6789333657795946,-0.19153649135999157,0.6369479243012667,0.3649771664290308,0.5902700648192125,-0.6007946340053666,0.5250907106570355,0.2613785035493672,0.9628200313542129,0.8625762847136509,1.0,-0.8698677644338417,0.9565583984045651,-0.09449608507069222,0.2773834665442443,0.14957898608475487,0.1994858472088812,-0.2897479843541274,0.18357074268894294,0.11507818159859419,0.24481780269576664,0.2633067705320224,0.23121834312231684,-0.09985771978643473,0.2205107533080811,0.24088542234957494,0.4575769873882805,0.4574237463644838,0.3705383791161808,-0.04521268664677534,0.342590606832498,0.2676469628458429,0.18139570161474802,0.3634220221009348,0.27064335900512543,0.1753980819070521,0.2676469628458415,0.25792707196814507,0.2609833911009567,0.4048113044462534,0.27132626003816973,0.12485000534667698,0.25792707196814474,-0.278055838149036,0.3753306074624391,-0.11150503941596535,-0.27480605407909153,-0.41796425977596174,-0.27805583814904117,0.3415227935216549,0.35086939776767323,0.4569946130876929,-0.3358968748700255,0.2062854020397986,-0.3415227935216544,0.05042984531153389,0.18365561661417548,0.10883952210970359,0.05645559302856852,0.003985107349466524,0.05042984531153378,0.21400910589190147,-0.17738828566890943,0.17496397784844542,-0.48991856062864647,0.2336106586205848,-0.49301029342249,-0.33001953109364207,-0.2704422840854286,-0.3551036185465861,0.10270435128903752,-0.2937831508596539,0.1511446636172156,-0.4535824335036313,0.014772305518098838,-0.37548480566774683,-0.41441582151557377,-0.4802251591428608,-0.4125871001744766,-0.4041057854988009,-0.2108061313329555,-0.3749690761024174,-0.36311290141780006,-0.4216422296383606,-0.3739075036802256,0.35333851100373226,-0.13478579197048887,0.37706821195476403,-0.286287786370372,0.29744745766160513,-0.29599265988101586,-0.13515567225083777,-0.36553957137856524,-0.2685633562177089,-0.45616360410654305,0.15541617317751363,-0.4581815688678039
acc_z_min,0.06258407169547121,-0.7539473582388024,-0.5421478859393202,-0.785330633385171,0.5823733685354792,-0.7327928680034891,0.08714464846121611,-0.6711176964480884,-0.4489389940992635,-0.6598236986028411,0.509316780080662,-0.5953987338768231,-0.06638375868011365,-0.8464114517456875,-0.6846618238958363,-0.8698677644338417,1.0,-0.8537249604574684,0.1495053387607215,-0.3225746481472585,-0.13871487008948463,-0.30376454075931286,0.34729997786699296,-0.2917857628068164,-0.02001392047989194,-0.3340685698653745,-0.266063497116815,-0.32825375814578006,0.2343750038053208,-0.3206212812257677,-0.24645460162712726,-0.5043792094762767,-0.4791404657189848,-0.3737124245321818,0.06837154305695377,-0.34572381918980527,-0.114898583746621,-0.22418829682648403,-0.21120691848612713,-0.11759239472783081,-0.03818902787766941,-0.11489858374661989,-0.09200781276301118,-0.28529678883216636,-0.24008395112240138,-0.10509060739039455,0.028193165453971755,-0.09200781276301084,0.14349922749077157,-0.35152731150294847,-0.02039000751861372,0.14038761418214457,0.27539548363144745,0.14349922749077704,-0.1919796981141498,-0.3275791042600405,-0.3010265002124419,0.18672335751761665,-0.06998520389774596,0.19197969811414933,-0.15321218887144675,-0.2291839308259013,-0.21348223757747903,-0.16250039284869677,-0.1010431247574812,-0.15321218887144678,-0.19143082603140923,0.08301187224956223,-0.18146081196465985,0.45607493753260864,-0.17966947911478612,0.4686666370437222,0.3679950193018769,0.2369189477076719,0.3540030279336369,-0.08899650209407306,0.3449295127833669,-0.1315214711826031,0.4482648926153264,0.0075740096368030795,0.373464726152435,0.41199053262663315,0.45901526087424105,0.41145345196976485,0.40849038615522637,0.15194733805766575,0.3432062523992392,0.36665377670833316,0.4350412720273447,0.38376034963112104,-0.39076395215648924,0.10286137871868951,-0.42254616662129296,0.30967941958034195,-0.302425974850098,0.32193864269027517,0.09283346637481099,0.3258714653605561,0.20936341077972132,0.4411309410150422,-0.19439142802219547,0.45175856918693913
acc_z_abs_sum,-0.27974487356455713,0.7127768213782915,0.40353644689403456,0.798105069566789,-0.6766550527171925,0.7846362590257595,-0.30606521285346383,0.6763078783087562,0.2936738178468109,0.7235544314467702,-0.6672531929947768,0.6855565890616052,0.07963313274285684,0.8733516410861465,0.7091424805670947,0.9565583984045651,-0.8537249604574684,1.0,-0.14277937431059626,0.28774354409700964,0.10152655974149559,0.20568884411424082,-0.33024353898233827,0.19160508651676358,0.2515694410418797,0.3854139905824811,0.44966114360315323,0.37471564574418803,-0.09235138447806662,0.359917337155368,0.4219224964248431,0.6062670485393532,0.6239197451441912,0.5313046485826063,0.06266026152975068,0.4939891292617343,0.2568828404596329,0.301785409867263,0.38942306481379674,0.2612004266488517,0.12883843762667577,0.25688284045963167,0.2654567522412232,0.3942998538514333,0.4652835113390704,0.2844266210019168,0.07320850009594473,0.2654567522412229,-0.30393417240263465,0.49864532058545585,-0.0783434822184225,-0.299156165538025,-0.483631393531279,-0.30393417240264,0.35734867071308474,0.4897109267592667,0.5150450722185438,-0.34889204267449403,0.16739742392657922,-0.35734867071308435,0.09525923902954526,0.2773555357578991,0.17502592904056985,0.10536629108313052,0.020196813571725827,0.09525923902954524,0.22040726576183542,-0.22675571965788102,0.1565286654612008,-0.5525909324682814,0.2473672454252269,-0.552252821798969,-0.32724692592734883,-0.31197292159041196,-0.3666481720684651,0.06457201720362869,-0.24997859258994848,0.11777581142960125,-0.5543706391802093,-0.11833543218579669,-0.5070921081799918,-0.4902808453868674,-0.5477403742945379,-0.4840263843944849,-0.4223208678266667,-0.25578676555348234,-0.40058098782027113,-0.406175724940173,-0.40059127793708454,-0.4147705212128643,0.3562866819168277,-0.18407142437264337,0.34515966038726764,-0.3345700962458919,0.31757612522209844,-0.3422144846340014,-0.14894973451563812,-0.4270937132736124,-0.31206811178093746,-0.5161636071635084,0.20850858935693814,-0.5177847680520866
gyro_x_mean,-0.043150445159676754,0.0006404038921802391,0.04999671382159853,-0.15031707022448754,-0.0673468823770351,-0.22431962035346156,-0.09128972491417389,-0.08628949416967574,-0.047672771143795006,-0.2605868414935567,-0.05695713188554619,-0.305578239378254,0.25125802858666746,-0.039529884393124486,0.07196315379647238,-0.09449608507069222,0.1495053387607215,-0.14277937431059626,1.0,-0.007844568153452868,0.7525882425057224,-0.0028985528779866513,0.7610631351665433,-0.014284731155301149,0.33548667002989574,-0.25904419768098014,-0.0009787366572529164,-0.3127283534754719,0.413289887547852,-0.32290509368154036,-0.09712492685718498,-0.2506812477572889,-0.19391063823474408,-0.062206190349406824,0.03550050843894694,-0.045639508606046895,0.011447564271108235,0.16825949988821273,0.042992757714930635,0.012537795630912351,-0.05471150312227144,0.011447564271107678,0.039797334148137034,-0.22163182982573493,-0.07826793772311842,0.032709807921872516,0.10332470010022546,0.03979733414813691,0.04693343928022639,-0.1268781481143401,-0.005378942080445594,0.047332843924121876,0.1036455342329131,0.04693343928022594,-0.07527325436554895,0.04745677211877892,-0.06556122120227442,0.07634641013574243,-0.0915787932525596,0.07527325436554921,-0.03380509452048574,0.08237243044765653,0.003557475993254069,-0.030982659153373598,-0.05303858807123145,-0.03380509452048574,-0.20735195309080293,-0.21588447094525343,-0.2907727140208542,0.3358944094734343,-0.09639301491959835,0.37830088048607824,0.09463686483109413,0.04341221035533418,0.07938019974009675,-0.07911448363270829,0.07957467264512644,-0.09289599964328295,0.2529716164226284,0.03468843939443874,0.2320529451194609,0.1979792050683658,0.2680007609968257,0.20223900204787087,0.1675230788077866,-0.058270487726802184,0.09711180032868433,0.11568752750344989,0.231930111979415,0.1326113706880151,-0.18812834320753152,-0.03178182826667345,-0.24018640345336384,0.1770949182674946,-0.13700666720290025,0.1893420739001265,0.38758821942765503,0.13194911580771096,0.27547953742396486,0.2562262103646063,0.21477351615851892,0.28697163334068043
