,acc_x_mean,acc_x_std,acc_x_max,acc_x_rms,acc_x_min,acc_x_abs_sum,acc_y_mean,acc_y_std,acc_y_max,acc_y_rms,acc_y_min,acc_y_abs_sum,acc_z_mean,acc_z_std,acc_z_max,acc_z_rms,acc_z_min,acc_z_abs_sum,gyro_x_mean,gyro_x_std,gyro_x_max,gyro_x_rms,gyro_x_min,gyro_x_abs_sum,gyro_y_mean,gyro_y_std,gyro_y_max,gyro_y_rms,gyro_y_min,gyro_y_abs_sum,gyro_z_mean,gyro_z_std,gyro_z_max,gyro_z_rms,gyro_z_min,gyro_z_abs_sum,quat_w_mean,quat_w_std,quat_w_max,quat_w_rms,quat_w_min,quat_w_abs_sum,quat_x_mean,quat_x_std,quat_x_max,quat_x_rms,quat_x_min,quat_x_abs_sum,quat_y_mean,quat_y_std,quat_y_max,quat_y_rms,quat_y_min,quat_y_abs_sum,quat_z_mean,quat_z_std,quat_z_max,quat_z_rms,quat_z_min,quat_z_abs_sum,encoder_angle_mean,encoder_angle_std,encoder_angle_max,encoder_angle_rms,encoder_angle_min,encoder_angle_abs_sum,grf_x_mean,grf_x_std,grf_x_max,grf_x_rms,grf_x_min,grf_x_abs_sum,grf_y_mean,grf_y_std,grf_y_max,grf_y_rms,grf_y_min,grf_y_abs_sum,grf_z_mean,grf_z_std,grf_z_max,grf_z_rms,grf_z_min,grf_z_abs_sum,grt_x_mean,grt_x_std,grt_x_max,grt_x_rms,grt_x_min,grt_x_abs_sum,grt_y_mean,grt_y_std,grt_y_max,grt_y_rms,grt_y_min,grt_y_abs_sum,grt_z_mean,grt_z_std,grt_z_max,grt_z_rms,grt_z_min,grt_z_abs_sum
acc_x_mean,1.0,-0.11796311013825665,0.19837989521960056,-0.3309955779980304,0.3000838133428079,-0.3379806463690578,0.09673895502250675,-0.32596104546309984,-0.17912507808812397,-0.2717863013723209,0.2819042671918191,-0.31363807629470425,0.23442499014577708,-0.22156221336373744,-0.12491041778576858,-0.2763272703557202,0.19760036625297778,-0.3806417627751563,-0.33526780088368996,-0.09286060517504224,-0.14933294168199593,-0.202395773124224,-0.08563685318688372,-0.2101367589563089,0.22088378750440266,-0.07837127632603494,0.24633999001750076,-0.15135447011348513,0.18794805943459408,-0.15025931324086073,0.011298592898099112,-0.5631063690723709,-0.16447499875180513,-0.008182885978528147,0.18573964010024782,0.022578321782616265,0.1398011724808312,0.0418552879031282,0.2207565164788187,-0.13935865735407788,0.12311438357673256,-0.13980117248083085,-0.42675845200493817,0.016214812007106432,-0.41832638327369065,0.4267704379693258,-0.4040201322439584,0.42675845200493867,0.4095945987326065,0.2341090583952957,0.4121433413327165,-0.40946617346999253,0.3906133234647103,-0.40959459873260606,0.04210614161317079,-0.045748373834274214,0.07891472556253508,0.04225029883123751,0.06961848512676054,0.04210614161317139,,,,,,,0.4506127945765053,0.006691788886052242,0.34913826548150145,0.3147430284919069,0.46215206640079093,0.3269868295942589,0.3941954194126364,-0.12646672308748422,0.2628974939623646,-0.40410783020977586,0.37768179703659627,-0.3941954194126354,0.44441466063632373,-0.44168913253683123,0.1360532328594995,0.3763370174440636,0.7246820301477895,0.4444146606363237,0.4956288068527484,-0.1918803007928095,0.47155828161136504,0.4905920530302646,0.468846306883593,0.49532286502622275,0.21549068609973793,-0.28406359477089266,0.14657625941594113,-0.10127490423285399,0.2646788757344093,-0.0907253396826718,-0.2277924054341713,-0.11040787924408565,-0.22769336345383004,-0.18616147722944823,-0.21644231142728956,-0.17479356150700517
acc_x_std,-0.11796311013825665,1.0,0.8839905702942817,0.9583191953892344,-0.9117365706698627,0.92295178483368,0.5601160782447306,0.789541804786966,0.677432130125363,0.8151324732184503,-0.6176687078232479,0.8386127214897834,0.3472415855787168,0.7621187418336957,0.7034529201551297,0.7612972966953974,-0.5118909813312118,0.7823002091507477,0.17916389278561512,0.6445182530755831,0.5006367866005954,0.5844678087229871,-0.7053186099215563,0.5642821773735844,-0.3122411274910847,0.6975730475564489,-0.028023760085975496,0.8024824011438498,-0.5022805398904017,0.8042412282155135,-0.777032103724259,0.5144790452250282,-0.7522984373661235,0.784829478014329,-0.7777987436172213,0.784866956737098,-0.5220647293702323,0.7141204546995145,-0.4503212143389699,0.5226730460876111,-0.5913225997701239,0.5220647293702321,-0.3698477274059156,0.704691070723124,-0.28451715016592843,0.3702583913841943,-0.4487065493035409,0.36984772740591376,0.26114959685641886,0.7658381248528824,0.33021562230019086,-0.2604204118265632,0.202999058842444,-0.26114959685642014,-0.6040086713303695,0.7184774208822365,-0.5238364767621315,-0.6036672249387645,-0.65368018183388,-0.6040086713303691,,,,,,,0.4996537453654302,0.7583357607434182,0.6510193205162438,0.5473945905769945,0.3208443102179994,0.5234709900482227,-0.28072001911777156,0.7329375946032384,0.06533597336689725,0.3189992630787699,-0.674695788692286,0.2807200191177714,0.4878622671892171,0.7204191173238598,0.7315336121001876,0.5501884321467861,0.1142629299619431,0.4878622671892171,-0.32880647633026167,0.7254471282485666,0.006047091275201192,-0.28984612881476185,-0.5561949572641255,-0.32387872047247906,0.3759383273789174,0.2731909102892683,0.5621037906048177,-0.03626775852485379,0.25304713625755676,-0.06656344119692321,-0.11250777604018679,0.5063664994959399,0.05337639665497637,0.03336328783507567,-0.28001083318247005,0.001635119281333703
acc_x_max,0.19837989521960056,0.8839905702942817,1.0,0.7748147706402262,-0.7680393351382612,0.7143062834782699,0.6008138420093146,0.757452878193088,0.7116140834974299,0.7940344945138885,-0.6757802263987238,0.7628758439196163,0.4379914475268045,0.7738027371937632,0.8040707777240681,0.7513061866802283,-0.5419550049106997,0.6658144033880932,0.18369909192454897,0.6857643680932797,0.5536215479479919,0.5900783880427747,-0.6977387582188412,0.5610938257832903,-0.06589096657427819,0.5875480498196857,0.20965431824290406,0.6694909117395161,-0.2761173933396599,0.674447552641357,-0.6910685296121334,0.2485680246741316,-0.7544952446464388,0.7018090613610674,-0.6343485586030637,0.7128929348845329,-0.49477124153052965,0.7028467862726879,-0.4019511131180418,0.49544890860701574,-0.5631177499504184,0.4947712415305298,-0.4691031851581781,0.58269192450257,-0.39716115381404327,0.4694088677468754,-0.5230295729854544,0.4691031851581768,0.3712835798112126,0.7867914558192588,0.4379890811007918,-0.37048607517326365,0.3090781383920299,-0.3712835798112137,-0.5895859533609727,0.5958031962913329,-0.523503453808042,-0.5894331532895595,-0.6061626624858386,-0.5895859533609719,,,,,,,0.624891214134241,0.6181301755723471,0.7085298819502015,0.6599963923130627,0.4986994323209661,0.6491690330006786,-0.08141115117812008,0.6302697326419066,0.18468432233777424,0.11379791787283948,-0.4683477088293456,0.08141115117812014,0.5684715673254706,0.49331500264351497,0.6948599372536856,0.5991297821212873,0.33963636884770887,0.5684715673254703,-0.17996929267223488,0.6343029617631923,0.11445711397943607,-0.14100517237147017,-0.4133013361858505,-0.17349674397786563,0.3807865089145913,0.11764794278273773,0.5149784825311794,-0.020873992268748677,0.3014966297733751,-0.03698048995026058,-0.21751382359351726,0.4333129632652193,-0.05364042511026732,-0.03610504275655704,-0.3690702143496543,-0.06098806694013202
acc_x_rms,-0.3309955779980304,0.9583191953892344,0.7748147706402262,1.0,-0.9299632904250501,0.9816240204729719,0.4971569321332931,0.8222094837211371,0.682971921085066,0.8432946278407047,-0.6472245116068502,0.8736044038233152,0.22854184682578724,0.7760301368220909,0.6871823006368338,0.8005557259461861,-0.5416685737674237,0.8546118171561994,0.3134457704442694,0.6868924883552121,0.5643871193656929,0.6651485917797695,-0.6765695159421327,0.6555092791782987,-0.3887289997348305,0.7429284337341968,-0.09475175516564982,0.8139116618528883,-0.5834519889854921,0.8059103803293478,-0.7870865005953231,0.6200262484863264,-0.7319647289955822,0.7886446338100097,-0.8218488448616554,0.7822698508053135,-0.5813460961391033,0.7127971581667272,-0.5313692264559718,0.581803437310871,-0.6419881225088158,0.581346096139103,-0.2348726585563361,0.6875552897899854,-0.15176962566017385,0.2352674485493563,-0.3164874993866544,0.2348726585563339,0.1260879200709375,0.6991891150879929,0.19321162569934427,-0.12537707426511238,0.07109819916982393,-0.12608792007093853,-0.6361903949143157,0.7381205878762307,-0.5644979704549953,-0.6359067124719159,-0.6882518661581057,-0.6361903949143158,,,,,,,0.39609966148980574,0.7318842311628713,0.561230415492143,0.49172248525891094,0.21287860670952452,0.4673924530639912,-0.39978038152913165,0.7187881993200211,-0.044854058368291934,0.438364166034911,-0.7597224291633538,0.3997803815291312,0.3819186800436012,0.753594829777471,0.6661851610645383,0.4520411331399099,-0.01808421271694674,0.38191868004360097,-0.47597084145977653,0.744903297376871,-0.14541438271954135,-0.4397721135907605,-0.6812880867562715,-0.4713965149124706,0.32354378345760654,0.3287897336637954,0.5158886910859121,-0.010518576861551169,0.1854845772393169,-0.04192608933822805,-0.06804845052023545,0.5253987239015964,0.09640937664747266,0.06182612974874077,-0.24683212717949612,0.02916616052609435
acc_x_min,0.3000838133428079,-0.9117365706698627,-0.7680393351382612,-0.9299632904250501,1.0,-0.8538139557814289,-0.4860744970386494,-0.8320231014879548,-0.7377660966569988,-0.845690803234565,0.730230582482206,-0.8285463327368185,-0.24392278213546453,-0.7960728665657465,-0.7649843217568869,-0.8051276192394058,0.581934083417655,-0.7941913483705433,-0.33858561192472497,-0.7029608235082131,-0.6004324314420617,-0.6721599835539438,0.5968392146303966,-0.6386940835751239,0.188446680548762,-0.6319448295530579,-0.06632529656220107,-0.762144884035264,0.382452110840285,-0.7635131044439855,0.6437244583842631,-0.43339660784899403,0.634166922941594,-0.6411946470542721,0.6653066321957308,-0.6397710747171043,0.47957277155682176,-0.604799127388412,0.4273558565154154,-0.48002969747799845,0.5375728045714592,-0.47957277155682165,0.2884012850247879,-0.5005323346811722,0.2218477119654743,-0.2886675765847705,0.3419330352840049,-0.2884012850247861,-0.21076477406698915,-0.6174805534223716,-0.26476301441264866,0.2100827226643295,-0.1648747603482348,0.21076477406699015,0.5262158642046598,-0.5610281244110429,0.48183567034338187,0.5261027842117921,0.5595043822383027,0.5262158642046595,,,,,,,-0.3979970594398007,-0.6024459769689594,-0.5168682922400939,-0.4532696502610363,-0.2490797978730092,-0.43310926274513434,0.38099044862684617,-0.6507566212974889,0.08832247217280739,-0.4151310695444848,0.7191777178428649,-0.3809904486268459,-0.2991108923070233,-0.6517614026212658,-0.560718260086035,-0.3570851225160197,0.04481982456752651,-0.2991108923070231,0.4071384401331702,-0.6427885224846871,0.13693903771338886,0.37109145342983413,0.6237872974807426,0.4013997580096009,-0.3312361250225137,-0.17972347009413792,-0.47592775627683476,0.04318056725153754,-0.23122584048210537,0.062260295848651344,0.15941156289814326,-0.3592833922271688,0.026248316674692497,0.04004326960563965,0.293537428227424,0.06992718236072279
acc_x_abs_sum,-0.3379806463690578,0.92295178483368,0.7143062834782699,0.9816240204729719,-0.8538139557814289,1.0,0.462247601089936,0.7600183777780437,0.603064609838745,0.7853530656948883,-0.5493343959970822,0.8428073809757702,0.18510647414263817,0.7061220748252566,0.5864639126185132,0.7426615664953929,-0.4786194619959855,0.836727310408875,0.3089193316890523,0.653799261168458,0.5343100657066643,0.6440462855415457,-0.6720026838730315,0.6465932324076578,-0.484263382127628,0.7644032483524151,-0.18669793969338108,0.798372817913437,-0.6664704881944912,0.7844820530750723,-0.8292548137437674,0.6877465776680896,-0.7496783911467555,0.8306836127067566,-0.8690088091723998,0.8220895746789124,-0.6196137293334598,0.735289940284085,-0.5747993511516901,0.6200340823686463,-0.6769719795953696,0.6196137293334595,-0.16980102574881625,0.7506569746729554,-0.08007165479432561,0.17025116341707722,-0.26138352928255904,0.16980102574881406,0.049089772168626304,0.700222589400707,0.1190015956403089,-0.048388144489100775,-0.00800555560308832,-0.049089772168627505,-0.6713888377025725,0.8008614125869302,-0.5905492248443759,-0.6710187127408145,-0.7318281624933791,-0.6713888377025727,,,,,,,0.3576092312287304,0.7669944925124992,0.5403476677187049,0.47375036011671917,0.1576153569613158,0.448728915685158,-0.4039158007967297,0.7206572060344398,-0.03364004438076724,0.4432431218924193,-0.7544838612300768,0.4039158007967292,0.39325719193208236,0.7573946873272379,0.6733007522202272,0.46472280853127756,-0.015155019151030987,0.3932571919320819,-0.5097862513402401,0.7541694460690676,-0.1682919148046603,-0.4764263200779891,-0.692335953400583,-0.5063900173036118,0.29579604161904244,0.4121010068292464,0.5075593027255423,0.006769446585111217,0.1379187124605755,-0.031561181727127734,0.0005766110443759764,0.5850735419210712,0.17067554548770822,0.12564898902387012,-0.19307401132190677,0.0930415255351508
acc_y_mean,0.09673895502250675,0.5601160782447306,0.6008138420093146,0.4971569321332931,-0.4860744970386494,0.462247601089936,1.0,0.495039646291777,0.5503751175759534,0.5968029884337214,-0.2004495993641481,0.6403872751981253,0.7350754169159361,0.5338311108849918,0.511718020034502,0.44596962176203386,-0.3073998604567739,0.42809456589931005,0.2906875157670725,0.4964839589942002,0.5023884606779048,0.4251652075917107,-0.39862471395731236,0.36424223444544024,-0.014557782122765395,0.545138848541977,0.26908566244942506,0.4813520164173935,-0.18853052669846065,0.4704175964860286,-0.6373387406249642,0.3784072348819489,-0.6531302774875652,0.6584645059911183,-0.6332102526525961,0.6578767552949873,-0.41919817043738405,0.5768058589241789,-0.35699985128792033,0.41973874397894845,-0.4896327414061943,0.41919817043738455,-0.46128482791935943,0.4529964572851952,-0.40890838245360106,0.4615253226605254,-0.5083857986732813,0.46128482791935826,0.3541690421772482,0.6831190682475441,0.4199485627972766,-0.3534617704164449,0.3074076245641803,-0.35416904217724887,-0.5514476768494877,0.5350804159253285,-0.48650701010915576,-0.551292811838014,-0.5722540803455399,-0.5514476768494871,,,,,,,0.6575717565129644,0.6068905907570532,0.7314798968320881,0.721983642574093,0.5250377863848003,0.7121294799404944,0.19343204336686617,0.5785788486557181,0.38600206251114616,-0.15786561298512833,-0.2426333475630697,-0.19343204336686576,0.7701752108902853,0.5671981730575053,0.8356147763090351,0.8000102375197184,0.5006062253674615,0.7701752108902853,0.2535240318158418,0.6332060260491266,0.5418253956439099,0.29278812150201755,-0.0666429721995753,0.25749777085982856,0.343975480874839,0.0349623601860713,0.4275059130191558,0.01651599834756409,0.296129226184769,0.012978656391278322,-0.14034779036422285,0.4601377251029009,0.01664240728123223,0.04194383683747391,-0.3065790819481661,0.02765214188711005
acc_y_std,-0.32596104546309984,0.789541804786966,0.757452878193088,0.8222094837211371,-0.8320231014879548,0.7600183777780437,0.495039646291777,1.0,0.9205596446980867,0.979533408940829,-0.8441125664604351,0.9225867209543731,0.2213985080420555,0.9687772871355343,0.8531194982982234,0.9680446644523562,-0.8386402724534622,0.9095630580382875,0.44675154689170143,0.7142597167038718,0.6322598338271009,0.6950394146411407,-0.5305462235941067,0.6683696494837105,-0.18311428671237637,0.521238285431164,0.034515462960197425,0.7003787118735475,-0.3346756772609618,0.7117033983544323,-0.5618030617755688,0.4339314848060042,-0.5504134339789185,0.5703815192322069,-0.6021676719216993,0.5669532923451309,-0.5340102615459644,0.5756102649098263,-0.5069489881517114,0.534284915738526,-0.5769579670793209,0.5340102615459642,-0.10347203113804958,0.4728405033367716,-0.04539353710329714,0.10369331839937662,-0.1568924016088545,0.10347203113804831,0.03193940314995328,0.5061559415350452,0.08534624166787279,-0.0313119054226213,-0.011542865732281537,-0.031939403149954144,-0.5485016982852285,0.5271240813456337,-0.5129605080314062,-0.5485056716036243,-0.5686914850738187,-0.5485016982852279,,,,,,,0.24889042424603447,0.4842967886694212,0.36802203617529833,0.39282459849424123,0.12783254327563368,0.3780274360009968,-0.2120864610076611,0.6407263016808831,0.0867877004892419,0.2476278230706545,-0.572984466693593,0.21208646100766043,0.21887704454530718,0.5956492803371379,0.4904666270850209,0.27688608552562227,-0.08492343865875035,0.2188770445453071,-0.41317169723566605,0.6419738499593202,-0.1601289775129937,-0.3730405913331275,-0.6106564033893683,-0.4042827172070717,0.15552457118617244,0.21935144869409903,0.27375718768155277,0.09239386816543943,0.06542837108959172,0.07934985243892245,-0.009060828687451594,0.43344843946526684,0.11571173965351135,0.10288053367659235,-0.1587385857254508,0.07722987445225056
acc_y_max,-0.17912507808812397,0.677432130125363,0.7116140834974299,0.682971921085066,-0.7377660966569988,0.603064609838745,0.5503751175759534,0.9205596446980867,1.0,0.9216500954961482,-0.7822355219804351,0.7996545267160783,0.2877377548027638,0.9483048285239426,0.8476342721846952,0.93064109700721,-0.9320902703641242,0.7801048629086311,0.4426549590803951,0.6501663461095353,0.614705191521985,0.6247359905938844,-0.40398771903948355,0.5857875718471294,0.08268420102171435,0.4091894560148394,0.2798605833614512,0.517574624998239,-0.09498915536505972,0.5243824514953018,-0.4658607239336752,0.25451178070679736,-0.4982498726925153,0.4707596111780495,-0.47348803450359966,0.47267368796587483,-0.4618138643112381,0.5099362735027948,-0.43238592164733386,0.46218811154591977,-0.5076642947561507,0.46181386431123883,-0.20641942042459524,0.29312332275287095,-0.16892379725769432,0.20654281827209464,-0.2322785004484902,0.20641942042459394,0.15278270251117382,0.48367261056846533,0.20019800167752322,-0.15212620189531306,0.1111643705270367,-0.1527827025111744,-0.4893797792965755,0.36210368676695487,-0.47823042329042253,-0.48953118503753434,-0.48078482466489453,-0.4893797792965752,,,,,,,0.3561212655207693,0.3898125429868523,0.4232857558614735,0.4493561717755291,0.27159516806226525,0.44377365275369246,-0.13317111940911047,0.5066781133721634,0.06561833554921748,0.16106218998085434,-0.4623872637153409,0.13317111940911017,0.2853375915992586,0.4025926196793273,0.44065089485908887,0.31393538658009673,0.0832725832401408,0.2853375915992585,-0.25051777490324706,0.5146762680711462,-0.05218086458553309,-0.21208347098493693,-0.4467856910380462,-0.23945654414200923,0.19829290161225893,0.08406980896376373,0.28319947393258493,0.047696252502622924,0.14263670471527334,0.04335481406563483,-0.12011311364176168,0.3113679297441411,-0.013845747531987612,0.013142219248129064,-0.23869900642656494,-0.0057818340934401155
acc_y_rms,-0.2717863013723209,0.8151324732184503,0.7940344945138885,0.8432946278407047,-0.845690803234565,0.7853530656948883,0.5968029884337214,0.979533408940829,0.9216500954961482,1.0,-0.7954667239741049,0.9610860987266097,0.2729915461415142,0.9674583031789704,0.84943765146106,0.9668344477965692,-0.8201923032882882,0.9212181642912256,0.4844167732632434,0.7839897459968851,0.7136952010589444,0.7575840225393975,-0.5985820914224865,0.728008659403963,-0.1663767426573767,0.6240144719272138,0.11281080575707139,0.7396984146109684,-0.3590305313537755,0.7405404136202195,-0.642759747835819,0.4345221096572626,-0.6466865711067443,0.6476648758814444,-0.6684617919307992,0.6461270022381519,-0.5983655728002657,0.6519677531830214,-0.5607748966368131,0.5986783239892162,-0.6453660059410611,0.5983655728002655,-0.1783643923988302,0.5071864676972776,-0.11596129746124643,0.17859379259611904,-0.23299207112549508,0.17836439239882812,0.09007354554752534,0.6004097316018177,0.15196894600023256,-0.08933489770913597,0.04050361895928237,-0.09007354554752621,-0.6334509846472227,0.5840652168988663,-0.5930138223069992,-0.6334909624278823,-0.6493618135329242,-0.6334509846472226,,,,,,,0.3765252269383534,0.5360184560740782,0.48749910774659344,0.5331560845203275,0.24784235555636278,0.5200016827564903,-0.18554528404611595,0.6691746982837224,0.11137747159616061,0.2230386197006566,-0.5702794048141459,0.18554528404611548,0.33070864468725847,0.6329373196137144,0.586253211875768,0.38653746305402426,0.00816713057750818,0.33070864468725814,-0.39417702477544797,0.7070153806666054,-0.1068803139695351,-0.3522401103337061,-0.6237401018242118,-0.38565393637699086,0.22463327757228443,0.19586451226609053,0.3468116679060944,0.08254891187402452,0.12910992006479588,0.07147244298258927,-0.07311309804183946,0.4653630519504938,0.0761674540833681,0.07529907614223097,-0.23382200654031562,0.04918557603619547
acc_y_min,0.2819042671918191,-0.6176687078232479,-0.6757802263987238,-0.6472245116068502,0.730230582482206,-0.5493343959970822,-0.2004495993641481,-0.8441125664604351,-0.7822355219804351,-0.7954667239741049,1.0,-0.6532750365754462,-0.13584774580543646,-0.843180882651105,-0.9228307630472211,-0.853100276277247,0.734808653400818,-0.67704335520051,-0.3817457583498909,-0.5364649083556494,-0.48826004315475136,-0.5385658768726224,0.31660735262139994,-0.5184768145078619,-0.10172235769546036,-0.2818088593275474,-0.22413631394116446,-0.4351484799894308,0.04039121499225679,-0.4474916164298034,0.30208798627497224,-0.15643883372946632,0.3283229974822649,-0.2996994735961977,0.30757913196956654,-0.30220034097436677,0.3470940735671709,-0.38019563220269526,0.32044297572995367,-0.3473820151526226,0.3785539249680285,-0.3470940735671711,0.10216032137348917,-0.17514370745029204,0.07702645956772594,-0.10222197467916061,0.11584386668443143,-0.10216032137348793,-0.08325244201106838,-0.3237565604603675,-0.11365200728490772,0.08276102085636111,-0.053329241067807155,0.08325244201106884,0.3324275006912161,-0.21969168203492467,0.34209416788462,0.3326129811080776,0.3191800308139542,0.3324275006912161,,,,,,,-0.18015861232719294,-0.2657331920192551,-0.23516961866965402,-0.24494954091223006,-0.12295222130578252,-0.23793836635227206,0.29230191917872606,-0.34944978478359007,0.13157168711369008,-0.3095554883053758,0.46962759990813935,-0.29230191917872583,-0.04543324805331262,-0.29507177686702163,-0.21197651544173193,-0.07127632460845362,0.10493419383643439,-0.045433248053312565,0.39158561268787917,-0.3693253502726521,0.2655528854449686,0.36221428608187545,0.5073546413052621,0.3823327399053708,-0.127938448298683,-0.08500070604101406,-0.19892505552676334,-0.02990091664344286,-0.07873808554604696,-0.02513447609981082,0.11068581968202564,-0.1384745640827723,0.055031073725623235,0.032578196480126324,0.17064988156643288,0.04813054242465623
acc_y_abs_sum,-0.31363807629470425,0.8386127214897834,0.7628758439196163,0.8736044038233152,-0.8285463327368185,0.8428073809757702,0.6403872751981253,0.9225867209543731,0.7996545267160783,0.9610860987266097,-0.6532750365754462,1.0,0.27037510266551323,0.8848640455800846,0.7259119396022011,0.8886915848538787,-0.6756902627422585,0.9365775250302945,0.4781610876401511,0.8065691460925961,0.7278517282383079,0.7804691030996131,-0.6727466598150371,0.7559698317200468,-0.32070887809098275,0.7170680147771205,-0.008182540090112584,0.8212535427522729,-0.5032444937188281,0.8175818589543139,-0.7291535672046703,0.5673443968773956,-0.7041872726499221,0.7389151594467569,-0.776706215313786,0.7333732395742175,-0.662547070604258,0.704814536377999,-0.6277354421453918,0.6627817489856068,-0.7061719792765907,0.662547070604258,-0.13482823936699434,0.6292684063559578,-0.059189129604860405,0.13512765791793166,-0.20828631509341766,0.13482823936699237,0.024663117066754836,0.6460256463842518,0.09441881354421099,-0.023917764360248808,-0.026990712420190455,-0.02466311706675551,-0.7034832147338848,0.7055016677746104,-0.6460091808947489,-0.7034290548086315,-0.7365400992816128,-0.7034832147338844,,,,,,,0.3574628208482283,0.6078202232215197,0.4958723895852784,0.5568433899216205,0.20524759339301266,0.539705020675217,-0.15776405947014646,0.7410390415219688,0.18602013204288864,0.2000044069293712,-0.5777060889034292,0.1577640594701457,0.36754883708702474,0.774316799813677,0.6778175339575071,0.4409064090289408,-0.026000942928462886,0.36754883708702424,-0.43255380789866776,0.7932524489267909,-0.1015963138720812,-0.39121672929260126,-0.6711011081010244,-0.4266841591270059,0.202564438139543,0.2869970632027905,0.34823616444884026,0.12425547906780646,0.08596100839316327,0.10769337188804971,0.00018358038657551295,0.5841750499137179,0.17770093816350474,0.15750318577932215,-0.18733507496524418,0.12778970124180755
acc_z_mean,0.23442499014577708,0.3472415855787168,0.4379914475268045,0.22854184682578724,-0.24392278213546453,0.18510647414263817,0.7350754169159361,0.2213985080420555,0.2877377548027638,0.2729915461415142,-0.13584774580543646,0.27037510266551323,1.0,0.28499230145416593,0.4383023162805722,0.17366065038338413,-0.049713605905442784,0.052932138189927154,0.05427047303324619,0.0795738475999872,0.13074360963225096,0.009310761944106348,-0.03701350605841629,-0.04685377853125815,0.21716950702623097,0.11987742775791928,0.30405130983883044,0.13610789744261736,0.14331213203733675,0.14580296808086673,-0.39969298982562623,0.3079772769071555,-0.3510022211401569,0.4508326062114098,-0.3710354641991358,0.4491437997689982,-0.23921022178744794,0.4565698788687529,-0.1682811494041729,0.2398980918082048,-0.3028321900081386,0.23921022178744775,-0.32231401111048286,0.33318705019071443,-0.2862859318646646,0.3225873274629283,-0.3635820005466968,0.3223140111104826,0.25175322085416413,0.5813479469991826,0.30847682219827016,-0.2512054946112707,0.2132017927707742,-0.25175322085416424,-0.34497254988182957,0.29022436806255225,-0.31407727337032026,-0.3446921890445267,-0.34874078467052794,-0.34497254988182846,,,,,,,0.43291283258040925,0.5767801938552477,0.521317300493965,0.48351106430724883,0.2926286772194923,0.4751324609216968,0.27352380965887224,0.4026861028079427,0.38419683078412253,-0.24648151892973658,-0.12729087171826345,-0.2735238096588719,0.7775682819429751,0.3890905149263076,0.6902345631500809,0.7780867027866881,0.5386165461135404,0.7775682819429746,0.43405081715570726,0.38380796468984013,0.5791101749421341,0.46391271586728805,0.17847817771484611,0.43718602549240554,0.056878253179653955,0.1658420516923636,0.16941374676752657,0.2012585150048764,0.05066089832941167,0.1913578963177881,0.08345972190829341,0.2901657848283437,0.15622133729963084,0.19818052882746154,0.005901263909177137,0.19854456097488152
acc_z_std,-0.22156221336373744,0.7621187418336957,0.7738027371937632,0.7760301368220909,-0.7960728665657465,0.7061220748252566,0.5338311108849918,0.9687772871355343,0.9483048285239426,0.9674583031789704,-0.843180882651105,0.8848640455800846,0.28499230145416593,1.0,0.8921137264199074,0.9824273857494477,-0.8871332746758479,0.8868188533123361,0.44709430016698143,0.6941561674615879,0.6280282512001467,0.6732943161412028,-0.4941892457282385,0.6431132953723965,-0.03389286741928761,0.5120732606166997,0.19913305237167883,0.644037062056253,-0.21710429455758878,0.6511367082227997,-0.5227558246581598,0.3257090148705497,-0.5432567726316563,0.5342171082624644,-0.5444769709413316,0.5349512243311175,-0.5446580893209478,0.5853593249241301,-0.5142826982520803,0.5449696837608728,-0.585871491393549,0.5446580893209481,-0.1503054127844151,0.39396764543039436,-0.0991204685643926,0.1504773093750465,-0.1905734060210626,0.1503054127844134,0.07937295736893296,0.5287625248110968,0.13470500838134847,-0.07868812188301787,0.03327597105534092,-0.07937295736893381,-0.5685247948334391,0.4534155468319571,-0.5496845916495704,-0.568636980032958,-0.565719856293118,-0.5685247948334388,,,,,,,0.3318927523734606,0.46854225766240787,0.4271981255672235,0.49300256868198383,0.21778971068562356,0.48106828057982803,-0.1662203576385736,0.5694243514349513,0.07371774236968309,0.19661256288896753,-0.5105710102827044,0.1662203576385731,0.3068418209063127,0.5398358632253286,0.5308769088054407,0.3535620967749136,0.04058132440542137,0.30684182090631257,-0.3533214593366333,0.6144164891087099,-0.10989638663505154,-0.313631319261103,-0.5619068190261649,-0.343384031677083,0.14434938052384955,0.1914085029526461,0.2545206677532997,0.14985894941370312,0.06572763996232162,0.1417494884039316,-0.0582253997469774,0.3898091561257971,0.06160478775884894,0.07672699313748552,-0.1911680224941285,0.055252205044202064
acc_z_max,-0.12491041778576858,0.7034529201551297,0.8040707777240681,0.6871823006368338,-0.7649843217568869,0.5864639126185132,0.511718020034502,0.8531194982982234,0.8476342721846952,0.84943765146106,-0.9228307630472211,0.7259119396022011,0.4383023162805722,0.8921137264199074,1.0,0.8630632610896648,-0.7078584586330953,0.6760072113259807,0.4363120559930941,0.6106904731333711,0.5821915194528262,0.5884947355641438,-0.3636441246142967,0.5502831188139461,0.20069215301531637,0.384001377544255,0.3944279042369903,0.4755895954963682,0.004744251035656785,0.48221082200791027,-0.4548282847593742,0.21211028106282404,-0.4948954294509464,0.46670150666387167,-0.44693224326998765,0.4710815356174761,-0.47284605708428173,0.5439646344575639,-0.4254580882212796,0.4733070374382691,-0.5212162363258097,0.47284605708428223,-0.2366698235689087,0.26270305996644594,-0.20016897575429626,0.23679273358353875,-0.25788815092438483,0.23666982356890715,0.1824474857624136,0.5341395099511376,0.23263917582526555,-0.1817308860565522,0.13733605645028926,-0.18244748576241443,-0.506138942611136,0.32294057734615994,-0.5085759844643437,-0.5063103579426047,-0.4850963457310484,-0.5061389426111359,,,,,,,0.402572410253228,0.4362120676277901,0.46841783134777243,0.5060432832734642,0.30802695701001825,0.5003669696732851,-0.11816873796765448,0.4721645365170215,0.055525913602175174,0.14347092991938923,-0.436065778659571,0.11816873796765423,0.36984856704051333,0.39181904687126723,0.49232000872386383,0.3916537313730114,0.1817530381601439,0.36984856704051333,-0.2134149787686039,0.5027567537756334,-0.020833333811113273,-0.17569924174200358,-0.42033211775405094,-0.2039889917762457,0.17018580163236804,0.11866214749967789,0.27128430443178525,0.11016912203484959,0.11912349625586426,0.10479497649607805,-0.12089734197602692,0.28388377967083883,-0.023123317163196717,0.024978262861786255,-0.2236584744844514,0.009333139879879626
acc_z_rms,-0.2763272703557202,0.7612972966953974,0.7513061866802283,0.8005557259461861,-0.8051276192394058,0.7426615664953929,0.44596962176203386,0.9680446644523562,0.93064109700721,0.9668344477965692,-0.853100276277247,0.8886915848538787,0.17366065038338413,0.9824273857494477,0.8630632610896648,1.0,-0.8857152359709953,0.9275001041496469,0.47975632226937387,0.7287318118797392,0.6570809403170024,0.7224175133510952,-0.5229072380252758,0.7051046892371234,-0.08957277866854134,0.5366590101359888,0.14766419091408625,0.6671549191963616,-0.27595445284789477,0.6709745176265154,-0.531869525903873,0.3489495177350325,-0.5415430753308552,0.539831630747274,-0.5557505726348966,0.5396421241375364,-0.5926122539198697,0.5881457058725661,-0.570932367548366,0.592829220843584,-0.6238087891783417,0.5926122539198699,-0.07345509899954974,0.41483605710512034,-0.019393552771372228,0.07363867124067668,-0.11747426063295995,0.07345509899954791,0.0003703828992404275,0.5116097347273881,0.05528869358145675,0.0003211690259731273,-0.04626464480284751,-0.00037038289924168425,-0.5985734152042308,0.475822386650102,-0.582645487835608,-0.5987179412174713,-0.596186104926446,-0.5985734152042307,,,,,,,0.278175931277832,0.4552246030136632,0.3790298081355254,0.46457912978241755,0.16229635611986265,0.4538397553366207,-0.2079267333670219,0.5759460194006756,0.04802793425225519,0.2389698118227513,-0.5298802065996696,0.20792673336702136,0.2398939403218525,0.5271465463125586,0.47294256263098244,0.2867702016959132,-0.0339833715045021,0.2398939403218523,-0.47093315407858144,0.5963042131481155,-0.2387658967448231,-0.43469532001169525,-0.6445785440328923,-0.4614989913978002,0.11598771701424251,0.2163254672280391,0.23059469220300416,0.16452651090554826,0.03171545519278851,0.1550657982374464,-0.025553445862379624,0.408907780191099,0.09387133758226159,0.10580570951988662,-0.1604852425461948,0.08288758339877907
acc_z_min,0.19760036625297778,-0.5118909813312118,-0.5419550049106997,-0.5416685737674237,0.581934083417655,-0.4786194619959855,-0.3073998604567739,-0.8386402724534622,-0.9320902703641242,-0.8201923032882882,0.734808653400818,-0.6756902627422585,-0.049713605905442784,-0.8871332746758479,-0.7078584586330953,-0.8857152359709953,1.0,-0.7341464873155003,-0.38779306452416606,-0.5360600522009376,-0.5056344399926461,-0.5339386613481429,0.30584611446217913,-0.511808273337237,-0.07690534780327779,-0.2838691263221596,-0.21024763253800627,-0.3978942712983212,0.05735276544556692,-0.405687391646661,0.2936436091018912,-0.12606733494283656,0.33543560156995356,-0.28945262483775785,0.3017587856865576,-0.2923325287256957,0.3587787381941172,-0.35938353563867226,0.3503537446440936,-0.35899328524523694,0.385326916129701,-0.3587787381941173,0.08262447838182364,-0.1662577155428564,0.060058086188377435,-0.08266691891955918,0.09438404516861668,-0.08262447838182264,-0.057035087853143845,-0.2917078066292288,-0.08868736853370514,0.056564981411082634,-0.02758807413341581,0.05703508785314427,0.3501978928642019,-0.22468398957048866,0.35184338243592583,0.35040471831994524,0.3334847547352252,0.3501978928642016,,,,,,,-0.19163099242388545,-0.2098548546200461,-0.23144136547324753,-0.2756692294548859,-0.14365843835562866,-0.27218654247880736,0.19190965167465893,-0.32216861736970515,0.06473968039955588,-0.2082525395456631,0.38924720574650984,-0.19190965167465865,-0.07195041208984813,-0.2514811151236146,-0.21636014674186904,-0.09403274802971452,0.055373862084662315,-0.07195041208984804,0.3314382477320936,-0.35395946097868114,0.20822300496695703,0.3027238163880647,0.4447704444026219,0.31994491240529516,-0.11923702823086273,-0.05822177630746291,-0.1688272218445685,-0.03769374654456176,-0.07032789684379084,-0.03647806266721043,0.09926949764568264,-0.17412137406097725,0.03256238792241571,0.013629108164085186,0.16800749417181501,0.027594610558268593
acc_z_abs_sum,-0.3806417627751563,0.7823002091507477,0.6658144033880932,0.8546118171561994,-0.7941913483705433,0.836727310408875,0.42809456589931005,0.9095630580382875,0.7801048629086311,0.9212181642912256,-0.67704335520051,0.9365775250302945,0.052932138189927154,0.8868188533123361,0.6760072113259807,0.9275001041496469,-0.7341464873155003,1.0,0.4613592108774674,0.753050678436978,0.6488158174027251,0.7570013524074732,-0.6284825773576008,0.7537260026967245,-0.3527950936529736,0.6804762922118068,-0.07274616151816557,0.8093343741926418,-0.5245447222579604,0.8069397928211379,-0.6020137777168997,0.504183260850602,-0.573926342529438,0.6121004520810828,-0.6616383862365203,0.6062050055106568,-0.6601881117575239,0.6069448498142997,-0.6547475762385299,0.6601998296043814,-0.6789928473939418,0.6601881117575238,0.030160407164553902,0.5501567989368524,0.10028736963294722,-0.029910296518230316,-0.03600238886417358,-0.03016040716455603,-0.12689167682307814,0.504100606314596,-0.06849842822221415,0.12753013043045483,-0.1725288097255947,0.12689167682307687,-0.6618595624749156,0.6118801937972365,-0.626361462172007,-0.6619169170363653,-0.6826401156858635,-0.6618595624749155,,,,,,,0.20176265813882446,0.5139883184839187,0.33952051056968324,0.45376557009664203,0.059536839523516516,0.4363427390197887,-0.22334152877020935,0.6614540851552263,0.09521845752424785,0.2595363948126378,-0.5553730543085571,0.22334152877020833,0.21025167129902303,0.6953879890283486,0.5362614845637436,0.28314752406846033,-0.1486288526638257,0.2102516712990228,-0.5813850777480922,0.6798605751650626,-0.3022710343604168,-0.548625546385106,-0.7439818405015054,-0.5753134866202243,0.07372186915575263,0.3183344706641982,0.20791053877872548,0.22271470825631523,-0.03680634258899916,0.2083093833879501,0.0709968569085296,0.536960913220948,0.2105102260818249,0.19158148911149822,-0.0963740388297447,0.16343266574425444
gyro_x_mean,-0.33526780088368996,0.17916389278561512,0.18369909192454897,0.3134457704442694,-0.33858561192472497,0.3089193316890523,0.2906875157670725,0.44675154689170143,0.4426549590803951,0.4844167732632434,-0.3817457583498909,0.4781610876401511,0.05427047303324619,0.44709430016698143,0.4363120559930941,0.47975632226937387,-0.38779306452416606,0.4613592108774674,1.0,0.648311803781886,0.808099648615196,0.7880981745125991,-0.03320740753330205,0.7909805828392286,0.15599702264962845,0.26661413005795703,0.3275427447792361,0.16348580943454194,0.02260699880975219,0.13853565678831115,-0.4089235207849982,0.28961328241860157,-0.41647810712039307,0.41049165490980283,-0.45352001208027626,0.40735161472639503,-0.7551190364924414,0.4979427757025539,-0.7721608479552468,0.7549546633798482,-0.7373405881472685,0.7551190364924419,0.35458453929648354,0.1540746271788611,0.38091095675806436,-0.35449829629547525,0.334766391136845,-0.35458453929648476,-0.4269647728568175,0.2896898494101918,-0.3827806563764116,0.4276521524051935,-0.46285207424860697,0.4269647728568166,-0.6966159536208009,0.3375865033578457,-0.7430020878744581,-0.6969687734365283,-0.6598345486410254,-0.6966159536208011,,,,,,,0.04319636903805741,0.22623956407218532,0.09171735017399803,0.3727168144285539,-0.060471364356404045,0.3830619901362962,0.06400530497951154,0.18912454304790965,0.13741473874720186,-0.04885027683057275,-0.1429871048583236,-0.06400530497951357,0.16848436813237655,0.2008867476845246,0.24445719930348048,0.1759150534123476,0.09599631231233235,0.16848436813237638,-0.46869150602891274,0.360079473125473,-0.34252484756519386,-0.45294696879554963,-0.5296295700659177,-0.4660287958039116,-0.19378504320375645,0.388247658309495,-0.10806097074669493,0.33541172506901124,-0.30029841545790364,0.3221457440346935,0.2648314921900088,0.4736160448127845,0.36900372164278555,0.413747256721127,0.13902044717946724,0.4082224726278066
gyro_x_std,-0.09286060517504224,0.6445182530755831,0.6857643680932797,0.6868924883552121,-0.7029608235082131,0.653799261168458,0.4964839589942002,0.7142597167038718,0.6501663461095353,0.7839897459968851,-0.5364649083556494,0.8065691460925961,0.0795738475999872,0.6941561674615879,0.6106904731333711,0.7287318118797392,-0.5360600522009376,0.753050678436978,0.648311803781886,1.0,0.9396886202533677,0.9702549191391747,-0.7305760128792027,0.949235820144305,-0.12921035806857797,0.7035716827963795,0.20930169675208282,0.7012591599448205,-0.36639215559652666,0.6803964990170119,-0.6957559387984263,0.27536044835575074,-0.76450271443414,0.6890223020779642,-0.6824347210590916,0.6967341081037446,-0.7277702687334445,0.7399786763456454,-0.6819130932913264,0.7279524049924964,-0.7586783426145428,0.7277702687334449,-0.13518688802482398,0.494180472964392,-0.07012211526448683,0.1353665687519809,-0.183470750353297,0.135186888024822,0.03129248969290486,0.6648458702317263,0.0933677151643731,-0.030422019182676736,-0.026788592579509263,-0.03129248969290602,-0.7552527010742072,0.6314409174538532,-0.7206164394743941,-0.7554662846894823,-0.7573433667997819,-0.755252701074207,,,,,,,0.45045407747134125,0.4028019771018467,0.4986969510033936,0.6597881023732461,0.35350513116711296,0.6618699903903881,-0.12372204858804917,0.536572706455597,0.11459158472002443,0.1535939307631608,-0.4467655573388235,0.12372204858804815,0.3311412265329888,0.4396111794928955,0.5074990329384163,0.3624138850408143,0.13794261664846122,0.3311412265329885,-0.5271782851380462,0.6653127621315148,-0.24996011203269897,-0.49762103275056424,-0.7196014812638243,-0.5234484870272073,0.21701665661978578,0.13592056546978742,0.3073530313514516,0.10438730607994805,0.13084408907626646,0.09889522037282168,-0.16187531543680794,0.5280091076778323,0.032406592218344986,0.03494684118995863,-0.34125891742666353,0.008866176255808376
