,acc_x_mean,acc_x_std,acc_x_max,acc_x_rms,acc_x_min,acc_x_abs_sum,acc_y_mean,acc_y_std,acc_y_max,acc_y_rms,acc_y_min,acc_y_abs_sum,acc_z_mean,acc_z_std,acc_z_max,acc_z_rms,acc_z_min,acc_z_abs_sum,gyro_x_mean,gyro_x_std,gyro_x_max,gyro_x_rms,gyro_x_min,gyro_x_abs_sum,gyro_y_mean,gyro_y_std,gyro_y_max,gyro_y_rms,gyro_y_min,gyro_y_abs_sum,gyro_z_mean,gyro_z_std,gyro_z_max,gyro_z_rms,gyro_z_min,gyro_z_abs_sum,quat_w_mean,quat_w_std,quat_w_max,quat_w_rms,quat_w_min,quat_w_abs_sum,quat_x_mean,quat_x_std,quat_x_max,quat_x_rms,quat_x_min,quat_x_abs_sum,quat_y_mean,quat_y_std,quat_y_max,quat_y_rms,quat_y_min,quat_y_abs_sum,quat_z_mean,quat_z_std,quat_z_max,quat_z_rms,quat_z_min,quat_z_abs_sum,encoder_angle_mean,encoder_angle_std,encoder_angle_max,encoder_angle_rms,encoder_angle_min,encoder_angle_abs_sum,grf_x_mean,grf_x_std,grf_x_max,grf_x_rms,grf_x_min,grf_x_abs_sum,grf_y_mean,grf_y_std,grf_y_max,grf_y_rms,grf_y_min,grf_y_abs_sum,grf_z_mean,grf_z_std,grf_z_max,grf_z_rms,grf_z_min,grf_z_abs_sum,grt_x_mean,grt_x_std,grt_x_max,grt_x_rms,grt_x_min,grt_x_abs_sum,grt_y_mean,grt_y_std,grt_y_max,grt_y_rms,grt_y_min,grt_y_abs_sum,grt_z_mean,grt_z_std,grt_z_max,grt_z_rms,grt_z_min,grt_z_abs_sum
acc_x_mean,1.0,0.043518270792628655,0.731410530824765,0.07180088948634449,0.5622595455416205,0.08435782677043778,-0.18197030302906525,0.24317602793220516,0.26062861746023047,0.2007532560763334,-0.36688354312974214,0.04654399262425443,0.3527021329984663,0.11308110564767716,0.37722992939053246,-0.21232287980531006,0.3082538662767346,-0.34275250367832477,-0.6542645276232271,0.01678524864629436,-0.47077499643443044,0.2133937025891775,-0.5328589864637252,0.23948730770856164,0.625199502862765,-0.26967350676119184,0.35512722896173865,0.18625582465184412,0.5292532328457573,0.224215651909924,0.23218390166188504,-0.03512120393637044,0.10662022909328969,0.10353997432446754,0.29029728293913665,0.08825177294748383,-0.5147009838584722,0.17538927868971987,-0.353681654063344,-0.5130882627076503,-0.5992584242691261,-0.5147009838584743,0.4803139258302381,0.05703422731628886,0.39617279813231,-0.48064794428920027,0.46417877338839786,-0.48031392583023874,0.6278577988744887,-0.0415615162675107,0.6172499247054455,0.6281845141343071,0.5104331502011533,0.6278577988744872,0.562296083166766,0.030103321552396606,0.5716350590914521,0.5633120199652268,0.43823916667902546,0.5622960831667663,-0.12018422914129209,-0.020541960299980358,-0.08249937635233962,-0.10644296275429473,-0.10331058086830788,-0.1201842291412921,0.0875925390200286,0.053365638680131305,0.1265699464041421,0.0529298051770496,0.07417365337390845,0.04774124592442511,-0.10367344644049775,0.11002058319757586,-0.05937909595238711,0.10846628981344204,-0.21900000464292194,0.1036819914406033,-0.007097932511647511,0.040787239591186145,0.025519957671358912,-0.03700664204153681,-0.01333025971019758,-0.03644698491340565,-0.020616279468732002,0.061060159777765896,0.06462817958449948,-0.004442066412807039,-0.13496086140196747,-0.016275513694147373,0.05057827347792226,-0.05716949569134089,0.03644496051196149,-0.07012755825704467,0.053090786848582774,-0.06605417497844392,-0.015498256215129978,0.13630599963641152,0.05503873065190277,0.027447226742349277,-0.15726110983198707,0.004275914883986739
acc_x_std,0.043518270792628655,1.0,0.6566931104588186,0.807294369331116,-0.7320475349146816,0.7588970031770804,-0.038538957209560507,0.46612052334198545,0.36963990828071897,0.6077132055860683,-0.4166459894375731,0.6671052700919999,-0.3657177685606084,0.412437530443233,0.160750610264422,0.47595611731497145,-0.6197791577352627,0.4211491681079443,-0.25831570675780374,0.5449495938550932,0.14656931975642873,0.6136058999900428,-0.5679450331414916,0.6202592671851856,0.34183007174629193,0.4982263537235375,0.6581392597596203,0.6566293470591478,-0.07162570180719088,0.639760884456478,0.6558437482680285,0.5686878215060789,0.7357384209386215,0.6904143035564335,0.2806887316999109,0.6693581263132243,0.4958163239504554,0.6677073662472414,0.5728164350253633,0.4973273092481158,0.36219634098083753,0.49581632395045633,0.418734052753536,0.5826545493513309,0.5459877408988448,-0.4171639360101303,0.2694791850689951,-0.4187340527535363,-0.16084674938406243,0.6133367027297717,0.07196799048062885,-0.1589225288384535,-0.2971349272363262,-0.16084674938406587,-0.3590078551919823,0.6115203789668427,-0.21188940203069245,-0.3567924813117098,-0.47301932984927403,-0.3590078551919823,0.6819072533311185,0.6088500677133224,0.7337089160570726,0.7076924442106479,0.5461398054919165,0.6819072533311196,-0.3967235892137218,-0.4138515173402854,-0.4491224846512707,-0.5423094578464307,-0.21751914553908125,-0.5343641128611554,-0.11730726152244557,-0.32197613315381407,-0.22792322289042383,0.10048049765362095,-0.014043182726075973,0.11709277689872477,-0.7109762794482349,-0.2688753435480349,-0.6892864775447124,-0.6954909084117913,-0.6439581493046614,-0.6898730933896324,-0.5910258525649389,-0.17844058466176202,-0.5191422634846617,-0.5726919599512168,-0.5852092103130812,-0.5837104243744674,0.5356093802069839,-0.3539235805682823,0.4714527743279447,-0.5221581137832242,0.5432200398819205,-0.5192437952293767,-0.48652257059820725,-0.36916735158776387,-0.5425811420750177,-0.5573367174404407,-0.29510178853853386,-0.5504763823065231
acc_x_max,0.731410530824765,0.6566931104588186,1.0,0.587051166079524,-0.05036954642960503,0.5664353131070766,-0.20288705829195344,0.5251712569098964,0.4608704883806897,0.5583611515650795,-0.5965337755048001,0.4621180429167187,0.049923165075774247,0.36659709314112604,0.4030577392553005,0.19078336921928285,-0.17342243308688593,0.05683554343707604,-0.6366619703800123,0.3808446133023146,-0.2325811401749373,0.5543683471591077,-0.7698960031137106,0.57239896532726,0.6731519098331592,0.1446830949418878,0.6975396178570094,0.5601269381758176,0.3260737474600884,0.5796593883906994,0.5806516621914788,0.4112567510853569,0.5691083545595099,0.5145772292188713,0.3100484773469508,0.4795709506268091,-0.06573843353661538,0.5173916609852416,0.09118407933371096,-0.06371483350264315,-0.20692852478936172,-0.06573843353661574,0.6286729315383329,0.4226571998917339,0.6496951405348114,-0.6278187368296333,0.5207062285757567,-0.6286729315383335,0.35191003857162134,0.3548946762774636,0.5011103301738434,0.35333657591759837,0.19166000768848893,0.3519100385716179,0.19684466315234195,0.39233030970207905,0.2938419435354656,0.19894852434690083,0.03582166250615633,0.1968446631523424,0.32681140801102815,0.3739407375897958,0.3925978582957258,0.3575929747909672,0.2538813647738372,0.3268114080110285,-0.18854380280454205,-0.18969861224326745,-0.18025815808359713,-0.3046968713955786,-0.09129267254943836,-0.3066228459779926,-0.16295505511172667,-0.10080986877368574,-0.1975369359632143,0.1572171301206439,-0.19118793245123142,0.16274263194402683,-0.47126436970459096,-0.08689874669484955,-0.40422307918188755,-0.4823601577732989,-0.4490722794250406,-0.48557148308196263,-0.39744680729367,-0.012016951501175873,-0.2637449354335837,-0.36389282345883756,-0.5161211137582744,-0.388386394829122,0.39097399666761334,-0.2274933742009703,0.36255481146117957,-0.39001089287632357,0.37635106188038026,-0.39135267897609494,-0.337475697348219,-0.11640004438025311,-0.3046378679348061,-0.3487079868445373,-0.3291495510868975,-0.36470000157955496
acc_x_rms,0.07180088948634449,0.807294369331116,0.587051166079524,1.0,-0.5474186322118083,0.9950413717813699,-0.04240149294438688,0.44467021629731945,0.33747445619222755,0.5450168173057339,-0.35592620912607537,0.6041421283331205,-0.5301731045692273,0.3119692985673621,0.027161743740784804,0.46079418751713735,-0.6927606896244071,0.4361515208245317,-0.34543087003176814,0.4676580424637869,0.023056782379382912,0.6495531494454405,-0.582907943035013,0.6691345620188476,0.36107077179154323,0.4681502888680579,0.6874292412624994,0.710921668161288,-0.010875102733287635,0.711673433530084,0.6825123603163348,0.8750178859158756,0.9012502825140678,0.7330920577586646,0.11687395197796183,0.6704298890638003,0.5121353547379488,0.6636018013251128,0.5968045681707143,0.5135099137753627,0.393956820073248,0.512135354737951,0.450617607901747,0.5931504789632142,0.5732715870499764,-0.44921955487507853,0.29985728161620867,-0.4506176079017482,-0.1755581738706898,0.5455857124664926,0.03950080656761325,-0.17409698334664767,-0.29083556505895375,-0.1755581738706935,-0.3626636593291722,0.5411352305165078,-0.245182857143024,-0.36096677759257384,-0.4646064651423467,-0.3626636593291722,0.777327499158523,0.8154783262532143,0.8745447335414924,0.8122703014535054,0.5507533563690674,0.7773274991585241,-0.43221291330101436,-0.5407956954852616,-0.5237788736520522,-0.60635282284211,-0.20732460035829628,-0.5903607243526798,-0.089225697085361,-0.3788870881198195,-0.2316114751380924,0.06797710925183174,0.02313961706845192,0.08884625504810159,-0.7575980339209127,-0.3934134097168543,-0.7837387167731336,-0.7385385307999857,-0.6445027230130469,-0.7210124397234278,-0.6473908437776816,-0.28146467526465063,-0.5940588857279107,-0.6405997929600837,-0.5764009109693493,-0.6432831875124465,0.5593116965179127,-0.43728102218541876,0.4564729954958278,-0.5537109242269908,0.6010423776432028,-0.5409921532182524,-0.4939013788589166,-0.4675364852979451,-0.5837694098092325,-0.5921995268287039,-0.24907312607333768,-0.578674421230496
acc_x_min,0.5622595455416205,-0.7320475349146816,-0.05036954642960503,-0.5474186322118083,1.0,-0.49487009692756034,-0.22545190825148126,-0.3583553424288004,-0.31914215815052865,-0.4781994385640746,0.20207783447437552,-0.5541398238771736,0.4479646892643762,-0.34819226411602194,-0.028365608124245805,-0.528956389313371,0.6484574875551612,-0.528329677596535,-0.20302237853567948,-0.4460669749604969,-0.4335261163192278,-0.37580127804257235,0.1331151562676853,-0.36541356262825575,0.1353887170049384,-0.5187854676262218,-0.25418803324247075,-0.3463804457226009,0.389828473011695,-0.30620128605856445,-0.2411664578837192,-0.4168762585027741,-0.428303587240553,-0.34543179024397563,0.058632395018904465,-0.33408882040615767,-0.6297822598944712,-0.29396017397191804,-0.5810966000714148,-0.6296750108361335,-0.6115696969471383,-0.6297822598944729,-0.013798660465218266,-0.3734295086128739,-0.1645130187490653,0.01249029067698421,0.06596234344763831,0.013798660465218134,0.46865002018930435,-0.3874059697795681,0.32068524376596924,0.4677332095212196,0.4729924304142144,0.46865002018930607,0.5643820653179973,-0.3238155880731194,0.4925183239730105,0.5637353925671539,0.5571596066927016,0.5643820653179974,-0.4900248378379628,-0.4685815361657583,-0.5422678203180363,-0.5072802532012164,-0.35890746690494074,-0.4900248378379629,0.3287866777289057,0.27360953179211106,0.3674833607089541,0.4127731544834425,0.20708637959496476,0.4083836361370081,0.03752149898204549,0.2749951850828435,0.13883987420100255,-0.023326215957974853,-0.08074389918103161,-0.03752347513661918,0.528749375910702,0.16889917268883464,0.5084786200003513,0.5085247885501328,0.5025114668612051,0.5099149579939872,0.42471268001410667,0.12752287539145601,0.3998491301473647,0.4112619119391813,0.4230456875766366,0.41468240170053855,-0.3842832528607292,0.23720211607032898,-0.35345148452035674,0.3615690624177892,-0.38693044504194635,0.3615915944160667,0.3724012116120392,0.2845478125930796,0.42508600836163574,0.4296005404517781,0.20604814903731491,0.42052583321195824
acc_x_abs_sum,0.08435782677043778,0.7588970031770804,0.5664353131070766,0.9950413717813699,-0.49487009692756034,1.0,-0.06252653697525822,0.42017255301447143,0.31321241307947345,0.5116549310896673,-0.32972986666201765,0.5700954874461013,-0.5358916466217802,0.27668181997665076,-0.002080872658864219,0.43473547813131524,-0.6780470868202431,0.4166307486932511,-0.3624050685633378,0.43413798210616855,-0.011481956395626066,0.6307671580831642,-0.5746478790444081,0.6527631790791962,0.3695524566581688,0.45378627976296904,0.6864076146419932,0.7030164528889785,0.006085041402708401,0.7067242925534168,0.6876384359016553,0.8929247681820536,0.9099304685027438,0.7371679797128541,0.11765826688968925,0.6720937524046438,0.49688626137374203,0.6569776404282013,0.5829810489657056,0.4982582588461126,0.37838694798766526,0.4968862613737437,0.45556566637351753,0.5939698381462928,0.5753333719200855,-0.45419278912743133,0.3024218464018999,-0.45556566637351825,-0.16227618261637514,0.5345193881982571,0.049506778168836967,-0.16086016053191213,-0.2775847247568252,-0.16227618261637852,-0.3480595165258262,0.5334900746589429,-0.23138117846364284,-0.346394908672063,-0.4494405927546509,-0.34805951652582595,0.7801176666467953,0.8066710838263385,0.8701392481845575,0.8131897658524079,0.5553309751407344,0.7801176666467967,-0.41975167015908144,-0.5537850142061242,-0.5186981048906527,-0.5956972563113819,-0.19223618715246932,-0.5780046863770725,-0.08519892286067733,-0.37447728075112585,-0.22722271963150825,0.06398015099164255,0.024615629462286782,0.08476130914335708,-0.7401977424240873,-0.41399307811116604,-0.7774891977153201,-0.7208935555779982,-0.616332483177348,-0.7004852789237198,-0.6399528120220105,-0.2961968363111589,-0.590985013990375,-0.6351422241438213,-0.5528332920613056,-0.6363850817917737,0.5473293251719498,-0.43998632184825687,0.43757295383361816,-0.5436547914872091,0.5928676274522416,-0.5297053028564956,-0.47560243300954874,-0.477530687262208,-0.5726479849121907,-0.5755105790938294,-0.2265736083985556,-0.5605953813230894
acc_y_mean,-0.18197030302906525,-0.038538957209560507,-0.20288705829195344,-0.04240149294438688,-0.22545190825148126,-0.06252653697525822,1.0,0.2767434475950739,0.38597855910470147,0.3527939765361484,-0.0014097500272595362,0.3841452043637812,-0.09920882177466199,0.47166099845576054,0.28678354091032565,0.35654225860893024,-0.378730837754889,0.34056888385572964,0.5011115467717525,0.1703861298806724,0.4799650888558911,0.3235545473612374,0.2955347833549167,0.3418221263969894,-0.22200768686950464,-0.05634390969122956,-0.23306857716117838,-0.2345118068875509,-0.15322061292835504,-0.2606314538261855,-0.5069318550148983,-0.0701411827737532,-0.29806754205906455,-0.4175603597462141,-0.522387843360111,-0.44953366499433317,0.11155867660547845,-0.29019441933022533,0.03987300852527986,0.11020326540573513,0.24375445542636673,0.11155867660547845,-0.20902260285717594,-0.10728491330007872,-0.18195280649873818,0.20860795413417135,-0.1514061312525224,0.2090226028571768,-0.16556359927534264,-0.4239479817640671,-0.3711080072339556,-0.16716970040147738,-0.025870547929994662,-0.16556359927534278,-0.1705634030651356,-0.2450034084000529,-0.24838030082418674,-0.17212370348691952,-0.08288692080064854,-0.17056340306513554,-0.20880205237232774,0.14001846375414306,-0.044595631058283985,-0.18636025931985317,-0.2981726404241615,-0.20880205237232782,0.032673680682229506,-0.18235233962197353,-0.029408969100280336,-0.08060242754888826,0.10648871798163094,-0.07127896979359034,-0.14165125415733187,-0.19185299521366925,-0.17955051788705517,0.12900060370192545,-0.06902275191908745,0.1413948502480829,-0.2141987301068855,-0.21892086534666252,-0.23414786208843466,-0.23529264537320377,-0.12670764168445775,-0.21835211489240053,-0.2567897814330394,-0.20695627484793974,-0.24157598156041807,-0.2714200317262901,-0.17990977174932238,-0.25772852539746743,0.2863463404406304,-0.26515541397794085,0.17402215708328947,-0.29154351655171845,0.2835415558432404,-0.28003652460775735,-0.11759676372279708,-0.12363598944463049,-0.16191177147690955,-0.11570590044168687,-0.07971606672943987,-0.10953134194383111
acc_y_std,0.24317602793220516,0.46612052334198545,0.5251712569098964,0.44467021629731945,-0.3583553424288004,0.42017255301447143,0.2767434475950739,1.0,0.9361894221585659,0.9382151831033587,-0.9007934861685885,0.7601776149437308,0.08453280271683108,0.6472734439565946,0.6659989533346813,0.5307184792989263,-0.24367356140370414,0.3559359237495094,-0.21207874346250274,0.6108584582938364,0.2348526361233203,0.5525487969490985,-0.5609398139733556,0.5465299673651133,0.19008842789302738,0.3372682942963045,0.40008701667971824,0.3023184932443565,-0.14338820066150906,0.27395129175917626,0.07061790089067775,0.34720570590900884,0.29228670319160643,0.04769602207855021,-0.20662711845378046,-0.008043749322911634,0.051355807431548675,0.05535096505210329,0.06609055030551844,0.051275071573946,0.06454795873244049,0.05135580743154735,0.3076948109176506,0.24167496072951056,0.36669889522270355,-0.30710086586274854,0.2955028202111401,-0.30769481091765055,0.09823995436774866,0.025361887598302466,0.13011265607502587,0.09815121673024292,0.11027411658008278,0.09823995436774552,0.02632986052027654,-0.0042242883539742974,0.010940887556495273,0.026386981981936303,0.0070696376398587946,0.02632986052027683,0.13522391234089898,0.34471387242359863,0.25029399098757354,0.16877460929496174,0.009706520267980585,0.1352239123408991,-0.19936624106536724,-0.07960001329543544,-0.17067599436242734,-0.281926715763758,-0.1501121051913127,-0.290902019423859,-0.1441011413532452,0.06843246496486902,-0.14327369341454957,0.1440962705008608,-0.2768710792663609,0.14388919952646512,-0.4633629438921964,0.005887148420778658,-0.34218977539904294,-0.491813182680643,-0.47416154260711657,-0.5027113033856048,-0.3566073703292989,0.18465309826183696,-0.11665489985730546,-0.2809138700968321,-0.6280326778730462,-0.3277488390860836,0.3770872576986463,-0.16320252285336392,0.3638022223975726,-0.35494827168773424,0.32269948623312694,-0.366346075985532,-0.34029277509366124,0.0866213142370504,-0.23631271190852104,-0.2664851616529538,-0.4943663517216095,-0.30373733799853275
acc_y_max,0.26062861746023047,0.36963990828071897,0.4608704883806897,0.33747445619222755,-0.31914215815052865,0.31321241307947345,0.38597855910470147,0.9361894221585659,1.0,0.8796520178954771,-0.7964189829670368,0.6374753037851872,0.060009743148806034,0.5867991295626704,0.6358130848724076,0.3890621210069437,-0.19833302731178215,0.20703515466501485,-0.23147258602772083,0.5195866168056182,0.15635617962087434,0.49132778953567663,-0.5234800366000556,0.4963123012742871,0.2272845700765683,0.17859912313047105,0.3311718391917731,0.17636854730066787,-0.024615875460091325,0.1590602273804853,-0.04377142938462963,0.23926995464721373,0.1777535089449496,-0.07344319544003723,-0.23446250069158292,-0.12415109898059347,-0.0938112889856106,-0.06001821877041249,-0.08114802676180849,-0.09402795266186284,-0.06221732959311572,-0.09381128898561192,0.2992097969260905,0.22626905285918253,0.3521518738077003,-0.2987220011312711,0.2930474071288329,-0.29920979692609034,0.19263874694355632,-0.09980167007962613,0.1830609588609678,0.1922813988276356,0.22696432308476808,0.1926387469435538,0.15135981396841383,-0.12458332920480028,0.11272417382427295,0.15108297244996016,0.14640116562647973,0.15135981396841422,-0.00024354535653377688,0.2135361652821624,0.11648869913017265,0.027587958497498295,-0.08215459860603587,-0.00024354535653365935,-0.06151739404464692,-0.029040118447758813,-0.03024865517734648,-0.1452622689098373,-0.024870666307261168,-0.15284258474011903,-0.19347705106525656,0.06622379662100633,-0.18678541722207706,0.1945117498466157,-0.33356749477940667,0.19349721886073068,-0.34759139548351453,-0.006680899323835058,-0.2554087309342799,-0.389002407836337,-0.34885622378152675,-0.39541786277732077,-0.31129274133161255,0.12498208497490676,-0.11784691536803879,-0.24683098580296525,-0.582117658069719,-0.2785285686735504,0.34467194260599276,-0.20645271881548177,0.3099451429672486,-0.33616153718172076,0.3239547798184443,-0.33673464913319956,-0.27308788454090566,0.1354107381043189,-0.16416848764436387,-0.16647782503504724,-0.4582949426122335,-0.20416298634924307
acc_y_rms,0.2007532560763334,0.6077132055860683,0.5583611515650795,0.5450168173057339,-0.4781994385640746,0.5116549310896673,0.3527939765361484,0.9382151831033587,0.8796520178954771,1.0,-0.8136963360624432,0.9132867748740554,-0.03653532235908175,0.7544492084424883,0.6390243868341514,0.646737044200915,-0.448434244696895,0.495769359409043,-0.11720767184526518,0.6411896502439897,0.3212114186764114,0.6728594874020745,-0.5077485266999869,0.671327956766627,0.17027267174293179,0.45034979493620153,0.44164749128373604,0.412953827489163,-0.22996200557369503,0.3771815151398189,0.16906050268677802,0.40530581008536815,0.3763884615485654,0.1871505173429815,-0.15352614967791395,0.13443889664253988,0.240005069169523,0.2284271061404017,0.27135265874164327,0.24017231464463215,0.23120595259731286,0.24000506916952197,0.3061819191523201,0.3175636132321587,0.3873730193782422,-0.305360805919697,0.26404879362877387,-0.3061819191523208,-0.03349637932049662,0.17462310264520928,0.03631125062944907,-0.03322519870506605,-0.0560404392162442,-0.03349637932050002,-0.14402375305490547,0.15264984476733579,-0.12742338119250696,-0.1436303426608395,-0.18326731294725188,-0.14402375305490506,0.2676707945780712,0.4406336921948169,0.39026145067949625,0.30180770551909225,0.13056637457839362,0.26767079457807147,-0.32472456865228644,-0.23803091232569973,-0.3318102667163093,-0.43939767089683557,-0.21763136894752572,-0.44198221570439633,-0.10555061026259378,-0.05502092709781341,-0.1624978742537079,0.09868864078218624,-0.17758530002527134,0.10510388928343939,-0.6226789968256435,-0.09945396982958668,-0.5280111209506253,-0.6355584979683567,-0.6099799980621612,-0.641949209260178,-0.4722106925601942,0.09872641991154087,-0.26382642973996173,-0.4071106253317952,-0.6939549440861867,-0.4487751188439312,0.4656919540112339,-0.24498331776873347,0.4384927206998209,-0.4433610720506499,0.4328158907903485,-0.45065032085630635,-0.4373766733110915,-0.06522484566967741,-0.3771573369954396,-0.41340874878292305,-0.490141928950009,-0.440916134790616
acc_y_min,-0.36688354312974214,-0.4166459894375731,-0.5965337755048001,-0.35592620912607537,0.20207783447437552,-0.32972986666201765,-0.0014097500272595362,-0.9007934861685885,-0.7964189829670368,-0.8136963360624432,1.0,-0.6041685851188299,-0.1998596738925107,-0.5220882267168847,-0.6520962991381233,-0.36235382731385146,0.0359492652191572,-0.16739245269861727,0.35741356005109,-0.5717177765334854,-0.09961216565801988,-0.4166806259341417,0.6650815875993731,-0.40076261824841636,-0.2711884461152318,-0.24898632714130214,-0.40759548751927704,-0.27100929471660634,0.03218140853413403,-0.25097613490024134,-0.14166379100586773,-0.23674738249749316,-0.26668457199131035,-0.04523791875199768,0.04397065223247597,-0.0041682106001699115,0.09053171705511794,-0.03097599827629079,0.061933243919299705,0.09035711365238644,0.0963485969584497,0.09053171705511981,-0.3579217580180476,-0.18452519277057297,-0.38651052297966243,0.35750815174918404,-0.36444717347382816,0.3579217580180472,-0.23158783495737337,-0.057150175380866926,-0.29041173567889067,-0.23180516880901014,-0.21740816572208427,-0.23158783495737065,-0.16614953689649214,0.04961884014227138,-0.1487716692879856,-0.16637640574541482,-0.1351218422800043,-0.16614953689649228,-0.10484809852169685,-0.24239152518645107,-0.17582891367143494,-0.13231702579059565,-0.010409734128651852,-0.10484809852169713,0.15987571309919676,-0.049622363191892664,0.083477833390595,0.19643058231409988,0.14997419885387547,0.21235613788570706,0.12186608584098804,-0.1593848512459357,0.08893224850704244,-0.12829248187222103,0.29545751348138866,-0.12185322477884361,0.3275335779006852,-0.12786270464624194,0.1903000123969323,0.3643227255074831,0.38722121499771,0.38349381077843414,0.21440087526124096,-0.28046229602292216,-0.014204159578208793,0.13846182567597168,0.5363924907246044,0.18655491209372965,-0.2517668015941174,0.06930135479614502,-0.28089677538082203,0.23158630205390274,-0.20620750397793425,0.24303264121848864,0.2774074430960165,-0.2181490838126731,0.12850151273786384,0.17366427071976254,0.4909213081071537,0.2181564718497958
acc_y_abs_sum,0.04654399262425443,0.6671052700919999,0.4621180429167187,0.6041421283331205,-0.5541398238771736,0.5700954874461013,0.3841452043637812,0.7601776149437308,0.6374753037851872,0.9132867748740554,-0.6041685851188299,1.0,-0.1372466240471783,0.7809914572466118,0.5088427666620152,0.7836983724465776,-0.6347878571667557,0.7043140112029587,0.08756567573540738,0.6349448626623759,0.47514283427872944,0.7358874238524832,-0.31777621433717174,0.7312818480984481,0.03932479310752795,0.603441301670799,0.416917478169609,0.4937824363733161,-0.39078557273197423,0.44504600143403555,0.25010789886478696,0.47376242697050136,0.4380950994467389,0.3300807499998495,-0.12965476229629763,0.2826977916688109,0.5213187822593255,0.3967236075522954,0.5495905591598588,0.5215568240992647,0.4982567425040737,0.5213187822593247,0.21198668873120974,0.33677418512676005,0.3098047268212598,-0.21104646756850218,0.14800315170361733,-0.21198668873120993,-0.2628620600996226,0.31263507859707973,-0.16750959192837134,-0.26235949292702215,-0.30604895052551256,-0.2628620600996265,-0.42155178091592743,0.3576671898763441,-0.36530849211505995,-0.4208511464798573,-0.47321317093681103,-0.42155178091592715,0.42785593957751566,0.55615011812967,0.5449501666505152,0.460669191092405,0.26413027715330906,0.4278559395775162,-0.4659951332391765,-0.40814828980066004,-0.5268911229241449,-0.6033346001311897,-0.3096515361323335,-0.598217993335073,-0.037873600172359904,-0.17987024225903037,-0.14084503147510616,0.02372804577054013,-0.023960604525089562,0.03707950170929416,-0.7554138483402988,-0.19668905571791262,-0.6832765637750948,-0.7396179078105348,-0.7118306801156022,-0.7413881460979633,-0.5573857631224567,0.014366078127086835,-0.3760210413527014,-0.5071281299015622,-0.6593085500051589,-0.54756294797528,0.51751308895987,-0.2532647050325041,0.48447709042474285,-0.4875205165395373,0.47166675028081356,-0.5003422683185619,-0.4937007744620945,-0.2670388213065999,-0.505014578371788,-0.5502124574951708,-0.39897356844626725,-0.5599104096577863
acc_z_mean,0.3527021329984663,-0.3657177685606084,0.049923165075774247,-0.5301731045692273,0.4479646892643762,-0.5358916466217802,-0.09920882177466199,0.08453280271683108,0.060009743148806034,-0.03653532235908175,-0.1998596738925107,-0.1372466240471783,1.0,0.2765920082613636,0.6544817436772578,0.08816379553384915,0.6906066547881567,-0.008956667459609333,0.061088425945701456,0.04781698624768693,0.12142772386524729,-0.04293471500836018,0.07979548447650839,-0.08557283039156482,-0.07992532947550604,-0.0221786535285846,-0.18840556294161295,-0.11719884070771197,-0.11472945042728035,-0.13953539814514293,-0.4253253118162884,-0.4405264011389016,-0.5246288936911166,-0.3897723457135074,-0.2395206787410469,-0.37935964462235594,-0.3324341582415686,-0.24207684792827766,-0.3218011134532172,-0.3328102166842807,-0.2954520711482601,-0.3324341582415697,-0.2687228236571551,-0.4842955466734695,-0.3775935633336833,0.2677345994076942,-0.1403904459915101,0.26872282365715566,0.0764177632684463,-0.2925839991343887,-0.04740140123466824,0.07548107669485848,0.12842907122982433,0.07641776326844671,0.29487643541524033,-0.23794260197295172,0.21739249794846235,0.29426448819343926,0.2898401210036662,0.2948764354152401,-0.5741097153487374,-0.46511617423942675,-0.5904254942957874,-0.5775837746911615,-0.46579085038251355,-0.5741097153487384,-0.034033140865491696,0.4843713395565785,0.09443314991754426,0.1640120116660151,-0.24401954891576072,0.1352272182133505,0.12165876876159563,0.5062876347101726,0.30094928971844404,-0.09282202890488518,-0.08110818411699368,-0.12110065874361517,0.23873861872054974,0.590508486152988,0.4609854806055505,0.24236880620666573,0.05013789734596874,0.19474366874922433,0.35581323871986265,0.6876900178606068,0.6179288271114236,0.44807061066173903,0.03584745725428794,0.35905609748173173,-0.3297235562827566,0.6723898999546358,-0.07159880443475697,0.3935388411318479,-0.549026431534014,0.31956642982319616,0.06125057949663439,0.37556860720266927,0.23350548766419887,0.18230555607975224,-0.19635974391588176,0.14371744185245286
acc_z_std,0.11308110564767716,0.412437530443233,0.36659709314112604,0.3119692985673621,-0.34819226411602194,0.27668181997665076,0.47166099845576054,0.6472734439565946,0.5867991295626704,0.7544492084424883,-0.5220882267168847,0.7809914572466118,0.2765920082613636,1.0,0.8270440807948194,0.8292055637938845,-0.4166601633740184,0.6987832523004769,0.21200498163060263,0.5753953330567633,0.5527006734944819,0.679876584600321,-0.15565576633448322,0.6659580552667946,-0.047373785547233385,0.508001842863131,0.24237300968906086,0.36566929901686945,-0.42338225665913665,0.3139648808224649,-0.08673326603269728,0.2622398973243375,0.10109639672836715,0.035990404080947114,-0.40671640473202436,-0.016926258908773244,0.3628585773000141,0.16665777245287258,0.37254584312431055,0.362509373456731,0.392664160831681,0.36285857730001336,-0.032131024640865966,0.04518427874407875,0.016009426685869778,0.03247042186221974,-0.019435638520732365,0.03213102464086604,-0.2868558374526687,0.08686439083565049,-0.28853913820439975,-0.2870932674213533,-0.26926251449656996,-0.2868558374526716,-0.3140584194484887,0.10035282727075404,-0.33013712476748286,-0.31428633266750855,-0.3263942304330988,-0.31405841944848845,0.12690408090877264,0.31685148964114457,0.2533560156160753,0.15533210614465123,0.016296074327651067,0.12690408090877245,-0.4860941701421352,-0.23371783691413137,-0.49408400467463875,-0.5250026985757975,-0.394113721470546,-0.5294126893393262,-0.0003184550892574179,0.0030411842919584667,-0.029047116263515523,-0.0007142345542718452,-0.048371347977469746,0.00016530424541811656,-0.6123548891114575,0.06201336382342551,-0.47098751288300816,-0.5933736315653428,-0.6704481328734447,-0.6142807188112743,-0.38262581111967975,0.24154665845555273,-0.15081284038977102,-0.31128455428799706,-0.5980398808395384,-0.37489859508859297,0.34472485857638974,0.003056181556973143,0.4343045051736493,-0.294631831243673,0.25029685369821614,-0.3282790687655295,-0.48138753289277203,-0.12624499276803,-0.41582448979959546,-0.4770849736612918,-0.4671287520763565,-0.4993805613886745
acc_z_max,0.37722992939053246,0.160750610264422,0.4030577392553005,0.027161743740784804,-0.028365608124245805,-0.002080872658864219,0.28678354091032565,0.6659989533346813,0.6358130848724076,0.6390243868341514,-0.6520962991381233,0.5088427666620152,0.6544817436772578,0.8270440807948194,1.0,0.5634781710991004,0.11217031816220492,0.3678793175603698,0.004267821634859334,0.4804281683051568,0.3437351694901507,0.47012493305013914,-0.2673414217426911,0.44183863774967586,0.025752911172874277,0.2834529536131931,0.1432458110173703,0.20007315663802494,-0.262541609357413,0.15720491532585212,-0.25628075932697836,-0.015442647399656418,-0.14020790476764092,-0.2104602757363144,-0.38097690755296715,-0.2504424593884241,-0.05662078722605786,-0.05818238737908783,-0.033755315341713256,-0.05698364388535011,-0.01425847920560833,-0.056620787226059156,-0.03498680504113939,-0.16174694513402332,-0.05356470051254234,0.034756227339284074,0.04088615969915161,0.03498680504113979,0.001190134362986632,-0.14706282987148103,-0.06651312518179522,0.0005053262152444833,0.041860453051130946,0.0011901343629846977,0.07660830492226108,-0.15522710182305335,0.0038924893033225557,0.07602875230306304,0.068160169257475,0.07660830492226102,-0.2055937079966011,0.02991084368361129,-0.10275361577973421,-0.18192385538600173,-0.2446925117388701,-0.20559370799660123,-0.30543901951700997,0.13238855312295275,-0.2188625638210769,-0.24353946974823396,-0.3528559449641759,-0.2650613272306482,0.010043321994323895,0.2911826950781577,0.0953518341450554,0.005137397310283138,-0.17031019584450335,-0.009795071070070981,-0.28947924714911777,0.3381245604073644,-0.07562524020832818,-0.29747163361095985,-0.4230793740560022,-0.3344522555698221,-0.08880353500512257,0.5238209456264024,0.21975789228920584,0.013690756648250393,-0.4589546074934979,-0.07265603374935706,0.09580697028568268,0.26875228554225555,0.2617189912886685,-0.03664490577878159,-0.05247063029290431,-0.08754549687325823,-0.29842067595884403,0.19648390494717016,-0.13294213742742325,-0.19999749407104847,-0.49828875489842245,-0.24456283563826775
acc_z_rms,-0.21232287980531006,0.47595611731497145,0.19078336921928285,0.46079418751713735,-0.528956389313371,0.43473547813131524,0.35654225860893024,0.5307184792989263,0.3890621210069437,0.646737044200915,-0.36235382731385146,0.7836983724465776,0.08816379553384915,0.8292055637938845,0.5634781710991004,1.0,-0.5370480678429698,0.9663233163447146,0.37608455179627837,0.5838572001959251,0.6668091248758814,0.6670741429051216,-0.027636679868956574,0.6376401425065986,-0.27816436724682575,0.6955615272200912,0.19205979505798698,0.48649324341023975,-0.6375942802128405,0.42248611141736525,0.013646362969368426,0.4529826778433365,0.26110781044865305,0.21465762423890455,-0.4231502308902646,0.1615850059672401,0.657742763974037,0.31233401820034973,0.6406646208994876,0.6573273320006606,0.6707156690184707,0.6577427639740387,-0.15231094108951543,0.1094185275178749,-0.06275521178807608,0.1530631448686096,-0.17442262215397195,0.15231094108951523,-0.591680612371774,0.24511712878208705,-0.5342235607676049,-0.5917159454516807,-0.5666846688214912,-0.5916806123717767,-0.5821884756791736,0.26866712491550443,-0.5709311170511949,-0.5822214232668074,-0.5897072224089327,-0.5821884756791733,0.32330104468891635,0.499851386536284,0.4454584215590837,0.35515310138485245,0.15855828835423358,0.32330104468891696,-0.63260646533872,-0.3148186930539094,-0.6759602758909344,-0.6606550878279375,-0.5256768609411668,-0.6617202032196913,0.06117071589318074,-0.04909911456383093,0.017292138766843542,-0.06475353360631296,0.07677032804493854,-0.06154620216697925,-0.7370833272704345,0.0331872300122093,-0.5789938990077981,-0.6890873105297447,-0.7727863999635097,-0.7128253407161843,-0.4693341052902452,0.2739608265154936,-0.20308734819379096,-0.3852964709165853,-0.614077245586553,-0.4682149923500963,0.37723472397912144,0.10899321295974028,0.4967517749882225,-0.2987538625157845,0.21917571154850438,-0.35526468447737086,-0.5564825424732575,-0.30790204810611255,-0.5470826325520028,-0.6005720196847338,-0.4089871141307103,-0.6071431297189627
acc_z_min,0.3082538662767346,-0.6197791577352627,-0.17342243308688593,-0.6927606896244071,0.6484574875551612,-0.6780470868202431,-0.378730837754889,-0.24367356140370414,-0.19833302731178215,-0.448434244696895,0.0359492652191572,-0.6347878571667557,0.6906066547881567,-0.4166601633740184,0.11217031816220492,-0.5370480678429698,1.0,-0.5870978159831355,-0.1781130767428077,-0.3273353933002847,-0.32779654998311786,-0.5520220863880723,0.08401690927974192,-0.5833787153164537,-0.03714061681795619,-0.4163617449350173,-0.3576388396004334,-0.38840611823095456,0.20705831450568724,-0.37465686655281694,-0.3734125390288866,-0.6312570896990566,-0.5754668627733245,-0.4805207710427846,0.05879500675347214,-0.43757181261330363,-0.6786175702682338,-0.4307831131865804,-0.676978535049064,-0.6788471232663673,-0.6470295226345651,-0.6786175702682349,-0.17539236560318913,-0.4885395659960022,-0.3135136998551833,0.17413591728414773,-0.0481738870576859,0.17539236560318944,0.381914409672033,-0.39271225212672867,0.2552510149309048,0.3810974755848477,0.4247688685213928,0.38191440967203477,0.6030910622655594,-0.44761540423449653,0.5036955791243617,0.6023196833810608,0.6304081911126841,0.6030910622655594,-0.6480770184955446,-0.6416958840551089,-0.7322603155497706,-0.6688233701172144,-0.47916409659101183,-0.648077018495545,0.3353609660404894,0.664268412260541,0.49025777897751766,0.5581786829303332,0.07280394050403334,0.5305849373344317,0.10119254669430859,0.5408535595379199,0.30464789829950356,-0.07013986668547251,-0.1086130992505449,-0.10041322509278983,0.7007085555623639,0.5430388423152215,0.8083605299987904,0.671706234524862,0.542610362204555,0.6402687691085678,0.652634492909504,0.5161891674493838,0.7357799960804391,0.6935357158076626,0.4307018125179705,0.6578786947461805,-0.5813372291583518,0.5823056845404211,-0.4066292864724928,0.597355137856512,-0.6737312385396002,0.5633106682940888,0.42082404427772285,0.5566030854102441,0.5770573357732957,0.5595548396319789,0.09049525691777453,0.5284196911131237
acc_z_abs_sum,-0.34275250367832477,0.4211491681079443,0.05683554343707604,0.4361515208245317,-0.528329677596535,0.4166307486932511,0.34056888385572964,0.3559359237495094,0.20703515466501485,0.495769359409043,-0.16739245269861727,0.7043140112029587,-0.008956667459609333,0.6987832523004769,0.3678793175603698,0.9663233163447146,-0.5870978159831355,1.0,0.48470776733633203,0.4847945050403572,0.6818192445704212,0.6043260042520543,0.12368676621968791,0.5767968699341051,-0.3492484548593387,0.6870677469759923,0.12630234372897367,0.4514378916966416,-0.6565567844360305,0.39049861624742194,0.030936341707103163,0.45614817806182684,0.2593372826559482,0.25820459757317205,-0.39641812080715777,0.21289591510608402,0.7537292586932908,0.34731133020340266,0.7261612736478382,0.753289285962511,0.7638956330666912,0.7537292586932922,-0.21943236651776044,0.1088087800251751,-0.12706834087889746,0.22022295564776576,-0.25453474179083446,0.21943236651776032,-0.6927296591391449,0.2806136537294697,-0.6309350240432982,-0.6927176897960905,-0.6670262444328879,-0.6927296591391475,-0.6828149851895909,0.34404198486102716,-0.6538016385468863,-0.6827723629717832,-0.6896331976065948,-0.6828149851895919,0.3638342732879136,0.5088440741068189,0.47261962495445864,0.3918567532862083,0.1993767025639911,0.3638342732879135,-0.615978655189387,-0.35889545028354736,-0.6894192624325529,-0.6531589846545758,-0.501083044115286,-0.6491631274574371,0.07910802680946856,-0.11742050085467493,0.01642598010707503,-0.08624887112765557,0.14590563180616192,-0.0796352670382071,-0.722512623634079,-0.02546611872107833,-0.5899294358087498,-0.6612343421596004,-0.7267962982691788,-0.6801082220030107,-0.4770073374929608,0.1953260864353088,-0.24730802145352848,-0.40799171766461156,-0.5264868817294085,-0.48367292542950235,0.3727128828838096,0.1116201021973269,0.4750958302736203,-0.29489521495347837,0.2081991873629759,-0.3527565058935242,-0.525674071405105,-0.4044581401708448,-0.5636703384563228,-0.603617263133269,-0.3014516132438844,-0.5970977890398764
gyro_x_mean,-0.6542645276232271,-0.25831570675780374,-0.6366619703800123,-0.34543087003176814,-0.20302237853567948,-0.3624050685633378,0.5011115467717525,-0.21207874346250274,-0.23147258602772083,-0.11720767184526518,0.35741356005109,0.08756567573540738,0.061088425945701456,0.21200498163060263,0.004267821634859334,0.37608455179627837,-0.1781130767428077,0.48470776733633203,1.0,0.04400837666138277,0.7535659323352275,-9.590101013089031e-05,0.7770961041683736,-0.03585654172388677,-0.6561149458262031,0.13295851547296414,-0.5178398980459668,-0.3420509622749921,-0.5241188536804819,-0.39109303602338963,-0.5297206226147275,-0.2492247388973182,-0.4585475500836521,-0.3934045582616795,-0.461580148366499,-0.3827740186953315,0.37930952303783405,-0.2831944133313012,0.2393261455963785,0.377438654105754,0.5046833820280454,0.3793095230378351,-0.5970143624538051,-0.27843210188106055,-0.5760964466149089,0.5966929329896972,-0.5315328469636579,0.5970143624538048,-0.5860982950426269,-0.24826372063911412,-0.7309153333834412,-0.5873744005784295,-0.43730645472958546,-0.586098295042626,-0.4492484124113958,-0.13303196920157043,-0.5076429093244688,-0.45088817775877865,-0.334609632624515,-0.44924841241139574,-0.19623377876316392,-0.09673347751046972,-0.1676706193311482,-0.19917732633978422,-0.19179691940403049,-0.1962337787631643,-0.05491070826855331,-0.0022903056010196102,-0.09550190488482083,-0.029136148436724643,-0.0865696911284394,-0.026889226940206026,0.06265857482449427,-0.06637234584251848,0.04631174337687432,-0.06612663901304543,0.1642890597139407,-0.06305899691794763,-0.03027289811102273,0.08726028947712211,0.024696712882012854,0.006700139134984214,-0.05030287395668802,-0.0075385733410433114,0.013824823032934235,0.07610843357643647,0.029050878680968055,0.013940262907862462,0.10034616070635856,-0.0036156881241529775,0.0006410699164452238,0.18757116307650654,0.05371409659609014,0.03320706843098789,-0.10988676403124334,0.0016144913361280792,0.0034479542428500136,-0.10001306590086892,-0.043962487586510356,-0.0649617946750226,0.09804690830470629,-0.04901873297797093
