,acc_x_mean,acc_x_std,acc_x_max,acc_x_rms,acc_x_min,acc_x_abs_sum,acc_y_mean,acc_y_std,acc_y_max,acc_y_rms,acc_y_min,acc_y_abs_sum,acc_z_mean,acc_z_std,acc_z_max,acc_z_rms,acc_z_min,acc_z_abs_sum,gyro_x_mean,gyro_x_std,gyro_x_max,gyro_x_rms,gyro_x_min,gyro_x_abs_sum,gyro_y_mean,gyro_y_std,gyro_y_max,gyro_y_rms,gyro_y_min,gyro_y_abs_sum,gyro_z_mean,gyro_z_std,gyro_z_max,gyro_z_rms,gyro_z_min,gyro_z_abs_sum,quat_w_mean,quat_w_std,quat_w_max,quat_w_rms,quat_w_min,quat_w_abs_sum,quat_x_mean,quat_x_std,quat_x_max,quat_x_rms,quat_x_min,quat_x_abs_sum,quat_y_mean,quat_y_std,quat_y_max,quat_y_rms,quat_y_min,quat_y_abs_sum,quat_z_mean,quat_z_std,quat_z_max,quat_z_rms,quat_z_min,quat_z_abs_sum,encoder_angle_mean,encoder_angle_std,encoder_angle_max,encoder_angle_rms,encoder_angle_min,encoder_angle_abs_sum,grf_x_mean,grf_x_std,grf_x_max,grf_x_rms,grf_x_min,grf_x_abs_sum,grf_y_mean,grf_y_std,grf_y_max,grf_y_rms,grf_y_min,grf_y_abs_sum,grf_z_mean,grf_z_std,grf_z_max,grf_z_rms,grf_z_min,grf_z_abs_sum,grt_x_mean,grt_x_std,grt_x_max,grt_x_rms,grt_x_min,grt_x_abs_sum,grt_y_mean,grt_y_std,grt_y_max,grt_y_rms,grt_y_min,grt_y_abs_sum,grt_z_mean,grt_z_std,grt_z_max,grt_z_rms,grt_z_min,grt_z_abs_sum
acc_x_mean,1.0,0.055367236710415824,0.3176652189140585,-0.043789452853537435,0.5455271118774105,-0.0940916367514204,0.91444448391677,0.19080041679635604,0.4654689130208125,-0.0028627268207690997,0.3737535283716628,-0.08407765857412128,0.4247418310651294,-0.062405872240996474,0.0537376757426517,-0.11354167955994017,0.24457446641189856,-0.16592442952181966,0.30519776337988735,0.17262121766704985,0.36818328077481444,0.02725706304062758,0.10401824701101157,0.033901631626063966,-0.1125150407007398,0.28313429633191617,0.08426034686197578,0.23009326767114022,-0.3753650303608624,0.24381638743947884,-0.6717665871053196,-0.2621325038110514,-0.5004458756373891,-0.32728841108964085,-0.4977201716531484,-0.2935648489047559,-0.4673269967335588,-0.14491794596786683,-0.6160763900964593,-0.47736284965230275,-0.2565097665261954,-0.46732699673355815,-0.6256976379232244,-0.18863178311627604,-0.7287897718170676,-0.6416710004418679,-0.3678509189891735,-0.6256976379232251,0.4182821396129731,-0.4451381235438822,0.18855393369445872,0.4101261556550792,0.5267166536787081,0.4182821396129745,-0.6179193761392618,-0.351248315542867,-0.7599483232982396,0.5987497208720395,-0.3338163409286644,0.6179193761392611,-0.0023992677219252293,-0.006270171202449766,-0.00847969897912701,-0.002720544053148047,-0.003555488914203485,-0.0023992677219252653,-0.09723079838502337,0.16735042787913282,-0.11500664086924567,0.039258792887852056,-0.1754250976494735,0.023298017923404513,0.1089312818887523,0.3720825861252948,0.24454518599229957,0.2353610749969338,-0.1157096612365193,0.21481312178679537,0.18121602977481857,0.4192943674314432,0.3260294837641348,0.16298428706916468,0.06601161452766403,0.1345512643793498,0.15591172269589254,0.40025231926212074,0.29436369869606477,0.22969134127693402,-0.04953732513131759,0.1939523583600466,-0.18537012152859741,0.39498923058486546,-0.06414591971011682,0.22959729630377684,-0.30119868479863127,0.1942925229571476,0.10969603523618042,0.32719691224040576,0.25213917633659344,0.2121678146466539,-0.12190214528012136,0.18097685165501548
acc_x_std,0.055367236710415824,1.0,0.9189273107551063,0.9242389469771042,-0.7531683276316126,0.8383965126159355,-0.08525518977447005,0.8187134781770914,0.7027864615900344,0.7372968586558218,-0.7677124008938203,0.6667027284797024,0.1601079911035932,0.9242420439239447,0.8495275545540135,0.9189324619350897,-0.7625829189091579,0.8985879199920885,-0.19083125829915043,0.5048660662257403,0.28207264967351803,0.4362200108870972,-0.5028366212677158,0.4262885024513283,0.21679942612858977,0.42689423390320946,0.41617411316868913,0.39672246838952485,-0.2681741226110024,0.38750369068190194,0.09437230610971167,0.5021218306085815,0.4033156471869613,0.4301959230245147,-0.527147358774855,0.4101388920181409,-0.0412093957242339,0.33735661664421007,0.1699969732704572,-0.035466994542449226,-0.16930672565205396,-0.04120939572423555,0.1077739243939788,0.37098736367778834,0.3543496313699415,0.121879249936503,-0.05076024959946914,0.10777392439397715,-0.21933658388690902,0.3608600893169514,-0.04763280572282272,-0.2165394228646453,-0.36447646040976583,-0.21933658388691557,0.09745838736295094,0.34711943858799277,0.30787291727902644,-0.09004633746259265,-0.04528114850352242,-0.09745838736294972,-0.22504174453444875,0.2971657399410657,-0.15788768164621342,-0.21103624524960377,-0.2842243097534607,-0.2250417445344484,0.2022895496895886,0.32315728394232524,0.3934789396193417,0.030519997793626158,0.11900851958144817,-0.00213438691427096,-0.12572573846411086,0.006111970331998953,-0.06068790698319884,-0.09208900440981545,-0.21100330271114506,-0.09737782400835096,-0.318395293756785,0.19510614568691687,-0.17914226295161484,-0.22178297357457918,-0.40300084618902854,-0.23777389872713106,-0.2163875540722994,0.015275781272740716,-0.1306403294391389,-0.1726211577366638,-0.35154554919182035,-0.19358061470195687,0.21692138663198907,0.10908843884579997,0.29890455652807846,-0.16319257606664186,0.0546521984291918,-0.19490350154341585,-0.2201931679521519,-0.10274510093512423,-0.17796153866940975,-0.19765338402701146,-0.23535976396071706,-0.20696633636275905
acc_x_max,0.3176652189140585,0.9189273107551063,1.0,0.755162221478034,-0.49953731803062795,0.6215229270716692,0.1621905024902344,0.706588909968528,0.7559385597551562,0.5310627502636243,-0.5393608080232143,0.4255308931815278,0.42272437341767277,0.8536373257372918,0.884252614851816,0.8081961608245845,-0.537537578677341,0.7354764204430184,0.019489765084052875,0.3692312488767792,0.32805685622362096,0.26116213375103514,-0.26619211250287206,0.2557240478875836,0.056180386566898555,0.2942265580465866,0.22104520463934862,0.23702812856183172,-0.2792391048302888,0.2337175723048037,-0.16466188798757922,0.19134963922461856,0.06878140964695977,0.1373020955862624,-0.4823789055125953,0.13274830612617114,-0.02074544738843116,0.11575133246157909,0.0637110064262375,-0.019675596413939803,-0.05373036185003074,-0.02074544738843222,0.047215838386937645,0.14366434200679498,0.16986404674814712,0.05194094830719276,0.006164981281259494,0.047215838386936354,-0.1415741555156983,0.10499691278619747,-0.10044119485131779,-0.14271951706530883,-0.1966178033224376,-0.14157415551570307,0.043578387660252474,0.09397787233006394,0.13351761808784315,-0.04468907151543622,0.023887556709695328,-0.043578387660251544,-0.20035699560102005,0.11291006443896193,-0.17238595456241967,-0.19440306142562813,-0.22169517479115058,-0.2003569956010199,0.19150713406430114,0.3678267784526331,0.3813155314713738,0.11572539342505328,0.08916037294442551,0.0796832513231745,-0.07817317600321666,0.08283216167338366,0.0019829482208227624,-0.018117719645180615,-0.20560062406352386,-0.026325860805205655,-0.15255245515126636,0.30015277817969405,0.00046555198498113146,-0.10382603130464854,-0.25780130315225214,-0.12389861740771445,-0.13219893067689867,0.09520295181967259,-0.04175134823513322,-0.0833608517261597,-0.2901581143118825,-0.10612980136647078,0.12635955288459982,0.1843018174383929,0.2214127313498552,-0.07483741993791553,-0.03783027738150112,-0.10940584759854761,-0.14316083781198716,-0.010896846557458288,-0.08161256338556876,-0.10824125512600613,-0.20228024492898763,-0.12117033827582041
acc_x_rms,-0.043789452853537435,0.9242389469771042,0.755162221478034,1.0,-0.7870372600254807,0.9790746731116265,-0.13913155447824993,0.8003559147544471,0.6094886475402528,0.8591978057676404,-0.7570334986159355,0.8302126913922944,-0.09884422430670058,0.8657064160469227,0.6833880597574458,0.8924706366428037,-0.8905594457168357,0.926428711536993,-0.3193553042093517,0.6211393708103999,0.2672465222472169,0.5786633493868555,-0.6568408309126272,0.5665103906178423,0.231831859905792,0.611633361742486,0.5669803230488242,0.5380612530855581,-0.368706315546626,0.5241400033966033,0.20303766032836137,0.6849469244819475,0.5697030691969035,0.6427327731503499,-0.6036674702053327,0.6186578311299219,-0.12501204273510957,0.5411990733702127,0.15193319097321964,-0.11601853659704577,-0.33986266305704843,-0.1250120427351115,0.041695237572152696,0.5371231619857576,0.3466208365453471,0.059558929193837616,-0.19427618891032875,0.04169523757215094,-0.23420695054480528,0.5764726807884573,0.06058431449532233,-0.22750099930185735,-0.43854295908804447,-0.23420695054481258,0.022393601227557992,0.5328553831827442,0.29256949364978674,-0.008714687487269146,-0.20742998386084252,-0.022393601227556594,-0.23754829272135825,0.5146494282784453,-0.11615537197607002,-0.21093577760172655,-0.32688689662719106,-0.23754829272135802,0.1412191866266681,0.2725593521892968,0.309410848827716,-0.05554281442600827,0.07095279474074641,-0.08393441106035446,-0.11230397151015277,0.05415942200669182,-0.026045538325242465,-0.07199472824973421,-0.21018520637035198,-0.08025750736944731,-0.4128104858667409,0.1851713649081567,-0.2560791102902221,-0.2767380847328513,-0.4976501379517335,-0.29613227505465756,-0.22271503378932403,0.06314171862983778,-0.10557859090131529,-0.16717320407287325,-0.37423662204407054,-0.19597255502921376,0.22014249231662086,0.1660961145684675,0.32379356640927437,-0.15644154376957783,0.0299696328788115,-0.19586394088757078,-0.23058853781888547,-0.07621619842903318,-0.16889035533888527,-0.19170652529076937,-0.2681902523743295,-0.20664026815534448
acc_x_min,0.5455271118774105,-0.7531683276316126,-0.49953731803062795,-0.7870372600254807,1.0,-0.7583708263153747,0.6213726155015626,-0.5465211826655205,-0.23812122326529936,-0.6404234395994456,0.8975297559704104,-0.6472958901800427,0.1470759730973626,-0.7673013882605882,-0.6275434543864726,-0.8011706578561548,0.7834858684773062,-0.8318919369228696,0.3245274271582209,-0.3384051837383171,-0.031504890933055925,-0.34297765093975124,0.48802521345729816,-0.330275979838892,-0.25837421657043125,-0.25946688281309643,-0.3429647130702574,-0.23600214528954,0.05946191664464402,-0.21801726785196435,-0.45827596876645116,-0.60687285737974,-0.6544752042849064,-0.5680526475722136,0.16884356791248908,-0.5267967296043553,-0.21320137495115776,-0.3724835685115889,-0.45843577416479797,-0.22307469004734143,0.019113934286494626,-0.21320137495115596,-0.4229340766536863,-0.4125487412742944,-0.6708451059125166,-0.4425024516778564,-0.14145764855248336,-0.4229340766536848,0.40164779412936674,-0.5640967859668916,0.11274887267313255,0.3943910153185181,0.5739453397154504,0.40164779412937246,-0.41648336178276724,-0.49659505054451925,-0.6603388000067625,0.39921203800536464,-0.12552503853659694,0.4164833617827659,0.18864899637306187,-0.27419469517762285,0.12252889879889789,0.1748279098571375,0.2370661119308207,0.18864899637306157,-0.2060055226495775,-0.1154916938788176,-0.34843691378572156,0.02596029267899227,-0.19147860824198737,0.03713956414403641,0.1613765892152871,0.21001863174047866,0.18801705891437223,0.20286707266844534,0.09875047329058818,0.19462161714436796,0.3890858151240067,0.10155498964294406,0.3661646042505734,0.29187349002305923,0.3934499075886318,0.28819917382922905,0.26723806789014465,0.21539329476976443,0.2733485434204046,0.27191355018920627,0.2583953583107223,0.268177419683234,-0.2766135468385484,0.1450567968903381,-0.2671837448427248,0.26033257906344115,-0.2128190104600339,0.2651684502012396,0.24271573702447857,0.27614886255978344,0.29297515097407145,0.281669391825424,0.11964527335229826,0.2712814378286513
acc_x_abs_sum,-0.0940916367514204,0.8383965126159355,0.6215229270716692,0.9790746731116265,-0.7583708263153747,1.0,-0.16479697523250714,0.7741545455939096,0.5388440310930893,0.8902493167259659,-0.7272657725810493,0.8864723612992703,-0.2399005728648856,0.7811646750078118,0.5519603511821578,0.8236782474309494,-0.9016297374330283,0.8857077748996561,-0.3994941986007849,0.6609710156909725,0.24223890223188213,0.639270741183239,-0.7266722050162283,0.6267880407119814,0.2745513543747808,0.6856136036838996,0.6468095055142569,0.6167329610672989,-0.37983697322049187,0.6013983458293402,0.27239611275719283,0.7714446614394913,0.6534788221117644,0.7396249043236961,-0.6223948539576859,0.7150162507192713,-0.19344951069021143,0.6381208380126123,0.12102145221179432,-0.18306085309177667,-0.4354622072088417,-0.19344951069021357,-0.018569377846098755,0.624634675870449,0.32296367298790873,0.0015767734207859626,-0.28354211342545343,-0.018569377846100542,-0.2030626290856035,0.6614284286285722,0.13621701877306908,-0.19472423462027008,-0.4396972399548266,-0.20306262908561065,-0.041138649282007445,0.6209629782303097,0.26386833367761514,0.057583042672266785,-0.3023335000414784,0.041138649282008576,-0.2250543128058095,0.6111574676551053,-0.08299825372239039,-0.1937805025162783,-0.3318819591181055,-0.22505431280580904,0.09816209484881672,0.22720060980259413,0.2434205008296698,-0.11577763736949316,0.042615153941570484,-0.14088927212591273,-0.10414778353891967,0.06322225395668511,-0.01591094784371292,-0.06495927422802987,-0.19710303717721256,-0.0735477983251981,-0.4531446390717002,0.15093286097850306,-0.30045235217373134,-0.29986987414924166,-0.5266618926302945,-0.3184612838110023,-0.22159603065150885,0.07053603481036361,-0.09786269424084704,-0.1640643277993471,-0.36872259886405795,-0.194466915033954,0.2182335521307949,0.1685777312721156,0.32150169691386005,-0.15266239047108565,0.030613671289409523,-0.19203735753983817,-0.23021275872536595,-0.07085597054090975,-0.16624453512818005,-0.18637858667779814,-0.2716793323188489,-0.20229783013161773
acc_y_mean,0.91444448391677,-0.08525518977447005,0.1621905024902344,-0.13913155447824993,0.6213726155015626,-0.16479697523250714,1.0,0.10089835442574649,0.42764066585055266,-0.0872698166594932,0.5269819315099513,-0.1676411654800517,0.2845448516277713,-0.16655947973779991,-0.06580479181202659,-0.18679024575824904,0.2673911207923074,-0.2326206819505433,0.38653797624027225,0.13534891925757364,0.3717382850175193,-0.03204964837676568,0.18611381225711296,-0.031374924894992676,-0.23753936073847348,0.19395760012364432,-0.04718482582715903,0.12572638335368688,-0.38405755971225347,0.13778003357689703,-0.7585497039358128,-0.3410835109433801,-0.58713185104936,-0.417283289277312,-0.4638760189452773,-0.3851872927071052,-0.38427832200082557,-0.24439951425172224,-0.5871867383000019,-0.3959166880556645,-0.16459146694118934,-0.3842783220008252,-0.5859422199856902,-0.30457156075716324,-0.7555814138709147,-0.6068845860884041,-0.29565846931688244,-0.5859422199856902,0.34837796287709394,-0.5124777035231068,0.10395403225715445,0.33955052239811123,0.5117542380143498,0.3483779628770954,-0.5663684870542187,-0.44061390962485375,-0.7665119143314666,0.5451343383004045,-0.26543681299777694,0.5663684870542185,-0.005565199214048761,-0.07900603931587276,-0.021782189666234148,-0.009018218085848092,0.010607854010477672,-0.005565199214048872,-0.16872002046175788,0.16792579659415627,-0.19543965292990145,0.05364103702333266,-0.23735527767951048,0.039561234833178596,0.17800210793973642,0.39423536171248347,0.2922315366479472,0.28013952313235235,-0.040403335592769464,0.2613980533552104,0.2520357322451939,0.4286945781607835,0.38425684861797593,0.23133727536823542,0.13282152635406277,0.20402787940759692,0.24276713708196251,0.4290918658543226,0.3606318602698703,0.309822295655815,0.048851709388426166,0.27829642873434807,-0.26460460521269275,0.40843421607646335,-0.1482854301641385,0.30231910176229126,-0.35228064359671335,0.27204123881404557,0.1818239782234979,0.3860512100312821,0.3132738010727324,0.2928979252519599,-0.0898670185567159,0.2649845574846566
acc_y_std,0.19080041679635604,0.8187134781770914,0.706588909968528,0.8003559147544471,-0.5465211826655205,0.7741545455939096,0.10089835442574649,1.0,0.8743765574648771,0.9002090022864367,-0.7221556430061832,0.8167527866384321,0.027647255809866395,0.7008785629293514,0.6015294152683938,0.7023232022630836,-0.6368986626531933,0.7285534182892867,-0.2678844923192148,0.6379696781254631,0.3301156670190361,0.5840430689041116,-0.6375452481706061,0.5734147370509469,0.29273140138894027,0.6307763246630002,0.5893936648648097,0.638376893168049,-0.3921505416799957,0.6258306695243611,0.08417260864582791,0.5593690206785437,0.4208775706974423,0.485283641465253,-0.6109758033102755,0.47110027853759007,-0.2992797291624673,0.44828504261301805,-0.05179390051283155,-0.2943863924402987,-0.3953609389123494,-0.2992797291624693,-0.17836213315967706,0.473223324097179,0.112094512569354,-0.16421524171881588,-0.30948749670934755,-0.1783621331596791,0.008891779292596163,0.35029560878147903,0.16886540982396148,0.011677419626176268,-0.16054129970834016,0.008891779292590083,-0.1880537246005243,0.3974875513654499,0.056853668183025716,0.19443602545826302,-0.2951225291404521,0.1880537246005256,-0.20901814551905729,0.42107937097518855,-0.1216497786318227,-0.19066718887668146,-0.29869784370344876,-0.20901814551905704,0.10925241535090692,0.2999505391679447,0.26945563860782973,-0.019808745687968417,0.03181213175655996,-0.05033819009572473,-0.08692459129053455,0.07808349421327043,0.007138238163473004,-0.050143468135135996,-0.18788275489941295,-0.057982084037852676,-0.3232575524765393,0.2440055552952781,-0.1559255371236973,-0.19704012061882115,-0.4180027988933057,-0.2186333205715431,-0.16546355156059994,0.10511209737023716,-0.035322837718006435,-0.10696517900648057,-0.3163124197709124,-0.13676033731264625,0.15909261883497416,0.1862332537808939,0.25920714275299384,-0.09571666048064605,-0.013464880042889385,-0.13134157977940047,-0.20432953474042395,-0.03447351211582254,-0.1392792273805522,-0.1374604642101904,-0.2907713301520931,-0.1520958341834754
acc_y_max,0.4654689130208125,0.7027864615900344,0.7559385597551562,0.6094886475402528,-0.23812122326529936,0.5388440310930893,0.42764066585055266,0.8743765574648771,1.0,0.661464975462244,-0.4083324842265772,0.5247248052626949,0.2460343897080218,0.6047146357309875,0.604673736197275,0.5791458723150182,-0.43128230468131334,0.5485358900455093,-0.035231938501365405,0.46989671882122674,0.35289201618583627,0.3679216681362033,-0.36992462513305235,0.3583250640961013,0.04265323971242714,0.43511705345710133,0.3007939050377613,0.40919239588415224,-0.41837275335196744,0.40402665309561797,-0.24462593623890078,0.18835658094145616,0.019948527689649515,0.12313331993752571,-0.5661427028363162,0.12630439304413246,-0.2524473268381877,0.1643820051693643,-0.17016751417986392,-0.2531199268870932,-0.2396691092239342,-0.25244732683818905,-0.20644065158484137,0.17122148914467392,-0.08082413831665475,-0.2044216231950398,-0.19757541198738646,-0.20644065158484262,0.05088149294018803,0.03823420853436141,0.05812112908077913,0.049194845814688526,0.007284319649529815,0.05088149294018328,-0.22209815601900193,0.0752969372348915,-0.13487641370209413,0.2183684052457858,-0.18438061204028966,0.22209815601900282,-0.1982772276900196,0.19767234446980883,-0.1549253516130169,-0.18920570312055518,-0.23950772996465128,-0.1982772276900196,0.10033590831361691,0.386317543851163,0.26262611989250023,0.08751850987174827,-0.009645481618555732,0.050005669321064115,-0.013604637218255573,0.20298858669638048,0.10810053101183954,0.05572985465931721,-0.17553994899453715,0.042287596517980315,-0.10181961074047922,0.414681410796069,0.09562424928942695,-0.02958165731406568,-0.23522292387603072,-0.05910626358147898,-0.05360148338066428,0.23304353222460047,0.093035810967751,0.014014539206845155,-0.24527601157658036,-0.021329973980798823,0.039400377899821225,0.3045252004965106,0.16907517024106442,0.024062034123046985,-0.13814279334706425,-0.016538723415981053,-0.10113070227899632,0.10967602380856434,-0.000886921940734211,-0.01043484781652183,-0.26450079020406436,-0.03190238919554764
acc_y_rms,-0.0028627268207690997,0.7372968586558218,0.5310627502636243,0.8591978057676404,-0.6404234395994456,0.8902493167259659,-0.0872698166594932,0.9002090022864367,0.661464975462244,1.0,-0.7488881727424344,0.9807915098617301,-0.18459549671176953,0.6480083691531279,0.4507185051935089,0.6735672691258402,-0.7413261843558183,0.7522812564815553,-0.37911214643538804,0.7205973376402853,0.29620924939834736,0.7125291044545626,-0.7588087110901877,0.7019187929066211,0.3234440989413135,0.7942370882192322,0.7376929604447393,0.7526545664428932,-0.45179929259517415,0.7298783115119758,0.29715577808557914,0.7475285827329247,0.6370181550887172,0.7427226714897239,-0.5853120036343968,0.7254570758669786,-0.3513165893648421,0.681015930970318,-0.02236407690418066,-0.3419624798955003,-0.5590542138455727,-0.35131658936484444,-0.19971215225855027,0.6819385794968976,0.1620571030710324,-0.17964911660877672,-0.44458452628512957,-0.19971215225855227,-0.002502737267496017,0.6242507054143567,0.30216483681647827,0.005430357411215555,-0.2575814275808693,-0.002502737267502721,-0.22072698804525331,0.6517157664692859,0.1093982775389151,0.23645255916471453,-0.45621504926740813,0.22072698804525454,-0.2179416029699102,0.6298398064522506,-0.07808737354114416,-0.18692647154584818,-0.334447959518161,-0.21794160296991003,0.05598970453495436,0.22769750905317018,0.19793772242764548,-0.10671163835108288,0.0015439037736141908,-0.13041671269784225,-0.05101171861806841,0.11495937722766982,0.04592372887034902,-0.016055573075089914,-0.15583646513772048,-0.024793924741340363,-0.3996775308459317,0.20450955723944117,-0.2376868678642228,-0.23744269159434148,-0.49192540483952096,-0.259502092771333,-0.15058649885556546,0.13662270233785268,-0.011406845806935717,-0.09024931858299455,-0.30990787932418895,-0.12291109616769202,0.14254806756095234,0.21710510069565236,0.2561942084027147,-0.07618817430377996,-0.03851627465631742,-0.1146992193261728,-0.18877855265169477,-0.012016690091511004,-0.12021978578067581,-0.12306080507954112,-0.28631278155636464,-0.13978199995009552
acc_y_min,0.3737535283716628,-0.7677124008938203,-0.5393608080232143,-0.7570334986159355,0.8975297559704104,-0.7272657725810493,0.5269819315099513,-0.7221556430061832,-0.4083324842265772,-0.7488881727424344,1.0,-0.719733756993506,0.016507337510951514,-0.7463176023564106,-0.638536712812721,-0.7544047021939905,0.6855393012853679,-0.7856076815511277,0.3495248676421118,-0.4002815635729901,-0.07317625308083399,-0.39937788678131575,0.5794860816413293,-0.38401663797682006,-0.3277308458054821,-0.3831099009307764,-0.4585100601621631,-0.3821230980036508,0.14211878996908345,-0.3599318083363704,-0.43420001667202157,-0.6005328082940574,-0.63793840613543,-0.5579363551244235,0.2123070352627377,-0.5210992398498493,-0.08164901872879643,-0.4021499396477015,-0.34549670705842805,-0.09056602018659704,0.1099219063127609,-0.08164901872879432,-0.28476573867593863,-0.46314858358477384,-0.5660616276430067,-0.3051986092880762,-0.027482019892636836,-0.2847657386759374,0.2611423456478505,-0.5113423575187261,0.016072766789734932,0.2552495848686856,0.44598142402311675,0.26114234564785577,-0.2783947649027659,-0.4920534741693064,-0.5431311896167133,0.2634046522416408,-0.03216269059975288,0.27839476490276444,0.1956021318240198,-0.30719398570831213,0.12976813817032534,0.18185866730710676,0.2581888295517409,0.19560213182401973,-0.20485447831279457,-0.15265990964539597,-0.35825077184436,0.004299431699593305,-0.17871211385324062,0.019863127763774354,0.17306824775964058,0.17590235358230852,0.17285607126244482,0.2000111686869827,0.13239389216514244,0.19504310441619915,0.3999510495396625,0.039478780849016855,0.3478075721338427,0.2940371941531318,0.42183260908864734,0.29545261496835434,0.2765940762852797,0.17313601888942726,0.2498019483198626,0.2681913545733252,0.3039874408521215,0.27239487279237695,-0.2817016622315235,0.10549759377976323,-0.2928972227984031,0.2583846041136972,-0.20014790138578542,0.2671298897300003,0.2625904993140361,0.2620280078347017,0.292315409282449,0.28226162874315897,0.16685642610625417,0.27585194207128366
acc_y_abs_sum,-0.08407765857412128,0.6667027284797024,0.4255308931815278,0.8302126913922944,-0.6472958901800427,0.8864723612992703,-0.1676411654800517,0.8167527866384321,0.5247248052626949,0.9807915098617301,-0.719733756993506,1.0,-0.2869972158596453,0.5776781436672157,0.35102484321780203,0.6144818753144162,-0.7348823973139437,0.7144828973884837,-0.41753839527582537,0.7238118863960927,0.2713896792711859,0.7446442939767276,-0.7728028796527292,0.7371643410391183,0.3703167983726155,0.8163072700923383,0.7847371794025867,0.7910483498812738,-0.4154643937942623,0.768401279590242,0.386785100552043,0.8151807506341481,0.7164142010588249,0.8269128550415799,-0.5636465041853829,0.8100021883952729,-0.3870516334036995,0.7552042189529118,-0.024412903176035766,-0.37629819942836934,-0.6192496423221302,-0.38705163340370236,-0.22495092385518825,0.7552624420230761,0.1675676853591022,-0.20239938260214424,-0.501320698627902,-0.22495092385518997,0.018116827090101983,0.7001219197372756,0.35943352932412514,0.027599242123862534,-0.2699965402704373,0.018116827090095492,-0.24868394822713036,0.738934417618697,0.11668416101724616,0.26747569447026304,-0.5206887233641785,0.24868394822713158,-0.1923400992018052,0.6876120811295953,-0.041611332898575354,-0.158792517003908,-0.32059693687550317,-0.19234009920180517,0.01897957639697643,0.16991538336417994,0.1393792749234621,-0.15049163740051233,-0.015153241091873632,-0.16948979886037596,-0.03537100757824466,0.1092134996940128,0.04877058416166982,-0.010605586189076198,-0.1300625304931567,-0.018703998947497375,-0.4221004585717938,0.1441800547664524,-0.2831599348158026,-0.25172409522483163,-0.49871112086135877,-0.27026000365034875,-0.13713981120707575,0.12464628172879451,-0.012564556288621668,-0.08284651876918296,-0.2817498706121834,-0.11250165850836549,0.13352641918721395,0.19466828648293522,0.23897355295645092,-0.0708469378648631,-0.03039772755676865,-0.10582968345864097,-0.17221221930213035,-0.01264084404448397,-0.11368873920885755,-0.11645574969837381,-0.2620827009752982,-0.13228778054206594
acc_z_mean,0.4247418310651294,0.1601079911035932,0.42272437341767277,-0.09884422430670058,0.1470759730973626,-0.2399005728648856,0.2845448516277713,0.027647255809866395,0.2460343897080218,-0.18459549671176953,0.016507337510951514,-0.2869972158596453,1.0,0.24198626741937357,0.48880270146416943,0.1262782135394973,0.2899291895111941,-0.02431451432539325,0.3493821857346616,-0.15574528661552642,0.13622369193917028,-0.24531129398854862,0.2881240828251073,-0.24110345983412476,-0.36077163397401746,-0.17755234855124108,-0.3363973757680921,-0.26059909697133193,-0.1916726043512561,-0.2694065078768461,-0.35543716430825456,-0.5302216973331701,-0.5444361632539233,-0.4394532477352815,0.10501664520484452,-0.4134259492460088,0.1276202284877176,-0.34114757716076655,-0.04738653934922105,0.12158242742436318,0.2451095182527391,0.12762022848771779,0.05547393542244524,-0.32462698508024246,-0.11405215295014719,0.04413128922494287,0.19079690504088528,0.055473935422445414,0.05353731038890539,-0.36779781656129235,-0.14949628918738336,0.04766248247423061,0.1834950360945026,0.05353731038890701,0.02994882878246268,-0.335504369890586,-0.12360650742882284,-0.0411898972631431,0.17914817477329587,-0.02994882878246293,-0.05872910555614198,-0.38086943316493926,-0.13770535977005854,-0.07604580889929023,0.017979120949682428,-0.05872910555614198,0.006278401353887876,0.27963540015688143,0.09357708948806794,0.26489872431569106,-0.07698107339721955,0.24306567363039064,0.16237616904554303,0.21861417136976713,0.1888093313621447,0.19650989120164689,0.022564690322777966,0.18935796053092321,0.34100070604462707,0.3907267906833806,0.40199765506164387,0.2687920090400645,0.20024954629014724,0.25098496280700344,0.21765087891576448,0.2505066182971928,0.23734108598427378,0.2379446141532655,0.06435868487364632,0.2293488002075902,-0.2311310085423052,0.21659284745958177,-0.1584368527529247,0.2312726246414043,-0.2432523420749464,0.2231172631051491,0.18488943036468913,0.2486691685470317,0.23799175835336528,0.2189907369428273,0.027033791889366433,0.2127150571148324
acc_z_std,-0.062405872240996474,0.9242420439239447,0.8536373257372918,0.8657064160469227,-0.7673013882605882,0.7811646750078118,-0.16655947973779991,0.7008785629293514,0.6047146357309875,0.6480083691531279,-0.7463176023564106,0.5776781436672157,0.24198626741937357,1.0,0.9354608031528338,0.9858266112473564,-0.8040186921351452,0.9440671635387468,-0.16431435775116918,0.38801739893765885,0.19862687837934043,0.3114267552393804,-0.4165441841036744,0.2971355671313512,0.06841919191430089,0.31234063796183514,0.26193308188669867,0.2187654996916069,-0.26414297332562814,0.20457969544338137,0.06436636957494891,0.36717316702914354,0.302141935673523,0.3437177423674271,-0.39148297900368006,0.32141325945283483,0.1603561103452946,0.24510830172953335,0.3205807734160428,0.16588062144432988,-0.0011998152579907326,0.1603561103452928,0.3076213070155644,0.2578991767715601,0.4828509505131224,0.3184676302935633,0.13537515921009538,0.3076213070155629,-0.3769153515011182,0.3692403208024623,-0.18666456687288488,-0.3735653063218622,-0.4801469231885443,-0.3769153515011246,0.287653637775013,0.2875536236158014,0.44286377040521907,-0.2798713534596119,0.11933756422755017,-0.28765363777501174,-0.2734665416159295,0.18680464882913994,-0.21907056267586306,-0.2620467255212113,-0.2978329007563894,-0.27346654161592915,0.22963286262932722,0.3127567781702383,0.4195641917607298,0.0849196974261076,0.14515969395810782,0.055144549477776826,-0.10938406618463299,-0.007557507933887166,-0.061072637857293416,-0.08052926935211761,-0.18637516695932285,-0.08418044410596176,-0.25292540805501806,0.2104528873463773,-0.12306674785687555,-0.17075077845832004,-0.3430236966559262,-0.1853729757009743,-0.19514775640467927,0.007804898675905202,-0.12287493071604146,-0.15728978307467462,-0.3275565355850344,-0.174964757068314,0.18720391108977444,0.09386378699887342,0.2576708190017649,-0.14394864819965122,0.041296269840433414,-0.17227858427330944,-0.1950143598612876,-0.09879451276232702,-0.16018485056016885,-0.1798690486849142,-0.20445548105762398,-0.18676801322906716
acc_z_max,0.0537376757426517,0.8495275545540135,0.884252614851816,0.6833880597574458,-0.6275434543864726,0.5519603511821578,-0.06580479181202659,0.6015294152683938,0.604673736197275,0.4507185051935089,-0.638536712812721,0.35102484321780203,0.48880270146416943,0.9354608031528338,1.0,0.8892239208314342,-0.5804372424947248,0.7931699975600252,-0.0030574773262838184,0.21696944183705155,0.18702095576624156,0.12142381453857513,-0.19879798932710604,0.11108776481663861,-0.014135083569238633,0.13377415997149952,0.07518495617098614,0.041043349921734015,-0.19733592382462076,0.028527549486179356,-0.08286283713991555,0.10600974043219727,0.06534253752483582,0.08245756729656559,-0.2590390269494038,0.06904173251124336,0.22153574594079495,0.02292773143142196,0.27993304257150536,0.2233024889567329,0.15343044607981243,0.22153574594079373,0.3213684999136999,0.047177988416564745,0.39416100125253317,0.3255145933063653,0.2465859587538033,0.3213684999136988,-0.31319453825900234,0.12900474296228095,-0.2539161362096405,-0.31347204258040673,-0.3398183655899058,-0.3131945382590071,0.3120102620030494,0.0645509759628129,0.37156867696244333,-0.3110262837672731,0.24599448282760977,-0.31201026200304827,-0.2282668743661253,-0.0303595312429283,-0.22680749870616923,-0.22835579594322378,-0.21671170738553433,-0.22826687436612528,0.22611689944495444,0.31218439661154723,0.4090494267922289,0.15032955035960807,0.1422909355776931,0.12165548582622462,-0.08271372917839831,-0.02718572732392725,-0.05922758378521746,-0.05089849753964779,-0.14901856521930468,-0.05027821222135111,-0.12019395410121284,0.21789709266722423,-0.015791895170072533,-0.08632127498831321,-0.20921431684401326,-0.09761627342164156,-0.14186885158487653,-0.010906545103568971,-0.1024416365568143,-0.11530052070317807,-0.25256695781707406,-0.12463820012519371,0.1301251311371904,0.05496118923283993,0.1757649425431046,-0.10095110639244005,0.023698740559729963,-0.12014543817376021,-0.1342424565615379,-0.08430180272800653,-0.12051664587700306,-0.129781435433558,-0.1381032755779944,-0.13099134179318497
acc_z_rms,-0.11354167955994017,0.9189324619350897,0.8081961608245845,0.8924706366428037,-0.8011706578561548,0.8236782474309494,-0.18679024575824904,0.7023232022630836,0.5791458723150182,0.6735672691258402,-0.7544047021939905,0.6144818753144162,0.1262782135394973,0.9858266112473564,0.8892239208314342,1.0,-0.856908607361679,0.9769888606037805,-0.19421385318814047,0.40998528260228945,0.1861611692819366,0.35100156386024084,-0.4574999856774964,0.3356609114564709,0.10368612160367652,0.3312850661251318,0.2929482080094155,0.26188718249077314,-0.2599351924494267,0.24839623610134046,0.08676182686561874,0.4362915035723372,0.3670050805377924,0.39312165841291324,-0.4276689818636582,0.36730423932333667,0.15127181383336558,0.27150549845509603,0.3294010750867129,0.15712314125009622,-0.01889480454708743,0.15127181383336358,0.30388989261592103,0.2891508643943053,0.49894281980116895,0.31556260509724926,0.11864219927879685,0.30388989261591953,-0.4014829626236838,0.40316801257621093,-0.19238881100482993,-0.39771538166426534,-0.5159323665291673,-0.4014829626236903,0.2856059193788713,0.32248970535287824,0.4584062153436259,-0.2769336449919442,0.10124451171442175,-0.28560591937887014,-0.279651298131332,0.21094132567079674,-0.22068697896288558,-0.2674520878417426,-0.3104328683247947,-0.2796512981313318,0.21259670050609747,0.28388681429706625,0.3905224407490604,0.06022180082043191,0.13806925366364226,0.03340117447739744,-0.09962053899684152,-0.008297822794833503,-0.05988463910332752,-0.0718304530753188,-0.17599928790705013,-0.07448080504604024,-0.28528406371660336,0.19274427093074883,-0.16094593623228204,-0.19011569479746326,-0.3774752471028063,-0.20442115562595897,-0.19409297282286886,0.005817794619334135,-0.12787767701651867,-0.15683189409694182,-0.33054612730121374,-0.17393823312641396,0.18685933965749657,0.08548369157952038,0.2594901237378969,-0.14393831711671223,0.049128210079677964,-0.1707761949722515,-0.192603823113289,-0.09996697448500141,-0.16369871250138343,-0.17829979811060914,-0.20468981106438155,-0.18433618221275466
acc_z_min,0.24457446641189856,-0.7625829189091579,-0.537537578677341,-0.8905594457168357,0.7834858684773062,-0.9016297374330283,0.2673911207923074,-0.6368986626531933,-0.43128230468131334,-0.7413261843558183,0.6855393012853679,-0.7348823973139437,0.2899291895111941,-0.8040186921351452,-0.5804372424947248,-0.856908607361679,1.0,-0.8989829191193753,0.35756228696180187,-0.5351158055008041,-0.17158918653024596,-0.503969424037335,0.6222737408247991,-0.4857142675503061,-0.2138087594513486,-0.45332144731197116,-0.46289805226800823,-0.40279361323846724,0.227407778929605,-0.3930295894204062,-0.2641433541912859,-0.6620759840514221,-0.5889773163528462,-0.6261145873483137,0.4785510719974486,-0.5963386582808483,-0.019901703942817775,-0.4967061582953342,-0.28379455229437256,-0.029508402717053746,0.22612311603436663,-0.019901703942815634,-0.20271212660097968,-0.4861472142539807,-0.48044845012469994,-0.22048220674629693,0.05798620099447962,-0.202712126600978,0.3597389963560865,-0.6037967511230952,0.04087744394326573,0.35198069953740585,0.5438109986142527,0.35973899635609374,-0.1816126196578509,-0.5219197521968117,-0.43172567329832523,0.16591258386285831,0.08294874343906558,0.18161261965784956,0.25643629612121654,-0.45594054949164337,0.14193229408390198,0.2318461787663061,0.3299343131730255,0.2564362961212163,-0.18770267000628071,-0.1759535548518836,-0.31648300067966223,0.05096010887997742,-0.1366346125169911,0.06832255318504005,0.14774426143777683,0.012500210500607845,0.08248085084656959,0.12235473491028237,0.2015887830511947,0.12978361939786154,0.39113045206357566,-0.10170013466946769,0.2707016958675728,0.2647733584367085,0.44676841606633516,0.2781815886488914,0.25584167516799916,0.008235066342063849,0.16280719717742123,0.21571783862008334,0.36205586476057244,0.23829098746159116,-0.25819490890609337,-0.08380417001636124,-0.3352424788661493,0.2050525445668535,-0.10302151522301993,0.23649239515510065,0.2539843269137264,0.12843040757317403,0.2069689052953834,0.23226587027189455,0.24416845400758524,0.24429795140175103
acc_z_abs_sum,-0.16592442952181966,0.8985879199920885,0.7354764204430184,0.926428711536993,-0.8318919369228696,0.8857077748996561,-0.2326206819505433,0.7285534182892867,0.5485358900455093,0.7522812564815553,-0.7856076815511277,0.7144828973884837,-0.02431451432539325,0.9440671635387468,0.7931699975600252,0.9769888606037805,-0.8989829191193753,1.0,-0.24335599764369478,0.4832286580714693,0.19693052390581833,0.43875634991476065,-0.542021475955413,0.4231145944663134,0.14677084941424937,0.42483741789212925,0.385258478339707,0.3757359413057479,-0.30352982046781224,0.36330423599428135,0.1544531178349948,0.5571918943585126,0.48136565501229356,0.5091739218314434,-0.4750833522185584,0.4779637368330583,0.09652633542535141,0.3676653321446065,0.3205723736461373,0.10346647497875397,-0.10306673709988416,0.09652633542534922,0.26380542850695554,0.3893051244995322,0.5071662548339024,0.27832924894344396,0.04049597421972216,0.263805428506954,-0.4010390668093867,0.48921453033142454,-0.14328577402671897,-0.3962346591591259,-0.5466718375803011,-0.40103906680939333,0.2414913501423974,0.42055867580876505,0.459780197135888,-0.23068613570567154,0.01915244536600446,-0.24149135014239623,-0.2970601084387556,0.3027534498079649,-0.21659237990466018,-0.28042028518192247,-0.3452201448260448,-0.2970601084387556,0.19168444722586406,0.26710573019648537,0.36708752443952225,0.02464319260067648,0.12349307607488258,-0.0007068997405631283,-0.08911921761423174,0.017239538781574238,-0.03983345532779512,-0.06874609405947162,-0.1721831602491758,-0.07352202471227373,-0.33713641725309634,0.18319699622615762,-0.20748923110595255,-0.2162465731191873,-0.42922971257387393,-0.23191145710796016,-0.19199995511364742,0.030848315411078908,-0.11303699355580034,-0.1511418007771446,-0.3379838506273838,-0.17170716222818044,0.1908647661560888,0.11107293149606193,0.2780457976351654,-0.14252715643436228,0.0421907320590309,-0.17235520247536124,-0.19956306212425132,-0.0854002412696114,-0.16087572811698247,-0.17880792875221016,-0.225463433830395,-0.1875531985322638
gyro_x_mean,0.30519776337988735,-0.19083125829915043,0.019489765084052875,-0.3193553042093517,0.3245274271582209,-0.3994941986007849,0.38653797624027225,-0.2678844923192148,-0.035231938501365405,-0.37911214643538804,0.3495248676421118,-0.41753839527582537,0.3493821857346616,-0.16431435775116918,-0.0030574773262838184,-0.19421385318814047,0.35756228696180187,-0.24335599764369478,1.0,-0.14574233361748531,0.5447436246613403,-0.36906636414898164,0.707634317334761,-0.38723794440606474,-0.4216187723299805,-0.2943067932522841,-0.46047611653310205,-0.40131947784502287,-0.10841377694046035,-0.3990272447149811,-0.5703190427168627,-0.49203358974366496,-0.5713124083216569,-0.598001283843709,0.04002287571927274,-0.6066444242429583,0.20182629776206928,-0.5945736807857783,-0.13870108096658482,0.18835435194900427,0.39025732000393376,0.20182629776207,0.08467470836541612,-0.5705844172996555,-0.23125876556131164,0.062360671783760084,0.3046703648259112,0.08467470836541637,-0.02446773696086239,-0.6353490174543924,-0.2953887274736357,-0.03479225824816618,0.2752214492800671,-0.024467736960860614,0.08890828894403695,-0.5589549274987551,-0.2064452970066475,-0.10873181772082338,0.29499615381259364,-0.08890828894403713,-0.09177320782983615,-0.5241520690393039,-0.18687486366456482,-0.1114779526077408,0.02514773838478755,-0.09177320782983636,-0.07299326671070695,0.09776214487347396,-0.04393290083308665,0.3291765117319612,-0.08852837717750246,0.32616010465860273,0.31240108216894197,0.24063097020243457,0.29842525835575234,0.3206367839993903,0.25424232682725467,0.3206221692566158,0.5122661469241533,0.2061577230813385,0.4856714567227076,0.44120277232214294,0.4659938487053235,0.4400149587957425,0.3838440234319488,0.23593002935531748,0.348419075517789,0.3743246873987822,0.35625315871533014,0.38092532490912606,-0.3760457450546208,0.15597208075530833,-0.3764264196536288,0.3537076952787169,-0.3157543915580766,0.3624523367612476,0.4148870290398692,0.314954734623628,0.39447668493521443,0.39898657901600487,0.27485444711190415,0.40164649204853153
