,acc_x_mean,acc_x_std,acc_x_max,acc_x_rms,acc_x_min,acc_x_abs_sum,acc_y_mean,acc_y_std,acc_y_max,acc_y_rms,acc_y_min,acc_y_abs_sum,acc_z_mean,acc_z_std,acc_z_max,acc_z_rms,acc_z_min,acc_z_abs_sum,gyro_x_mean,gyro_x_std,gyro_x_max,gyro_x_rms,gyro_x_min,gyro_x_abs_sum,gyro_y_mean,gyro_y_std,gyro_y_max,gyro_y_rms,gyro_y_min,gyro_y_abs_sum,gyro_z_mean,gyro_z_std,gyro_z_max,gyro_z_rms,gyro_z_min,gyro_z_abs_sum,quat_w_mean,quat_w_std,quat_w_max,quat_w_rms,quat_w_min,quat_w_abs_sum,quat_x_mean,quat_x_std,quat_x_max,quat_x_rms,quat_x_min,quat_x_abs_sum,quat_y_mean,quat_y_std,quat_y_max,quat_y_rms,quat_y_min,quat_y_abs_sum,quat_z_mean,quat_z_std,quat_z_max,quat_z_rms,quat_z_min,quat_z_abs_sum,encoder_angle_mean,encoder_angle_std,encoder_angle_max,encoder_angle_rms,encoder_angle_min,encoder_angle_abs_sum,grf_x_mean,grf_x_std,grf_x_max,grf_x_rms,grf_x_min,grf_x_abs_sum,grf_y_mean,grf_y_std,grf_y_max,grf_y_rms,grf_y_min,grf_y_abs_sum,grf_z_mean,grf_z_std,grf_z_max,grf_z_rms,grf_z_min,grf_z_abs_sum,grt_x_mean,grt_x_std,grt_x_max,grt_x_rms,grt_x_min,grt_x_abs_sum,grt_y_mean,grt_y_std,grt_y_max,grt_y_rms,grt_y_min,grt_y_abs_sum,grt_z_mean,grt_z_std,grt_z_max,grt_z_rms,grt_z_min,grt_z_abs_sum
acc_x_mean,1.0,0.06668650747040011,0.3283626113674014,-0.09343461431151802,0.7040860161219454,-0.17718488323904283,-0.46833540567261517,0.014662301002085093,-0.16191363364150552,-0.045222458484984344,-0.11273899723527232,-0.09015369228758362,0.13082749892579001,-0.0392066025285572,0.012500259608281775,-0.044578908270188976,0.1386791199400191,-0.05350049943802805,0.4303238686782299,-0.06782553114735834,0.24617778811659805,-0.13999798627014165,0.37445183938527765,-0.15754597477664586,-0.4728946210236454,0.07855912551868748,-0.36011062479668976,-0.12652657523051433,-0.47035661583305205,-0.13252433854252416,-0.5047735693759874,-0.08030120630690488,-0.34709593483205725,-0.17409112460083942,-0.47118939204231663,-0.14891081832192749,-0.4958440213159243,-0.10401941437743893,-0.5399867859879898,-0.5038458473966864,-0.3444228449019873,-0.4958440213159227,-0.4902522039078824,-0.005536462840202447,-0.5695447929372646,-0.4964582427700236,-0.3306806163342514,-0.4902522039078834,0.5291011083074898,-0.21170457209593097,0.3819524118112713,0.5231728184169098,0.5616673545577178,0.5291011083074879,-0.5057274905239979,-0.2813439718551236,-0.5775649448798273,0.499388910769535,-0.31402715199827813,0.5057274905239973,0.02420038445907406,0.09337812381237692,0.03459646715142203,0.03093473388821193,-0.09105548789117923,0.02420038445907414,-0.0961256680601573,0.2995842828114938,-0.026288859058423934,0.16164960147603327,-0.20877855584444088,0.1440838165173229,0.005867617669149621,0.30976326169968665,0.12100267764071487,0.09453969785702328,-0.0914239066661793,0.07502070298032888,0.14181366466547302,0.2271844128202931,0.21770263842440976,0.12859999823847168,0.07022416199288237,0.11047480126720151,0.11782162955322227,0.31605865048568904,0.2386941209502443,0.226331118236136,-0.012598155818172294,0.19894457255846132,-0.14592025224554778,0.28684151344160397,-0.03985519494747953,0.19317651936624386,-0.2268722085143071,0.17304119020837858,0.06040536564593966,0.31674582563480036,0.193889814235257,0.23068731325417305,-0.10722445322304902,0.2066018959858635
acc_x_std,0.06668650747040011,1.0,0.906898428648069,0.8473921598800868,-0.5649263346616472,0.6806971715772621,-0.17456994382873223,0.731514665850703,0.5429032582727623,0.7042646592401065,-0.6888078895768743,0.6076089573777405,0.1319053096394916,0.7085726467729205,0.6418757043587254,0.6650764769759414,-0.6552955966487832,0.5631002572520512,-0.03197979586995149,0.45362764525616034,0.28747712249461416,0.36655225277917675,-0.37024529990749994,0.34601791283923,0.24846607310629296,0.30500795057639,0.3749439242632683,0.2714499254359956,-0.04378457620808736,0.25804192027495065,0.15381623337800587,0.47630382699300783,0.4586267399691792,0.39175069031604576,-0.30428493987476896,0.3696520448842196,0.10716486204087221,0.3090951070238804,0.2605054783195489,0.11456110672407532,-0.0013248809149282996,0.10716486204087296,-0.12203241777636693,0.3194732895428809,0.03178388985459253,-0.11795588646727001,-0.18516486747370334,-0.12203241777636817,-0.028623037057080417,0.3351085660880364,0.06304994614745499,-0.02514149204298712,-0.1782194319900293,-0.028623037057081174,0.10914524170878079,0.33417832760118366,0.2629401110349795,-0.10594878099576577,0.004548715776365456,-0.10914524170878191,0.420839412017087,0.3720270149784507,0.4567712319596448,0.43867309626081186,0.32295081953585353,0.4208394120170865,-0.08681888641450111,0.27103645133760523,0.07058565555798921,-0.09658078991241455,-0.13841574501727746,-0.12762472992304955,-0.200018066284352,0.11489999014704713,-0.14877977637343723,0.20394695198868654,-0.2754239113161086,0.20111145895711782,-0.36225865209979474,0.01724609271199053,-0.29027208612166516,-0.36672404171008294,-0.38417854556600106,-0.37069388255879465,-0.3699775518547026,0.13053849768232179,-0.1695507707862574,-0.2984573515378175,-0.48806973016368854,-0.3311290517076051,0.2808736042531256,-0.03489540702147927,0.34967705040872815,-0.17836997844872304,0.18386118477408994,-0.1855921840098502,-0.3035051852808594,0.019318417167241805,-0.22665776179635708,-0.18030858218488022,-0.33574845526099417,-0.19715135065745168
acc_x_max,0.3283626113674014,0.906898428648069,1.0,0.6498705579904128,-0.23679501817428023,0.42274404362988266,-0.2938470330789382,0.6506571296349044,0.4182233188923925,0.5548978579320983,-0.7200274445615759,0.40498982381307985,0.2886737276596668,0.6368213285441545,0.6640252341560596,0.564247704934212,-0.46072592579505023,0.41656086675401677,0.1206388820772769,0.3248984890145666,0.31483054956158835,0.1859984726898643,-0.15130461632840705,0.16025819825628979,0.037567545337978195,0.15679306774304846,0.11605250959037493,0.05563663712314847,-0.14947141253608986,0.04504006522879293,-0.11294043775774787,0.2471005539883809,0.17501644980265496,0.1288624981859023,-0.3361642743592916,0.11492748245004804,0.06286844053116715,0.0833140418611,0.13103406035442086,0.06472851645954189,0.04502061620716062,0.06286844053116775,-0.10296203687909185,0.10464323688092787,-0.05008862218823292,-0.10262844221829706,-0.09075068309695142,-0.10296203687909264,0.04433248926968895,0.08937476768964644,0.04448040649535748,0.04397444216089316,-0.025428310560023867,0.0443324892696877,0.08324489854659729,0.06529540427173013,0.13882526228169617,-0.08382974439395137,0.07965903773535869,-0.08324489854659786,0.2540216080466857,0.216445020155458,0.27297584998826296,0.26462463000003794,0.20883497550540528,0.2540216080466857,0.0053959407039853,0.3777388889709615,0.18339628261134908,0.06481633544065145,-0.08680822091320797,0.0321815228022232,-0.21270551529228426,0.21095817645492249,-0.12657861101938972,0.2642331952154836,-0.3267923456965989,0.2545749519793495,-0.14372499651104104,0.12180547317771066,-0.06725607320701106,-0.17237668042462656,-0.194803637771069,-0.1794867683784686,-0.22849464442169112,0.2242677926376832,-0.009646935021411325,-0.12028220575733062,-0.3963588030763341,-0.1551152221665294,0.18391609406133763,0.05929870111391311,0.281207275277603,-0.06147750713648782,0.07542044901672956,-0.0699466728335333,-0.20168293802051215,0.1557528281152864,-0.08374965954582478,-0.04700364479771475,-0.31411682257412094,-0.06860863810141345
acc_x_rms,-0.09343461431151802,0.8473921598800868,0.6498705579904128,1.0,-0.6577511761407547,0.9571154146024914,-0.0949869307480639,0.6666872873274625,0.5163510746877908,0.77779205105419,-0.5409513779392234,0.7738915030752296,-0.12537501095189357,0.6290261512656298,0.4544679392522581,0.6447332225312977,-0.7578656117455268,0.6360122412429963,-0.19547657040939037,0.5062669121866219,0.20670466530057297,0.5396037849327847,-0.5322190902545101,0.5306640408175209,0.31852705944607634,0.5064791232519437,0.5524475085219198,0.472233099422577,-0.06696231648282219,0.4521171359965174,0.26749561536999034,0.7286671153344952,0.6568975105979183,0.6219230872642659,-0.4090757410920685,0.5828295967661692,0.06260332350131712,0.49651701974241114,0.25592180595252184,0.07315390261098399,-0.123976380221438,0.06260332350131806,-0.2301348575023595,0.47262461423188074,-0.048623947560207825,-0.22534605918560643,-0.3370318066445366,-0.23013485750236065,-0.02210280890040807,0.49700233825329887,0.14238150716641002,-0.016111670825944946,-0.2042854617466526,-0.022102808900408995,0.03795543633913374,0.5424539428427952,0.23841615886023643,-0.03155905286310039,-0.15748629348542348,-0.037955436339134924,0.5142249326784363,0.5979702745933093,0.6349626712185872,0.5594997581847475,0.31209227320702226,0.5142249326784355,-0.2682470107800374,0.14205429461589264,-0.14632872726640697,-0.260117725532609,-0.28306145103059005,-0.2868291659599291,-0.09948330691244917,0.06955729287242923,-0.07326923638487565,0.0826944631011686,-0.14222366872519607,0.08230189903295974,-0.5487308111774629,-0.10740201737012775,-0.48950831306780057,-0.5223401342500373,-0.5303405638394458,-0.5220177278987176,-0.4420693444292954,0.06518400073344499,-0.27091399269658695,-0.38963137181945817,-0.5046818850939868,-0.41902427930355773,0.27060814265697525,-0.04683115969006238,0.3159496587098055,-0.21034159038347613,0.17939749740161814,-0.2202984528688536,-0.3492597744051676,-0.054283414997957344,-0.2982717468092446,-0.2223152994913309,-0.32625082011048595,-0.23610795303623205
acc_x_min,0.7040860161219454,-0.5649263346616472,-0.23679501817428023,-0.6577511761407547,1.0,-0.6543833584959987,-0.26473035585039206,-0.4824068652630907,-0.54057961025377,-0.5477958152315217,0.3036275621342663,-0.5527146468880684,0.09753613436033175,-0.4724497078134153,-0.34038474582245687,-0.46973926960653956,0.5979665701632654,-0.44737463190940274,0.380472489132897,-0.4003536130802848,-0.012033973957433202,-0.44943254794238413,0.5928161386148428,-0.453720237103433,-0.5781576319282135,-0.2385100383899665,-0.6176760813323051,-0.3810570400187855,-0.32840220063275777,-0.3751156630891464,-0.5698516496600589,-0.5004099468226724,-0.6819221825127224,-0.5078614322063512,-0.12014868214456227,-0.4717168028593651,-0.35187938726373397,-0.39616148867907997,-0.5231613844514705,-0.3646549641000563,-0.14314611989439074,-0.3518793872637327,-0.18636662840240456,-0.3226012982235609,-0.38280565444804354,-0.19445683917405512,-0.014749521185918298,-0.18636662840240326,0.35004676527871625,-0.4733209318669779,0.15598571675377373,0.34195609148055023,0.5067127105199626,0.35004676527871503,-0.3509556357611899,-0.5305091905280515,-0.5439895685541685,0.3428828960870676,-0.11577095734851663,0.3509556357611893,-0.33337920820381917,-0.2820659458323418,-0.36512423226737745,-0.34669943560271915,-0.2811051457557545,-0.33337920820381906,0.03115268443397741,0.09403862470334647,0.0001311406412278829,0.24474583125073168,-0.025310265261857257,0.24999859701335386,0.11264314983662785,0.1912593564812845,0.177997366735477,-0.017745307868396915,0.07296535158732705,-0.032617857266800894,0.42458982199159095,0.17669008024467223,0.4250252753881982,0.4046387025647087,0.3834022007465117,0.39560571013410867,0.37245933036904405,0.16479817973583136,0.3426097442999394,0.41881219001475145,0.3445813933656098,0.421885283038947,-0.31738300641966344,0.25392538303858425,-0.27515683882902375,0.2964886322703045,-0.3146011626713249,0.2874446523282599,0.27359365391312124,0.25752393578102656,0.3364347851867962,0.3328802236367443,0.14856112352257692,0.32697114609467876
acc_x_abs_sum,-0.17718488323904283,0.6806971715772621,0.42274404362988266,0.9571154146024914,-0.6543833584959987,1.0,-0.04370612423892318,0.5596387073342272,0.45150374885123773,0.7287949553632576,-0.3882445787270509,0.7837131020538667,-0.2607372290287574,0.522602349257905,0.3037007662834708,0.5689229426057332,-0.7338579406161313,0.6167140106010257,-0.2603985563775965,0.49010053780630936,0.1444449540053954,0.578995062145029,-0.5717222897491681,0.5758069732156549,0.3413927282775971,0.5751407385641226,0.6102982791402122,0.5510746870490052,-0.06401408049682644,0.5285996467050394,0.32699185412603465,0.7898647583988878,0.7079070021734075,0.6949204074673916,-0.4094025426348356,0.6546721807468662,0.011872115928814186,0.5650624601179975,0.21761482098436297,0.023337746013199618,-0.19597025082097178,0.011872115928815203,-0.2820001589110843,0.5336497561512726,-0.08767367087969244,-0.2768222602274596,-0.40232188611109937,-0.2820001589110851,0.001297656675578044,0.5566254970417305,0.18925490898901132,0.008228212064342393,-0.19281563828758072,0.0012976566755773936,-0.023462685056214686,0.613640950477394,0.19317827628568132,0.030936461461262707,-0.24588063779938446,0.023462685056213697,0.5238795682673891,0.6457133925359756,0.6621268865569416,0.5747750475242418,0.28578296622147864,0.5238795682673891,-0.34370922020993117,0.04715260708947595,-0.2580179963460537,-0.3369549492595383,-0.33173019430332984,-0.35907370366789554,-0.02477290054423022,0.02599193483707181,-0.020108749781452873,-0.009677697131274766,-0.04115049521174916,-0.007824064084375927,-0.6040356829177117,-0.16968491558957396,-0.5572540358623657,-0.5606349935095746,-0.5622340239195815,-0.5578593595311946,-0.4351799905153124,0.009759481343375712,-0.3045273507304682,-0.40747395398990205,-0.4526737049381662,-0.43108753282366,0.239681854056925,-0.05765299434641234,0.26283050444387424,-0.21451843019551778,0.1661664493671906,-0.22482501336652855,-0.3351423794958058,-0.10556070386802931,-0.3116081574472937,-0.23101858187090132,-0.27453130024037614,-0.24044083838440822
acc_y_mean,-0.46833540567261517,-0.17456994382873223,-0.2938470330789382,-0.0949869307480639,-0.26473035585039206,-0.04370612423892318,1.0,-0.16275623239526346,0.24295403151980657,-0.15774270803283336,0.40257157362016066,-0.1360618827927786,-0.10447041371273566,-0.17894872382172014,-0.17472726397089652,-0.13793797607972763,0.08360880926170824,-0.10609691961876005,-0.39498462239889276,-0.012498229733252337,-0.298286728066771,-0.04942194188585952,-0.30781599317068303,-0.04917528091312765,0.0905439381770983,0.08159301364662962,0.12122177437877904,0.11648814490899775,0.06008119655208458,0.12224016328173498,0.3266454117966329,-0.10851940711677706,0.10591799123235464,0.06702966435685542,0.42380026405407056,0.06856714197751786,0.29788884545615885,0.0838478765699751,0.3281055748331893,0.3023902264244101,0.19343279391428703,0.29788884545615746,0.20185061355083678,0.03274288010323566,0.25697008103023183,0.2039515350006326,0.12461807851533128,0.2018506135508369,-0.3394288808529433,0.11873402129175928,-0.2412282051167035,-0.33543822290407815,-0.34017990953152,-0.3394288808529425,0.1702767528175316,0.13540830541828586,0.21531323081495338,-0.1697498987298184,0.09072208230041978,-0.17027675281753127,-0.04170137485992904,-0.10905481754497755,-0.06399582515363887,-0.05081636124065518,0.060859341303501964,-0.04170137485992896,0.03992472471191082,-0.17509195145011536,-0.014558458001519281,-0.025099857662490146,0.09823613792717346,-0.009558852357031435,0.0044577591011630315,-0.04615062882857982,-0.025232047770343036,-0.025504645396700304,0.03039835300055067,-0.025843800455393712,0.05126292140705861,-0.06883909816277196,-0.013166204297620328,0.07472358237897686,0.05765215826280133,0.07998838196990586,0.0365489870644984,-0.019740322140012912,-0.021885992975045968,0.04486239310876155,0.043193820687867916,0.053417989436674626,-0.055640945649230444,-0.014161968968264287,-0.06394055298368694,0.04228594898325234,-0.013380578411431324,0.04739814083543913,-0.04255753731671649,-0.033129843182272495,-0.06390764145562045,-0.005535995737037462,-0.020416392245477578,-0.0006054424508368241
acc_y_std,0.014662301002085093,0.731514665850703,0.6506571296349044,0.6666872873274625,-0.4824068652630907,0.5596387073342272,-0.16275623239526346,1.0,0.8216628410961364,0.9169593985047465,-0.8988519081921129,0.7602789149195781,0.2863400894575349,0.7413057664019386,0.6985723148200023,0.7124581916628008,-0.49455167868450123,0.6028357043704144,0.03536986171040356,0.5383793907329208,0.40450400668192144,0.4817813691103917,-0.34796563165051403,0.46807472768137853,0.27528965780164694,0.3918388879711479,0.42641721830449963,0.2989967862267708,-0.12767466965757268,0.2814961262134393,0.1052291198101223,0.4347710933746738,0.39642701369441535,0.3283491007869073,-0.3106278351819775,0.30530395097623436,-0.040326901248908115,0.2989922781573024,0.08965121830200784,-0.03327615773862519,-0.12494550808692617,-0.04032690124890848,-0.11812370138846101,0.25045454670528355,0.003053600670945607,-0.11505277644992701,-0.15488621888100976,-0.11812370138846152,-0.022684072152768547,0.2979291449807081,0.056491285060962425,-0.0189061184516925,-0.1571361801039475,-0.022684072152769075,-0.05496661919048115,0.22629841461849745,0.045793482963535456,0.05674432608557236,-0.11591069016471427,0.05496661919048084,0.44016417770538435,0.3387733546764999,0.4459374131330666,0.44779647233893155,0.3609462733088312,0.4401641777053835,-0.1972137661652498,0.14698295318337967,-0.09359628735237681,-0.2550035955741967,-0.21862468461700146,-0.28228435125465207,-0.08447205343538604,0.10454622792617922,-0.049532612910726484,0.04454695294223702,-0.17359252947824397,0.042894243782900805,-0.4542712538746623,0.05345130820364227,-0.340599595664891,-0.46473909562521476,-0.4862690937270423,-0.4741353204394125,-0.3059897975092599,0.18762558153897105,-0.04819731569832855,-0.2678344241022594,-0.4873647700886516,-0.31339772007141586,0.24317246561754785,-0.03189875313924968,0.280048020773661,-0.18174640717692017,0.15959994147529447,-0.19346801126259927,-0.28097746396714895,0.0015090899997359634,-0.22119768034992165,-0.2094417789636105,-0.3335570225019983,-0.22914099047108216
acc_y_max,-0.16191363364150552,0.5429032582727623,0.4182233188923925,0.5163510746877908,-0.54057961025377,0.45150374885123773,0.24295403151980657,0.8216628410961364,1.0,0.7395470201115083,-0.5894672828851334,0.5844968142131558,0.2870213898094962,0.6748374318226246,0.6541406848780356,0.6464584140531168,-0.46044523178047864,0.5295511774727593,-0.14514502436808907,0.44682695578738085,0.21011336932091026,0.38031828111424093,-0.42506822262180777,0.36948029172574975,0.3026150432395609,0.3914605270379011,0.454736203507905,0.32835835914532757,-0.08275949104658467,0.31465673730653776,0.13597434111971837,0.3319322367390699,0.354066249044535,0.27141503070665407,-0.1662180540677484,0.24925101824245616,0.11424716596661705,0.23880848332907936,0.2205693360892585,0.12068421671522946,0.013289657948935094,0.11424716596661641,-0.042053387604035736,0.1967600076796918,0.06373559582287792,-0.03896010612683087,-0.08580481061085328,-0.04205338760403664,-0.13618922130306443,0.23945922493918756,-0.05549897045679479,-0.13256440763542535,-0.23018269272937317,-0.13618922130306363,0.047969431380848464,0.20859590305168102,0.13824504653599998,-0.04637304179853716,-0.026212299568697597,-0.047969431380848526,0.37463451853460855,0.22588867336125187,0.3546688093187352,0.3731571884487033,0.3698562777496098,0.3746345185346085,-0.15334231924033048,0.061043047820213026,-0.08688554035098081,-0.24166604958379126,-0.1501028191475102,-0.2614358176992095,-0.0749409392149017,0.07540718949343479,-0.05688391100254236,0.025186736676816302,-0.14491068766626486,0.024131106756436753,-0.36816683353290763,0.05391108323553408,-0.27938116280490416,-0.37710781944598487,-0.40360078081474576,-0.38481502579830507,-0.22648188162986554,0.1826663226861015,0.0029762982152704343,-0.18788347815523188,-0.388588006895745,-0.22719219696281406,0.19073354172611848,-0.04577102881072929,0.21402228995807232,-0.15034731370607984,0.14142787520417535,-0.15788339538780966,-0.26510058808033776,-0.0003524033771745943,-0.22438389887785173,-0.17308737075322797,-0.32358773433876337,-0.1921606309042222
acc_y_rms,-0.045222458484984344,0.7042646592401065,0.5548978579320983,0.77779205105419,-0.5477958152315217,0.7287949553632576,-0.15774270803283336,0.9169593985047465,0.7395470201115083,1.0,-0.7901794512069521,0.9438292507987256,0.0879778136331631,0.729212189162406,0.5957902693303782,0.7423523823268984,-0.6283785254120609,0.7057504464522121,-0.002932071207400495,0.5935091215284254,0.4146496345435365,0.6140451505464404,-0.4158275345778994,0.6025028918806139,0.303746367653008,0.4839465781226918,0.5077477362677959,0.39138208810221164,-0.13852183726580175,0.3690956646358242,0.22926461108333318,0.6137895107637859,0.5689855004716016,0.5159205324923085,-0.3392755464452575,0.48673562683839267,-0.1277661528238958,0.46537867858517545,0.048220649732152024,-0.11817274364331985,-0.2643336217802906,-0.12776615282389572,-0.20835931279710096,0.3773848421073503,-0.05845393258309167,-0.20493499990712805,-0.27556972104576344,-0.20835931279710107,0.007984480578048377,0.43131921235884896,0.14189997101528537,0.014040383598266632,-0.15935773028847186,0.007984480578047796,-0.14798963180959293,0.40317505892453537,0.0058023352399322325,0.15191048670069862,-0.27004589916907085,0.1479896318095927,0.5245889837226639,0.5019582488519219,0.5804272635071953,0.5492305384126437,0.3638912323164208,0.5245889837226637,-0.3011591432336913,0.058062595207885655,-0.22099802822590858,-0.37691194896701097,-0.29708899840821423,-0.40142763166261597,-0.022197810294650674,0.0333680446454336,-0.01675918491013725,-0.04686619249389602,-0.07327727011892608,-0.04486486518035229,-0.5985012926840918,-0.051776782707811136,-0.503444543377954,-0.5831037283351472,-0.5997778088190723,-0.5879219335397485,-0.3772669723194879,0.1044968439809209,-0.16115906863118176,-0.3651993438535049,-0.4975021136400636,-0.40511308354646386,0.2655279663806258,-0.06729484434602147,0.28668877623327493,-0.22730300964569677,0.1887774555388871,-0.23825022274932464,-0.3257791649560492,-0.0873369633518406,-0.2983922958268015,-0.27597785866101643,-0.31607398850512547,-0.29114372806866556
acc_y_min,-0.11273899723527232,-0.6888078895768743,-0.7200274445615759,-0.5409513779392234,0.3036275621342663,-0.3882445787270509,0.40257157362016066,-0.8988519081921129,-0.5894672828851334,-0.7901794512069521,1.0,-0.5915143518327692,-0.35762232035940755,-0.681694878843128,-0.7093979915094001,-0.6121547983857172,0.35366417930558997,-0.4496553513779227,-0.11767748826597976,-0.41012450344923357,-0.3868082024118162,-0.3414890024268819,0.1842862204630302,-0.3309039225980011,-0.20337356985919772,-0.17850683775865206,-0.2512804348113977,-0.10775064769190733,0.07619308835336516,-0.09715049653702083,0.06355223040243667,-0.25660241994037486,-0.19700728822476118,-0.12301824504729966,0.2916466930854041,-0.10437037025195034,-0.008464237204460535,-0.09924537263587214,-0.06730160341385939,-0.01127988148550013,0.013591216236808099,-0.008464237204460058,0.0022642564497056218,-0.07017571738533615,-0.049166446660324756,0.0010971437069665043,0.006813557700260893,0.00226425644970606,0.037448269215638645,-0.10911354277521396,0.020186989633975968,0.036810464203075995,0.10915199486718796,0.037448269215639526,-0.03543924650232454,-0.04628924752201005,-0.06560609052915874,0.03521223320861938,-0.026844348692969366,0.03543924650232485,-0.2834555240904052,-0.19628249734774889,-0.2802607609839723,-0.2859760768405243,-0.2575461941613889,-0.28345552409040536,0.09575564044524001,-0.1988420572263913,-0.019548497557939797,0.13200357762084214,0.13207311197802366,0.15841473615370263,0.115097905046787,-0.11954484208034129,0.07359395271938204,-0.10546288128734557,0.22147118737688476,-0.10321957871964293,0.3029534274371303,-0.08434805991791292,0.2026200963367248,0.33819368622281104,0.3376396709511503,0.3458189543644576,0.2254446900667635,-0.1650615790594132,-0.009260267509056634,0.1937742878390526,0.40782629614544735,0.23089957693664864,-0.21920365539856249,0.04268129769350099,-0.25630067815691765,0.1518254598763123,-0.1512342647539981,0.15793039644545184,0.19236406816194493,-0.04153423843593708,0.12735481618050018,0.14977743161905935,0.2714187276874443,0.16698118528903788
acc_y_abs_sum,-0.09015369228758362,0.6076089573777405,0.40498982381307985,0.7738915030752296,-0.5527146468880684,0.7837131020538667,-0.1360618827927786,0.7602789149195781,0.5844968142131558,0.9438292507987256,-0.5915143518327692,1.0,-0.0801324191434519,0.6333907105424563,0.43166645517688956,0.6915890709531541,-0.6708137438950931,0.7373001555969547,0.004604890316975956,0.5996369475604619,0.4177015640187081,0.6747050717374035,-0.41739269888246266,0.6626678961966133,0.2796180802463496,0.5196855005375536,0.5145319699318716,0.43419306542204905,-0.14210015538500778,0.40955453567058014,0.3385954041317207,0.6969901190700116,0.6621975596432024,0.6252978173864541,-0.31396018463893605,0.5960922347623814,-0.22158601516025778,0.5749598708380683,-0.015464363708530923,-0.21028448459692992,-0.38331397123890765,-0.22158601516025772,-0.27786840476556895,0.4578569193701119,-0.11013338391093466,-0.27425106588831316,-0.36176325999260905,-0.2778684047655688,0.05429220419126114,0.5211479141844246,0.22050388034565224,0.06202141705705191,-0.13707513003889324,0.05429220419126057,-0.2410197621624154,0.5118780834682951,-0.05215420953577692,0.24615198366787266,-0.39401518490030574,0.24101976216241439,0.5476500175107752,0.5744798314051818,0.6262121059645092,0.5800940934754193,0.3333537773794133,0.5476500175107748,-0.36162515440122434,-0.01972004938473046,-0.31029674232549426,-0.4450001881262667,-0.33935947372697983,-0.46496231049754433,0.04282168520828731,-0.036581965301793966,0.02412083827876153,-0.13416100337622572,0.03700271661370819,-0.12884978895228436,-0.664388141348341,-0.12439815783767548,-0.5881325317503999,-0.6240623208886886,-0.6423347401141846,-0.625830641581701,-0.40280210575084996,0.02840400924686068,-0.24373023613228859,-0.4177292063309041,-0.45445406824758733,-0.45059879588525464,0.25209480899657005,-0.07028904605604024,0.2605029268188584,-0.233093595091288,0.18037351456205863,-0.24492094441768655,-0.3265390270256826,-0.16121943809928851,-0.3295978073500679,-0.31178187887568926,-0.2548288929760927,-0.32024128243156513
acc_z_mean,0.13082749892579001,0.1319053096394916,0.2886737276596668,-0.12537501095189357,0.09753613436033175,-0.2607372290287574,-0.10447041371273566,0.2863400894575349,0.2870213898094962,0.0879778136331631,-0.35762232035940755,-0.0801324191434519,1.0,0.37897153125669486,0.5858014555013364,0.22104595058632637,0.21622675049273923,0.022091539660095718,0.13208278772300283,0.14976899210990727,0.2308832052944195,-0.02928006082206564,0.05734709677679399,-0.07114019599261706,-0.11947070408784279,-0.08682514594770176,-0.17290452267591802,-0.11937250597436602,-0.14120294222595284,-0.12292106104224819,-0.39235891021688574,-0.2869481605550319,-0.37251999526053275,-0.2610823643944901,-0.138983565536136,-0.25527188394009637,0.07142108744803521,-0.20708241109373948,-0.012310957041053798,0.06831288796248476,0.12765056749603013,0.07142108744803471,0.11065908591938788,-0.20962234251288991,0.023072494468000495,0.10875302835820984,0.15094717323379034,0.11065908591938796,0.04845748393991784,-0.24176956697373495,-0.039287269014932236,0.04607328101193851,0.12566728060545476,0.048457483939917737,0.11816798324231831,-0.20018337323992205,0.0461573201384066,-0.12084156210717382,0.17648883232440865,-0.11816798324231827,-0.2133204138945969,-0.17673126448085344,-0.20705471285379987,-0.21609363134058193,-0.13546453702225883,-0.21332041389459688,0.04618457172399865,0.3455735538259362,0.1597633087138738,0.2040637484579886,-0.05198370190974132,0.18057726601347265,0.04176536418302443,0.3699509022491243,0.15523388667167984,0.03317865131811285,-0.1094184418543833,0.010158153178387776,0.25286589660418624,0.5099168318782891,0.4150372081737871,0.22459617936610876,0.08615945237830643,0.19082034228016231,0.26868901578070276,0.47943524314256053,0.504424312584994,0.34088739957953546,0.006016506813696753,0.28810654286735105,-0.17884168070758186,0.4040230395793585,-0.01931129501984877,0.2511260203309992,-0.286308988031451,0.2190017176292002,0.10247549721392797,0.2979162421278651,0.22763207623537193,0.16296189505340916,-0.09899036804667286,0.14268721670107767
acc_z_std,-0.0392066025285572,0.7085726467729205,0.6368213285441545,0.6290261512656298,-0.4724497078134153,0.522602349257905,-0.17894872382172014,0.7413057664019386,0.6748374318226246,0.729212189162406,-0.681694878843128,0.6333907105424563,0.37897153125669486,1.0,0.9395424360686645,0.9468582148098654,-0.7493861943643985,0.7999380695135516,0.03376879070869519,0.4560648363221311,0.3527074482758923,0.38455200097739656,-0.2763095724009508,0.35988199839849,0.16311751886068931,0.2676098442987472,0.28799476601687696,0.1909259810801701,-0.12742358571615509,0.1733458330029156,-0.009177754055187752,0.3556743575228352,0.3004140473043094,0.2777707719081436,-0.34012936250674225,0.25675150614120884,0.10438553608645942,0.2175160003643583,0.20939489131271335,0.10976174498424823,0.017439590138120884,0.10438553608645963,-0.047320937112958136,0.16847422182019986,0.03344100837935287,-0.04579145627455039,-0.08619628341411219,-0.047320937112958754,-0.061131492048421075,0.23485513323852086,0.01246371036259727,-0.05829213068514937,-0.1619001609224787,-0.06113149204842157,0.11920576673115228,0.22109354483423377,0.21768252800528484,-0.11704338452014885,0.03667943336413697,-0.11920576673115259,0.3466639643655611,0.20424777690771748,0.3367116104046755,0.3467044103867603,0.3636228429659817,0.3466639643655607,-0.20908401015096442,0.1367893121428941,-0.11048845073008226,-0.23924315744646532,-0.22522447979411814,-0.266900663315846,-0.009213391083323736,0.1166382358621528,0.013095532490187868,-0.019166083306579856,-0.08762454849106069,-0.023046940822852618,-0.3890585240630199,0.10673281206029198,-0.28271292850694574,-0.3816806474802693,-0.44904364144183256,-0.39145915321609953,-0.21523086868321661,0.13581056591174678,0.007405708828170189,-0.2216818375454022,-0.323819071780413,-0.2595830341110927,0.17276351541803678,0.018612802847696383,0.2386653922391787,-0.11192907438775837,0.10807412706146588,-0.1238206540827396,-0.20174360986842477,-0.03177398158437046,-0.17708486517928004,-0.18934583361638924,-0.22977602723656915,-0.20313848909910032
acc_z_max,0.012500259608281775,0.6418757043587254,0.6640252341560596,0.4544679392522581,-0.34038474582245687,0.3037007662834708,-0.17472726397089652,0.6985723148200023,0.6541406848780356,0.5957902693303782,-0.7093979915094001,0.43166645517688956,0.5858014555013364,0.9395424360686645,1.0,0.8410632971578869,-0.5396172816079312,0.6209122816775045,0.05525271277614309,0.3470628091380451,0.2981062507153679,0.22234341028214427,-0.17577804291503135,0.19618311763435783,0.11590384067444816,0.11586427706144459,0.1569408174745717,0.0534435097724179,-0.0997936716228821,0.042147187422503174,-0.15764126681894003,0.1362237721137023,0.0906876923427604,0.05638546518896581,-0.2726739923729494,0.04167974284021189,0.19323044497702999,0.016541648746463602,0.22944735857052503,0.1950567906854779,0.16352737919768717,0.19323044497702999,0.07336631997183546,-0.008996677503161904,0.09621358269030694,0.07354873587438032,0.06874939951054321,0.07336631997183472,-0.10010592583848041,0.043209662824642,-0.0907174368692768,-0.09991707998952963,-0.13691261006180885,-0.10010592583848067,0.21800608756051273,0.032145774750499304,0.24995594348041922,-0.21810860399988452,0.1943477395553522,-0.21800608756051296,0.19812006377917707,0.02828611772608527,0.1560778555861381,0.18591086671738175,0.28777650557210177,0.19812006377917712,-0.08685572576378474,0.21190518751174722,0.02586827257764537,-0.10445743425850498,-0.12673274286721056,-0.13329604174732204,-0.04785940735713089,0.16590805405541512,-0.005590081446300515,0.04260420822723575,-0.15249814009336213,0.03571132732532879,-0.1989694968913623,0.2028922122717397,-0.08379077193652691,-0.21760803172128215,-0.28148530305111547,-0.23030722885616497,-0.09323062397897236,0.2038527059516581,0.14902090191755843,-0.08103941040676037,-0.2439456618713862,-0.12101969670873325,0.12364636414847656,0.05312995411065361,0.19777348113452944,-0.049757361268294734,0.06096736872917502,-0.06067413412492368,-0.12726272333781466,0.049657471637441955,-0.07991530925801918,-0.10919596391342108,-0.21190170831631616,-0.12539863242206412
acc_z_rms,-0.044578908270188976,0.6650764769759414,0.564247704934212,0.6447332225312977,-0.46973926960653956,0.5689229426057332,-0.13793797607972763,0.7124581916628008,0.6464584140531168,0.7423523823268984,-0.6121547983857172,0.6915890709531541,0.22104595058632637,0.9468582148098654,0.8410632971578869,1.0,-0.7830106418634402,0.9382965362925856,0.07265081584539723,0.4526056624695647,0.3712056733080512,0.4191914149702069,-0.23984616547410761,0.3944211715727866,0.10786112782270542,0.36185573305503893,0.29688976862514066,0.24710794678316234,-0.21377912792617412,0.22475149991283447,0.05729388800179559,0.3954523375178503,0.356007965533515,0.3157208591315439,-0.3097383067262227,0.295140395395425,0.0388323756200612,0.25045743134704895,0.1510293644206336,0.04328829226607589,-0.049793548782953216,0.038832375620060956,-0.10913850118873167,0.19650914337450168,-0.024551623100766605,-0.10807680450323343,-0.13917461116517102,-0.10913850118873207,-0.04056520409650916,0.2653100143497162,0.04258093773661039,-0.03770896967415743,-0.1507384189330613,-0.040565204096509135,0.021494044304986443,0.26077675973345166,0.13460356475457882,-0.019125342330005412,-0.06546399030361237,-0.021494044304986717,0.38672540461237825,0.20233896582511565,0.35959374397643884,0.38237231219336865,0.4188680060376831,0.38672540461237903,-0.303891229383213,0.033924848939457006,-0.23758358502516413,-0.3606238529821352,-0.2909514628525259,-0.3838186082535823,0.03130735730621566,0.07321250201621313,0.037128267287573076,-0.08295471440532891,-0.021107812012424235,-0.0850516392094377,-0.5090528951570069,0.06046092229858364,-0.40146658951110403,-0.47880103520221723,-0.5549702808209002,-0.4889054312790867,-0.27486272658119276,0.10848035998585522,-0.06526435005765309,-0.294252701550057,-0.35369432998350725,-0.33528552611126194,0.18348145649529962,0.03190381209500039,0.24678703062712123,-0.1337803414979819,0.11339221076263192,-0.1512170623331912,-0.24650984833668807,-0.10953784615769543,-0.25018536799415486,-0.25635742132418116,-0.22359007931698277,-0.26584008467285414
acc_z_min,0.1386791199400191,-0.6552955966487832,-0.46072592579505023,-0.7578656117455268,0.5979665701632654,-0.7338579406161313,0.08360880926170824,-0.49455167868450123,-0.46044523178047864,-0.6283785254120609,0.35366417930558997,-0.6708137438950931,0.21622675049273923,-0.7493861943643985,-0.5396172816079312,-0.7830106418634402,1.0,-0.7722265326273042,0.0819591423151364,-0.404350116650392,-0.21517715835895718,-0.4511292316883588,0.36220223049430184,-0.4478438362064355,-0.2410269299550768,-0.3103026615627672,-0.40139741257089845,-0.27770081150534465,0.00044730400178593656,-0.26410578701887283,-0.2834954156396327,-0.5899643512844017,-0.5839471819262153,-0.537354232607519,0.2736742402620116,-0.509952418410464,-0.0753226817373007,-0.44122411161559233,-0.2630058075290281,-0.08529841084995965,0.0873394943570002,-0.0753226817373016,0.13693483586245186,-0.3748355779736566,-0.02322992771331719,0.13317108513920695,0.22987384383567316,0.13693483586245286,0.06761848633936195,-0.47267062981743335,-0.09254788913410104,0.06153638319843932,0.2422229946990623,0.06761848633936225,-0.08164199877671915,-0.45373793814135477,-0.260867540221818,0.07611380950586431,0.08022831128292679,0.08164199877671986,-0.4883324316052817,-0.3991636037353368,-0.5197495699113512,-0.5043446756829834,-0.41515733738640315,-0.48833243160528267,0.2137802129184697,0.023692560624574477,0.17173646452142427,0.304021772493206,0.18891591641811029,0.31872718175311054,0.04571825184835591,0.08736604593020193,0.07782572350578773,0.017268689238354964,0.024037417923875433,0.008712981834606571,0.5236201296682579,0.1849097080814886,0.5131926463425437,0.4953381121239931,0.4890634761392044,0.4864754297597092,0.39010418897551213,0.14544357821426407,0.3181614850080003,0.43232986256962475,0.3197571340423679,0.4376683351274242,-0.2839975473476634,0.175970504238905,-0.2713783571102961,0.2521305727342815,-0.25625708345774667,0.2498026665245267,0.26667312965788476,0.19729345298404877,0.3032230851318139,0.2773995265934456,0.16144076057118337,0.27971371310833687
acc_z_abs_sum,-0.05350049943802805,0.5631002572520512,0.41656086675401677,0.6360122412429963,-0.44737463190940274,0.6167140106010257,-0.10609691961876005,0.6028357043704144,0.5295511774727593,0.7057504464522121,-0.4496553513779227,0.7373001555969547,0.022091539660095718,0.7999380695135516,0.6209122816775045,0.9382965362925856,-0.7722265326273042,1.0,0.10330081994204389,0.4560132261404278,0.38907758385520447,0.47797407326256386,-0.2161536597337043,0.45344721574546215,0.050333660865062024,0.4509343734437524,0.30594664507149744,0.3096579726979338,-0.2757977928565902,0.28263874089208396,0.14227544724118407,0.4674216204566729,0.4271531335131264,0.39886452346757856,-0.29615780494106414,0.37796973773003456,-0.07803614285442556,0.33615489123463854,0.05295118092481995,-0.0732208777473695,-0.18092655392080803,-0.07803614285442595,-0.20431420763889957,0.26908363837980653,-0.10673602035808445,-0.20322049109736093,-0.23763152578797206,-0.2043142076388998,0.011935045202825,0.3365041393547165,0.11918579360286274,0.015730722756221473,-0.11733091280729577,0.011935045202825172,-0.11916439709625609,0.33673116243359963,0.01741097041291539,0.12211676213736754,-0.22135616311936193,0.1191643970962559,0.41240916925131715,0.2585087287155675,0.40182548048888145,0.4136467115963519,0.40861759924370644,0.41240916925131726,-0.3993974246670125,-0.06552762224603569,-0.36549939636711243,-0.46019454162807377,-0.3593412944532199,-0.47768037883066233,0.08783326517797596,0.024771574556456507,0.07737531070424841,-0.15591264035684188,0.07017992079184418,-0.1560991745310399,-0.6180107894801226,-0.0034134950550814887,-0.515252870791306,-0.5587322864458485,-0.6406205638223298,-0.5688706215525333,-0.33566306015979064,0.06353543187300208,-0.16630825570242574,-0.3669477758013439,-0.36668630195381885,-0.4066689242278316,0.176594975080753,0.0568159022875109,0.23585199272089874,-0.14609825214563735,0.09921208667814009,-0.16955444549025583,-0.2761573302269852,-0.18570246940000584,-0.30592115551716803,-0.30160468567824655,-0.19044771391371929,-0.3053535584676291
