,acc_x_mean,acc_x_std,acc_x_max,acc_x_rms,acc_x_min,acc_x_abs_sum,acc_y_mean,acc_y_std,acc_y_max,acc_y_rms,acc_y_min,acc_y_abs_sum,acc_z_mean,acc_z_std,acc_z_max,acc_z_rms,acc_z_min,acc_z_abs_sum,gyro_x_mean,gyro_x_std,gyro_x_max,gyro_x_rms,gyro_x_min,gyro_x_abs_sum,gyro_y_mean,gyro_y_std,gyro_y_max,gyro_y_rms,gyro_y_min,gyro_y_abs_sum,gyro_z_mean,gyro_z_std,gyro_z_max,gyro_z_rms,gyro_z_min,gyro_z_abs_sum,quat_w_mean,quat_w_std,quat_w_max,quat_w_rms,quat_w_min,quat_w_abs_sum,quat_x_mean,quat_x_std,quat_x_max,quat_x_rms,quat_x_min,quat_x_abs_sum,quat_y_mean,quat_y_std,quat_y_max,quat_y_rms,quat_y_min,quat_y_abs_sum,quat_z_mean,quat_z_std,quat_z_max,quat_z_rms,quat_z_min,quat_z_abs_sum,encoder_angle_mean,encoder_angle_std,encoder_angle_max,encoder_angle_rms,encoder_angle_min,encoder_angle_abs_sum,grf_x_mean,grf_x_std,grf_x_max,grf_x_rms,grf_x_min,grf_x_abs_sum,grf_y_mean,grf_y_std,grf_y_max,grf_y_rms,grf_y_min,grf_y_abs_sum,grf_z_mean,grf_z_std,grf_z_max,grf_z_rms,grf_z_min,grf_z_abs_sum,grt_x_mean,grt_x_std,grt_x_max,grt_x_rms,grt_x_min,grt_x_abs_sum,grt_y_mean,grt_y_std,grt_y_max,grt_y_rms,grt_y_min,grt_y_abs_sum,grt_z_mean,grt_z_std,grt_z_max,grt_z_rms,grt_z_min,grt_z_abs_sum
acc_x_mean,1.0,0.06896615821010824,0.4637626211889604,-0.07161631067514045,0.596833879112249,-0.12854072989614687,0.9222402928190343,0.2093342464291978,0.6432517571688439,-0.0636278263294189,0.5882627498192159,-0.14617021388573903,0.4457187898475764,-0.06565719318164322,0.03142946087101467,-0.16511074938506082,0.19642095951164013,-0.255774800582425,-0.09497797208435022,0.33422167213634313,0.1769800104558095,0.3162249866740322,-0.2561782019503662,0.3008790628055971,-0.10255620843433304,0.19746961371312044,0.014321633092926968,0.2097294896421024,-0.2625784365705121,0.23274687341851602,-0.47619091231724797,-0.20121196473097466,-0.3824041565195585,-0.2964498026973512,-0.4367115149136969,-0.2612662375603306,-0.5032737073381574,-0.11559640077478105,-0.5622056795184779,-0.5081314664642422,-0.347895481425084,-0.503273707338157,-0.6045222603320698,-0.10437637651459816,-0.6447935206299996,-0.614105784617057,-0.4172574940080424,-0.6045222603320698,0.46525628651357204,-0.2914916855443291,0.2762564523057002,0.46019748509453834,0.5116743344049567,0.4652562865135712,-0.647566194899744,-0.3093325890605787,-0.67696062194277,0.6393526667211804,-0.4644858560001922,0.6475661948997434,0.09104318757998078,-0.07385424468349014,0.029636726829769013,0.08288434790494636,0.11992724497655471,0.09104318757998106,-0.08697525327926202,0.2212455784892356,-0.05135102432246458,0.0802611880402082,-0.16441960989425589,0.05808415043621579,0.06207285872687424,0.25932675958067886,0.15840723069637616,0.15624734025748124,-0.08173658271886813,0.13957865815100098,0.14384973079132177,0.2954093214922661,0.24877862715975047,0.13325249773429823,0.06013483213458689,0.11241873053937158,0.10810191567626679,0.2863396678258892,0.21128780469734854,0.16488660455097282,-0.01690571194217198,0.1393188066430675,-0.11536914211333725,0.2964896624617101,-0.0014590755656210778,0.1814189809690793,-0.21441616247066106,0.15494653888242954,0.081003746454964,0.26927092683017884,0.19293356199827025,0.17635513895819102,-0.10595392315346139,0.14990075612088327
acc_x_std,0.06896615821010824,1.0,0.8446087399536383,0.867787806251281,-0.6825301149778907,0.7458934772588915,-0.020209197041352878,0.7118869164503236,0.5330951649279683,0.5816447258264996,-0.5175852557711277,0.518925367421923,0.22855604107688576,0.8080718864772284,0.772527916192716,0.7809530994873704,-0.7032533171191038,0.7141939426684148,-0.1229831633880066,0.3261162053762922,0.24139135017108293,0.2987589839980695,-0.27062816511738813,0.2959802308385542,0.16249884369296003,0.31535050165440753,0.3182303970745508,0.2924748757686535,-0.12891935337857166,0.27618336085797945,0.20980275890003347,0.5127278100171657,0.4581444957403131,0.4456404433554384,-0.25912224675004814,0.4223585966711172,0.0627131806820274,0.3451222135040608,0.2197302836536443,0.06695051625072357,-0.050555210866266576,0.062713180682028,-0.029470817366266076,0.35973658339163483,0.15750765646666398,-0.019419838891354686,-0.14158360861115116,-0.029470817366266135,-0.02979621728349001,0.3723818461375654,0.11538424839548699,-0.02609248978757346,-0.1998458561891528,-0.029796217283489683,0.08211648641650221,0.37135832169914956,0.23555785183719116,-0.07630486282240273,-0.025952462985520147,-0.08211648641650202,0.19341561625866746,0.3051016296743514,0.26429513829210943,0.2142617311418148,0.08596303693575011,0.19341561625866774,0.14286199337301658,-0.014759228810906038,0.19356619017502874,-0.3427319818420241,0.1433301635374961,-0.3584645714463049,-0.28365194916857384,-0.14990311117046914,-0.24170466611256777,-0.12346960926832488,-0.27340429688326023,-0.11183808434546819,-0.5591269593475473,0.0032754633541190277,-0.46256549533071584,-0.5300478868625197,-0.5833275026355182,-0.537374030427515,-0.41541487257163806,-0.14821511638427246,-0.34125047540903497,-0.3806101116324861,-0.4449580661005723,-0.39711997696114876,0.41891425045782205,-0.08156012180680686,0.4592158966252607,-0.3740372157860283,0.2939726526573846,-0.3978285851105271,-0.286602800513117,-0.24779550477862006,-0.30080288436618224,-0.37742375424745317,-0.15399258767007176,-0.3809594489122812
acc_x_max,0.4637626211889604,0.8446087399536383,1.0,0.6144560624838926,-0.25947604766288496,0.45182986873940534,0.38331418185567856,0.571807068644906,0.7203703234329656,0.317818557445028,-0.07666061283346969,0.22135862188251243,0.45319886237051676,0.6651338916282874,0.7541406746406956,0.583738681062099,-0.45433131812197114,0.44309626296640425,-0.0007825921274033302,0.3269273925058114,0.3538068145051737,0.289155848609562,-0.18817042520117236,0.2818087770007796,-0.04392304644195364,0.20929271866688287,0.08906432125357053,0.18120775064541422,-0.2364462017870169,0.17937084308913234,-0.14738418207425272,0.18322602293414575,0.06637157760230514,0.08821867885918969,-0.39546674383846486,0.08927666231370888,-0.06483289537223658,0.10250605390197289,-0.004192857477159368,-0.06451863961107793,-0.06421341132069414,-0.06483289537223616,-0.19266098027097908,0.10909016181001867,-0.11560552173236918,-0.19123328496894326,-0.16946490951956444,-0.1926609802709796,0.09316474725855028,0.04836076828758674,0.08446818657750992,0.09235396387660301,0.03332265168923806,0.09316474725855012,-0.12170775774689889,0.06150159541116005,-0.05110121595548748,0.12080845884828176,-0.09888882707345191,0.12170775774689928,0.1061900525864077,0.10100311312213427,0.1152547690052931,0.11325539601262702,0.07129658407313452,0.10619005258640786,0.10302290048038835,0.1191090726388233,0.18520784718032945,-0.17807564199879136,0.06355242825097956,-0.20151412425496176,-0.18817554560422028,-0.001824057873398463,-0.11586961983537167,-0.026861750229191787,-0.2406929649534009,-0.02565535066505134,-0.3211487839322147,0.17266404704345278,-0.1914870929068943,-0.3238875628122205,-0.3854372560568875,-0.3392295036575353,-0.26168382496966497,0.01377160400254137,-0.1650226303142366,-0.21098242375739898,-0.3412520194721817,-0.23437092280622354,0.26036963974393995,0.07023603196937658,0.3411588248140264,-0.19987693693339298,0.1210096064737771,-0.22917074331902895,-0.17197462674334682,-0.06488144151490163,-0.1314647713799391,-0.2018321188068723,-0.15129005965175518,-0.21543208183017035
acc_x_rms,-0.07161631067514045,0.867787806251281,0.6144560624838926,1.0,-0.7052006022686238,0.9720684849387098,-0.15101150137910455,0.7478047672615487,0.43550084168939435,0.8193899676726889,-0.6195211169177159,0.7983964007070242,-0.1269743446374601,0.7497676840649539,0.5816970582675229,0.789299980270679,-0.797997886844324,0.8216219223432396,-0.3485629543806782,0.4228765062428777,0.07811377986375814,0.41777749737278685,-0.46219991845420444,0.41325036785374136,0.24697785152985688,0.48025474612602626,0.4970239417450663,0.44237448208901314,-0.15693704191192492,0.4209089849793107,0.34904486316446404,0.7393203978702142,0.652289535747715,0.629293605780183,-0.29756393539814435,0.5881889139602484,0.053131404457068515,0.46796543690574777,0.23413424006687317,0.05873138158845743,-0.11628703947102086,0.05313140445706914,-0.022233790636688504,0.47139307278526305,0.1950708983466261,-0.010747921416347853,-0.1935683712240593,-0.02223379063668881,-0.07631280460601468,0.5768870974718929,0.17987236035410878,-0.0696650804903834,-0.29788353254396593,-0.07631280460601425,0.11343788467902696,0.4891948179159973,0.27759030209262736,-0.10481990543333451,-0.060554547850641086,-0.11343788467902681,0.23981326911196374,0.5095069568927252,0.3890451389519596,0.28032082020960847,0.07337828276940232,0.23981326911196382,0.10885958960134631,-0.12607502032071177,0.10967439053751399,-0.479922926227063,0.14012611263998012,-0.4890580531874519,-0.3071553897423181,-0.1658006712768164,-0.26087920744596305,-0.14822404212964024,-0.287314457835188,-0.13565937219943872,-0.715998194408637,-0.10329014853777926,-0.6309199796531533,-0.6491034655205344,-0.7092770311809538,-0.654694376426604,-0.470674502099466,-0.16726057583742523,-0.3837699473602643,-0.4359402140457111,-0.49907193618577983,-0.4553400632835462,0.4685996640307912,-0.10785903033817942,0.49871617108725824,-0.43314909193421436,0.34039873714352026,-0.45967499772289605,-0.3303908550984582,-0.2941114560690082,-0.3518512964633402,-0.43169753674622213,-0.1625576748981969,-0.4366633581973484
acc_x_min,0.596833879112249,-0.6825301149778907,-0.25947604766288496,-0.7052006022686238,1.0,-0.6613982170230795,0.6206920033991157,-0.42048597269417376,0.040119283999678824,-0.4952712619390222,0.8631170462537555,-0.49862347408017055,0.10446597402721092,-0.6529169386231054,-0.551819989936193,-0.6961439904771433,0.6982118766054405,-0.709353987344489,0.06593521801445253,-0.06258159043108956,-0.05450617803303248,-0.0562278625664446,0.08845182349351,-0.0612034419498565,-0.2368903405351435,-0.11031899686342891,-0.2578302592614074,-0.07719582607997658,-0.10426204592183985,-0.04885847683599978,-0.4719525588647616,-0.5595782755578215,-0.6211440610281743,-0.5435973087210065,-0.07282781475700532,-0.49555515020046026,-0.38100079416536065,-0.34169412191158766,-0.5360667268387476,-0.38731175444137084,-0.18903446942399477,-0.38100079416536126,-0.39095855837302274,-0.32774643124345215,-0.5518390665745986,-0.4043053711019017,-0.1819487875281932,-0.3909585583730232,0.3452715732684583,-0.4955071812441232,0.09930025797163479,0.3387093580080026,0.5074108008500898,0.3452715732684573,-0.4796090109087228,-0.4719537192687619,-0.6083225954190408,0.47002086705326357,-0.2795691272372476,0.47960901090872254,-0.058069325810316236,-0.31763533572027147,-0.17467389532077413,-0.08504279112981884,0.05558550836096336,-0.05806932581031639,-0.1817068165576172,0.1689788909089701,-0.1925185211655661,0.3010048086452795,-0.23262206319878323,0.29571103667178444,0.25302361726178724,0.2868273961293756,0.28810091844367414,0.18551027682098228,0.15442847645360053,0.1646168876334331,0.4964758866259203,0.18773636264341292,0.5007046969790433,0.4687229507043519,0.4693948469644373,0.46029633974371786,0.3797744030733818,0.30613113350835325,0.3975038663604613,0.39061219860765123,0.3212114595635638,0.384237662804501,-0.39168091028613905,0.2645331595444779,-0.3477017826961374,0.39779879818420705,-0.3660098938762458,0.3964937231276439,0.26673697712528766,0.3673104359315256,0.3604744468248886,0.39723925249015674,0.053065517028760514,0.38121824879131466
acc_x_abs_sum,-0.12854072989614687,0.7458934772588915,0.45182986873940534,0.9720684849387098,-0.6613982170230795,1.0,-0.20349906011156796,0.7073747068759174,0.34133761223210285,0.856002946952033,-0.6250685732533613,0.8604947717512553,-0.2667633213383438,0.6597636722585408,0.4386919801866565,0.725425410314922,-0.7677511313587843,0.804547701913376,-0.44632395903394967,0.43605796074852965,-0.022702307910392603,0.43860671323535017,-0.5295877125390319,0.43379321612289484,0.3033110977116051,0.5205073701287275,0.5652304197702327,0.49535974824862905,-0.1279164606909656,0.4749125599583349,0.41251337818307904,0.7934253682116731,0.7064570684478236,0.689412560491747,-0.2768297412792445,0.6464701703433909,0.027733026242994573,0.5166631409355572,0.22028425593517503,0.03387333235120172,-0.1576275339480739,0.027733026242995014,-0.03185523105962842,0.5207987730841903,0.2024823442475586,-0.01980171349331795,-0.2228010836950813,-0.03185523105962885,-0.0715370115523415,0.6466137985087413,0.21676831092181542,-0.06387286151117523,-0.3167310337680346,-0.07153701155234121,0.10399839328202658,0.534984357882554,0.27649269998414067,-0.09430223843092643,-0.09176612707261284,-0.10399839328202629,0.269500192445902,0.5705604317461174,0.4348367187108382,0.3142547167160092,0.08110447869410319,0.2695001924459021,0.08191960020060987,-0.1775747466629332,0.05604773122444471,-0.5181720940812046,0.12987380389896197,-0.5231513909107355,-0.29765504497619044,-0.1680908941748564,-0.2563870390545871,-0.14983600282790863,-0.272276486951524,-0.13712496419727452,-0.7390651201113657,-0.1575483544070443,-0.6703825742694653,-0.6561260004088912,-0.71374565208115,-0.6593162985043942,-0.4660488568025261,-0.17347676783353883,-0.3833784877093718,-0.4341016255236571,-0.48761877138611753,-0.45253275473282023,0.46332120790016706,-0.12074697187544156,0.48402354490144883,-0.43168918385749916,0.3464322242613737,-0.45667095835228017,-0.33116090998276654,-0.2997397134242338,-0.3566188680590657,-0.42863935681973625,-0.15665389016176162,-0.43309286519393025
acc_y_mean,0.9222402928190343,-0.020209197041352878,0.38331418185567856,-0.15101150137910455,0.6206920033991157,-0.20349906011156796,1.0,0.1587959388037005,0.652831731069208,-0.10584250928032514,0.6790418392661647,-0.19164800966090503,0.4417769941702824,-0.10088304214094229,0.00019886193813308951,-0.19941765289602656,0.21219119403866682,-0.2900065654831027,-0.05262001140081356,0.26817300182970955,0.18063773778253958,0.2652659883519509,-0.17402403502556957,0.262198337867407,-0.2631470503037299,0.20238843331657583,-0.09509535193803445,0.14938528033840362,-0.3988098736470502,0.17038061606105823,-0.5464805005539647,-0.2607076146044754,-0.4521100708445451,-0.36136087314428444,-0.43536673556554634,-0.326626258629489,-0.46592943396690856,-0.18910728594453188,-0.5632783772492559,-0.4716088562580154,-0.3019889951473407,-0.46592943396690933,-0.5800702993330876,-0.17369988520737345,-0.6545654555424271,-0.5905876721540243,-0.37636311104946374,-0.5800702993330875,0.3870460611023556,-0.3559527678861436,0.1919668151480987,0.38130847861768896,0.4839878822984857,0.3870460611023549,-0.6245052987720431,-0.37715536423493545,-0.6873355685498233,0.6150518742203742,-0.4270002321316462,0.6245052987720437,0.05349282795837814,-0.157653727521847,-0.021609964333422625,0.042432830447392364,0.1302218131380752,0.05349282795837828,-0.11091953030633263,0.27703285951072465,-0.055726704115524835,0.12581772420563925,-0.20260681038788858,0.09978024513869911,0.12799401207955832,0.3138934812518018,0.22412473458721016,0.21191045723281052,-0.038305935017569154,0.19473458110310646,0.23021473562080602,0.36371001025533295,0.34844593411961305,0.21858763831557343,0.12875022371245043,0.19510234955538736,0.19999803686575782,0.3577351374491213,0.30721382456854396,0.26189751612679385,0.054952816135200616,0.23565619412312205,-0.20660372085826623,0.36186544439218765,-0.07875465126948013,0.2734863317094862,-0.30667115770543535,0.2457143450560099,0.15008655886762542,0.338445560790715,0.2723354368705295,0.26094720011518363,-0.08251206133813441,0.23503762298110345
acc_y_std,0.2093342464291978,0.7118869164503236,0.571807068644906,0.7478047672615487,-0.42048597269417376,0.7073747068759174,0.1587959388037005,1.0,0.7691774329503064,0.8527585679098879,-0.5288336936885749,0.7656582630652582,0.14547390423523512,0.6152791294367609,0.47811727998439973,0.6159329556619225,-0.6468292030785311,0.6289403182615375,-0.3030613669500617,0.48931649899459456,0.17818489374025634,0.4963926294434383,-0.47644661036326746,0.49227289941711,0.2784970321168623,0.6111962333143979,0.5833626949453395,0.6379584383939554,-0.260828812968855,0.6307864454499065,0.23072613912319517,0.6612263706077847,0.5466135222243531,0.6023137291840238,-0.36714085723500217,0.5834253149324448,-0.20520002967280782,0.5194318887312188,-0.014090337731460054,-0.2000443219638869,-0.34042458545392157,-0.2052000296728073,-0.2887684473105091,0.5702272141709436,-0.03141593293446757,-0.2744542446683618,-0.43364312909189157,-0.2887684473105093,0.16074302906827465,0.4952817269948373,0.35067616599297935,0.1656740466269169,-0.05295099858476893,0.16074302906827465,-0.18439226896023891,0.4723284174031696,0.007438809333240807,0.19192825394823007,-0.3180350174487841,0.1843922689602391,0.3505698327073349,0.545232450146422,0.47698903098341466,0.3870700080369963,0.1646855239077418,0.3505698327073355,0.05857605707450416,-0.030940715595635555,0.06460304082712,-0.4021885643025015,0.05563728919525943,-0.41781277982491194,-0.23963187868447258,-0.0043200443925105825,-0.14089640938530226,-0.06034937506699739,-0.29624490072058324,-0.0578119526553323,-0.5777061240991805,0.07323789422203304,-0.440736056298209,-0.5075206485142051,-0.6157042674126394,-0.5251465797643711,-0.35380993501611696,0.019833513143657354,-0.21168307655330182,-0.29764921340773143,-0.4444163276375856,-0.33085834299256356,0.3518204743735828,0.0626757723759645,0.4383106064014264,-0.2917719249560679,0.19492257601390867,-0.32940268693616437,-0.2621310123468903,-0.1209615247627241,-0.2147553856126929,-0.30172308077278226,-0.21117849478456824,-0.3186584425196764
acc_y_max,0.6432517571688439,0.5330951649279683,0.7203703234329656,0.43550084168939435,0.040119283999678824,0.34133761223210285,0.652831731069208,0.7691774329503064,1.0,0.49373643116041777,0.04967544522179713,0.3661298235439772,0.4262467747891231,0.45794210528767093,0.4646702214319173,0.3914004985055031,-0.37797090268849737,0.3057378122008592,-0.13512648555563536,0.4473730497315488,0.3079050694338142,0.44794050520534534,-0.3332507589673687,0.44102269689614854,-0.03207064599559354,0.4347925738149787,0.23945550381923372,0.4294997187158491,-0.3936735531636267,0.4350521921904961,-0.182535543976312,0.2593221185435452,0.08067912853158536,0.15631325452472647,-0.5029406195134093,0.16479112339959048,-0.33126567560999093,0.20027976087176932,-0.26499231989667404,-0.33110840811586095,-0.3249800868823376,-0.3312656756099911,-0.45845250788595626,0.2261569605110753,-0.3519256142712756,-0.4561956396708408,-0.43272282314498056,-0.4584525078859562,0.2901175135174166,0.09417630129823469,0.29467308547618815,0.28982337615139514,0.21852893818858324,0.2901175135174166,-0.40839891307175497,0.08627134942614346,-0.3220439081671702,0.4078409898487874,-0.38272838494512773,0.4083989130717553,0.21963051803837833,0.24016775231205745,0.2584856070248078,0.23687772291066622,0.14831127113604406,0.21963051803837852,0.0069427572409684335,0.15432192648211282,0.06182291210269632,-0.18053237417713294,-0.04942464050905717,-0.20731826840482404,-0.10603376503277069,0.15972041441110676,0.013458716447494606,0.06692691464510048,-0.23111562562039817,0.058876825791267774,-0.24346450010612314,0.29223175488749414,-0.07516346981796633,-0.21405500894131987,-0.3362080376900324,-0.2403018632667645,-0.14066441881168537,0.1998685776481755,0.012678771784991565,-0.07097528655797926,-0.2763315444827032,-0.10765504558686803,0.14188820090363327,0.22892186507933276,0.2706107800058742,-0.06269807224120834,-0.017459845519751972,-0.1022041275164639,-0.09444248942922263,0.10916031945700193,0.008709470564164263,-0.06695176603677808,-0.18536716943330378,-0.0922714163588785
acc_y_rms,-0.0636278263294189,0.5816447258264996,0.317818557445028,0.8193899676726889,-0.4952712619390222,0.856002946952033,-0.10584250928032514,0.8527585679098879,0.49373643116041777,1.0,-0.6143696703468692,0.984748949741613,-0.22275237628657565,0.535975992917796,0.3029406824622811,0.6097128572273512,-0.6860809068352003,0.7122559575655202,-0.4422871278161499,0.4555868739209748,0.0018835478637389113,0.49511125888884894,-0.530515524737716,0.5023191570838174,0.29020848514012304,0.7451156875576191,0.7001875014117761,0.6865947959904818,-0.30925515793748404,0.6589703707710288,0.42504139277441844,0.7995300600491172,0.717619065345573,0.7487970595465017,-0.26307502843759045,0.7158922999620992,-0.15818188658337165,0.6161367165929853,0.05674286848580727,-0.15119820806038725,-0.34693522899293566,-0.15818188658337157,-0.1908341642566022,0.6409677224703904,0.07858342346769746,-0.17492299522253954,-0.40292458700073425,-0.19083416425660213,0.06119992967803594,0.6600406825960856,0.34475519547113986,0.06911153374055817,-0.1889589777264416,0.06119992967803619,-0.07372059103469357,0.5882825706876487,0.12410285238020222,0.08453768197412806,-0.2782357396295757,0.07372059103469362,0.3811774669383451,0.6450915298171568,0.5474355102301697,0.42723701549682824,0.17523544436935765,0.3811774669383458,0.015892271560261413,-0.11087038335699922,-0.009622304649913503,-0.4753442925526614,0.039342073305413366,-0.48506733248317613,-0.21832719067876552,-0.04851126768176059,-0.1485805319212943,-0.07895650584728278,-0.2431216676344401,-0.07215454030173571,-0.6648569938185082,-0.05351086807840367,-0.5653631603346359,-0.569370067172488,-0.6686121582716804,-0.5809773535811441,-0.3546513229838946,-0.028223994769728252,-0.23604291281724404,-0.3116013195806825,-0.4215795331728022,-0.3388473633545488,0.3501426671079228,0.006987582200908354,0.4104456276216763,-0.3133588254437245,0.2210880204323788,-0.3456602808707911,-0.25271429131738066,-0.16953835837374273,-0.23757896937903886,-0.3163471169004291,-0.16162586422900277,-0.3279639491863038
acc_y_min,0.5882627498192159,-0.5175852557711277,-0.07666061283346969,-0.6195211169177159,0.8631170462537555,-0.6250685732533613,0.6790418392661647,-0.5288336936885749,0.04967544522179713,-0.6143696703468692,1.0,-0.6164505772348727,0.17247734642179668,-0.5463647077764747,-0.38652707743359954,-0.6091638782844527,0.6354439346905194,-0.6744572786852081,0.13650170116832147,-0.11265031073179478,-0.008748227606978621,-0.09870319977419069,0.17316744880188792,-0.09862261794831445,-0.36811306426410606,-0.20872817831172702,-0.4100107582599867,-0.2335927486558758,-0.13654535433996273,-0.20900304366693878,-0.5453703958461356,-0.6296739651922726,-0.7041630763034286,-0.6465423298105936,-0.09923004572045863,-0.6001326671070618,-0.2721527228697551,-0.4449733897505465,-0.4567864159745417,-0.2794481506994882,-0.06076406293926127,-0.2721527228697553,-0.3036563534910743,-0.46035980449538844,-0.5148450061967144,-0.32057064529532164,-0.06088339872668406,-0.30365635349107417,0.22356658258372095,-0.5719486672167855,-0.041553595310645924,0.21627632658570667,0.4253907171257267,0.22356658258372034,-0.40533049403751986,-0.5575830917583736,-0.5634111913166127,0.39408233414662097,-0.17692629887009562,0.4053304940375195,-0.15444230609139525,-0.4529343838996928,-0.29651502493859483,-0.18683250602857285,0.01316631554263295,-0.15444230609139542,-0.15252975288836698,0.21765492072826476,-0.12946057240318604,0.3430511577075226,-0.21485267008336925,0.33385613562606864,0.2594149457677717,0.257668795680586,0.27785490833050547,0.1985335493763229,0.1744375290746906,0.18248689036929286,0.539593859261524,0.2115655163085392,0.5428940417528222,0.4969449865742851,0.5032101443421353,0.48986720107907794,0.3915594320642309,0.2840551739667867,0.3951798212163613,0.4028543837992113,0.3457352649665789,0.40102875739887217,-0.4007638921582534,0.2577186349802657,-0.36564940226963244,0.4077390123178899,-0.38075643281722993,0.40750930178707845,0.29057117549213013,0.35456721817060444,0.3682234930669688,0.4080110668254865,0.08322773096075294,0.39769319495582595
acc_y_abs_sum,-0.14617021388573903,0.518925367421923,0.22135862188251243,0.7983964007070242,-0.49862347408017055,0.8604947717512553,-0.19164800966090503,0.7656582630652582,0.3661298235439772,0.984748949741613,-0.6164505772348727,1.0,-0.32568305933499014,0.4717251052836964,0.2193903962355088,0.5638769699482534,-0.6495191343342127,0.6937614641557035,-0.47594073660424274,0.42868551746618844,-0.06191862167515544,0.47675651799504043,-0.5356036232043315,0.48687083563904465,0.3077693612244153,0.7468645641549189,0.7164139308653825,0.6872583721209312,-0.2873218643808636,0.6566945867249762,0.48233984285206183,0.8100519249880308,0.7449505998830219,0.7755057921891193,-0.20963846388863308,0.7416278818239512,-0.14341855176052878,0.6316909608845878,0.07623907023249929,-0.1360222038767482,-0.34221024214459445,-0.14341855176052834,-0.15626002607321368,0.6578781018196026,0.11745328081341642,-0.13985275508624512,-0.3853683073824434,-0.15626002607321407,0.033934237576526693,0.6921150820576173,0.3341619335529156,0.042512603838001296,-0.22497867589511558,0.033934237576527235,-0.04296330370487006,0.6186425897732415,0.1575828978967091,0.054631794779408084,-0.26519701281837527,0.042963303704870094,0.3826236791290251,0.6498877889729123,0.5496219232061988,0.42864523616145567,0.17454859291761995,0.3826236791290257,0.0008142886024661698,-0.1310191729232771,-0.033080556987854476,-0.47378952271394825,0.03288822500231505,-0.4812125970203427,-0.2015837910242093,-0.06196419731686668,-0.1465101461641272,-0.08267139811686408,-0.21544542169722636,-0.07504200799769661,-0.6620211325304118,-0.0996907365436429,-0.5830309262492411,-0.5611855059490032,-0.6529605174603289,-0.5697202904271801,-0.33920688328852855,-0.045698268580668326,-0.23731219585166827,-0.3038498880218966,-0.39627277852440973,-0.32741450140138245,0.3341792534211473,-0.014858843519371652,0.3840455579221772,-0.3074064241543679,0.22259131950684605,-0.3357595262316126,-0.2411006463395895,-0.17810539695959124,-0.2387221420158843,-0.30845242941050655,-0.14270994289731628,-0.31788065250413
acc_z_mean,0.4457187898475764,0.22855604107688576,0.45319886237051676,-0.1269743446374601,0.10446597402721092,-0.2667633213383438,0.4417769941702824,0.14547390423523512,0.4262467747891231,-0.22275237628657565,0.17247734642179668,-0.32568305933499014,1.0,0.2819350328983504,0.49862247005793464,0.11290079521968943,0.11344923097421675,-0.07386668874463655,0.27675843950764834,0.09357740217244911,0.33706787013434353,0.017521744652421328,0.07563091729030466,0.007757213048421348,-0.1275823321854478,-0.10582954995050109,-0.18696114592836777,-0.05617625688995054,-0.06993412514847834,-0.0457059839165771,-0.22351371067624592,-0.33605724716565116,-0.30935028482449917,-0.17616684188252132,0.004871895717489901,-0.13333571447872475,-0.04644354199552496,-0.07597535160600749,-0.07176304273750508,-0.047628627334598744,-0.0028554448344539846,-0.04644354199552505,-0.12023936446510562,-0.0376915260588523,-0.12592490079887925,-0.11944790386367724,-0.06815874768995325,-0.12023936446510543,0.11223497217912651,-0.15307073532042056,0.007544750058206608,0.11022222675526999,0.13326012356083455,0.11223497217912623,-0.19090113120733895,-0.054839293804154754,-0.1637454705541895,0.18961648597210068,-0.12665037834576126,0.1909011312073391,-0.1085965318528751,-0.18760794834222627,-0.16100168329249306,-0.12043081139993154,-0.0474401996682996,-0.10859653185287532,0.044666332398777674,0.21881640297859997,0.13447107676233422,0.1475540209869249,-0.019147426776901642,0.13016440043836858,0.10841809088619313,0.2350344714688122,0.16342422609057683,0.1658065527411374,-0.030269614846561127,0.15334582575228387,0.25854401742950095,0.41684937917583675,0.35676481165052304,0.22307899773424045,0.11453064727515122,0.20187172922736438,0.1587085704467121,0.26288267004176186,0.21510496350007238,0.19915263388164609,0.02643051786597487,0.18103625951055188,-0.16665498141473367,0.28441770536068045,-0.03458528628026942,0.2242136137880099,-0.22984657343567144,0.20539590844537203,0.10228571169833729,0.26030792416569565,0.19226005844425068,0.1796299041995038,-0.09115680907726041,0.16582385898905597
acc_z_std,-0.06565719318164322,0.8080718864772284,0.6651338916282874,0.7497676840649539,-0.6529169386231054,0.6597636722585408,-0.10088304214094229,0.6152791294367609,0.45794210528767093,0.535975992917796,-0.5463647077764747,0.4717251052836964,0.2819350328983504,1.0,0.9172618160357423,0.9628869717280917,-0.8406121586505643,0.877276998379362,-0.08697553538346195,0.3256961021735057,0.2862573534915675,0.28936783395245713,-0.24669782849798372,0.28223225563426735,0.08356130885498214,0.21562118960732393,0.20192874042126413,0.16190934279284766,-0.11321970401303635,0.14378131383066803,0.14119911019342535,0.4070080634436937,0.37629012963260317,0.3455825352005215,-0.2211398510175461,0.32260252403101425,0.23712150854961403,0.19351495859850795,0.33539925448326097,0.24008283197994243,0.13246177701311532,0.23712150854961536,0.1641330682619378,0.24260603474653503,0.30004432181336266,0.17234036010597584,0.05169556269227319,0.1641330682619379,-0.1668069967306183,0.33043737117367467,-0.013627970935007502,-0.1635812079073553,-0.2931515035638795,-0.16680699673061672,0.2980306315562675,0.2957264579864265,0.3992659532365664,-0.29340318066264554,0.18784910793122653,-0.2980306315562674,0.11582918098978638,0.1837663344544533,0.17419002650166032,0.12843239982452617,0.07335739297412128,0.11582918098978653,0.15014198051824718,-0.02266325819591087,0.19522786900386857,-0.3237493756876293,0.15515847682732797,-0.33893526030027976,-0.2792845054854485,-0.18888990153594612,-0.26497664304305046,-0.11300594621750902,-0.2662349503832452,-0.09539246196953986,-0.5003427768420019,0.02607368370985626,-0.41466675349054166,-0.48372793639748823,-0.5393921185657086,-0.4874402055812314,-0.39668651848186165,-0.18451824253002744,-0.3498807682741701,-0.36750360460817477,-0.41588454192989577,-0.3766417689580453,0.4076711465081053,-0.1289850645159414,0.4436543276805602,-0.3615255284438079,0.32195066989630766,-0.376127882113519,-0.2702991961521935,-0.2558286551096594,-0.30407405316009545,-0.36023311392365037,-0.1426133649880003,-0.357714082407419
acc_z_max,0.03142946087101467,0.772527916192716,0.7541406746406956,0.5816970582675229,-0.551819989936193,0.4386919801866565,0.00019886193813308951,0.47811727998439973,0.4646702214319173,0.3029406824622811,-0.38652707743359954,0.2193903962355088,0.49862247005793464,0.9172618160357423,1.0,0.8438146538929354,-0.6300027407477224,0.6805732979432121,0.10165003104896332,0.20773842046935023,0.35840677308566377,0.15883200079633814,-0.06950410448265401,0.15318078423292975,-0.02816655853372644,0.05849137850848625,0.014276695549727027,0.0021177925240963773,-0.10551659322672229,-0.012477869799204844,-0.01655082037367918,0.18909677170980457,0.16414518223036256,0.14655271367131104,-0.20206854318334339,0.13465900099391925,0.2463378587015822,0.06105734885953593,0.29884961413700617,0.2478917815329113,0.19031755019333457,0.2463378587015828,0.17473282885298871,0.07643687433692391,0.24105830297391478,0.17899627733173126,0.12506072088836195,0.1747328288529888,-0.1690086134280978,0.1413998903848713,-0.1039769342382265,-0.16800296118193764,-0.22906351900762906,-0.16900861342809664,0.25250867764485735,0.1407941226662142,0.31131675395538344,-0.25090279417231687,0.20649439859529128,-0.2525086776448573,0.005290651272307351,0.0540063927360669,0.033129713457932836,0.01045326998417842,-0.00382186015740454,0.005290651272307359,0.15056255618384848,0.051609418493255836,0.23018639247470815,-0.18896869616927098,0.13855280340344397,-0.2055264592427114,-0.2005622648542652,-0.11935639348779586,-0.18624848153184376,-0.05349906949824954,-0.21149630876637382,-0.040295282972933985,-0.30353952038705456,0.11825813385611143,-0.21668369628190617,-0.3153027716267019,-0.36648335390659526,-0.320896563804179,-0.27645320401844226,-0.11089727272010223,-0.23939819074447616,-0.24654023798871008,-0.3134487582432244,-0.2543253440151982,0.2817435781478108,-0.06008886494127249,0.32810486765738067,-0.23742629213575547,0.20424414051388284,-0.2500254217902754,-0.183102193512268,-0.16059530719362305,-0.20138020417274616,-0.24370733691081758,-0.11827390619084567,-0.24104541898123066
acc_z_rms,-0.16511074938506082,0.7809530994873704,0.583738681062099,0.789299980270679,-0.6961439904771433,0.725425410314922,-0.19941765289602656,0.6159329556619225,0.3914004985055031,0.6097128572273512,-0.6091638782844527,0.5638769699482534,0.11290079521968943,0.9628869717280917,0.8438146538929354,1.0,-0.8700922925010856,0.9572472101543814,-0.12291969892424544,0.34694585767979874,0.24847304170848628,0.3010798146867301,-0.287350273365776,0.2927868222740267,0.10027833976191435,0.2489257076287461,0.24590351167416583,0.19920088081155282,-0.12008677672927309,0.18029104297447773,0.18376191366723843,0.4751085481158957,0.445275527714646,0.39195743721457726,-0.23074294277674479,0.3618524424270362,0.25866960460437877,0.20657430705864555,0.3658083985708475,0.2618288663207445,0.14458509620784013,0.25866960460437993,0.20516975441669863,0.2680385399611751,0.3527119778939236,0.21439864072583167,0.07157153089249421,0.20516975441669877,-0.21178816185695343,0.3577870440745838,-0.03498279167043078,-0.20843024597827065,-0.3411534243148011,-0.21178816185695232,0.34488825016290675,0.32000881014081783,0.4491746849472549,-0.3400357744838208,0.21859326470355098,-0.3448882501629069,0.13563598006803393,0.2076573518326158,0.197286022630876,0.14774116091921277,0.08133936519349017,0.13563598006803423,0.14296175584198909,-0.08171320047557343,0.1615622555444194,-0.3865529351024793,0.16538875860594185,-0.39777949549493985,-0.279236913265613,-0.1893597790335821,-0.2682323366845947,-0.11875469827838318,-0.2647690358400065,-0.10112352564920758,-0.5634536754077759,-0.0036501072599896133,-0.4836503914870113,-0.529825311202228,-0.5984663296011259,-0.5341847945492898,-0.411048814956588,-0.18086585158138696,-0.3622097388542288,-0.38275374909214943,-0.4353014416338555,-0.3940273862508802,0.4165788880249735,-0.12828972152146195,0.4566559768098914,-0.37617097251858106,0.33527363324039844,-0.39225348610134275,-0.28231594714784625,-0.2654219634944226,-0.3177781659232991,-0.38038349767744134,-0.1445286643023333,-0.37804051503737457
acc_z_min,0.19642095951164013,-0.7032533171191038,-0.45433131812197114,-0.797997886844324,0.6982118766054405,-0.7677511313587843,0.21219119403866682,-0.6468292030785311,-0.37797090268849737,-0.6860809068352003,0.6354439346905194,-0.6495191343342127,0.11344923097421675,-0.8406121586505643,-0.6300027407477224,-0.8700922925010856,1.0,-0.8722522745954981,0.2407642583982648,-0.35013037860446267,-0.17090078587274604,-0.3490185202576532,0.33558177577985204,-0.34446503839458026,-0.1270991830226979,-0.32230944030161496,-0.31929369886227255,-0.25920784209850933,0.13891641503789653,-0.2394107555880384,-0.2760548615956885,-0.5814422230546032,-0.5491665867414952,-0.48630467591294996,0.202886765822629,-0.4519364010397198,-0.16856035444427964,-0.30989258317224483,-0.3028436701362964,-0.17265936733481285,-0.03219512759218737,-0.16856035444428089,-0.11405832850883463,-0.3449123721493514,-0.28368903882714785,-0.12456255494916244,0.03560772304202671,-0.11405832850883497,0.1240998990559335,-0.45155451210946834,-0.09171015083644397,0.11908991193628336,0.2852401474420247,0.12409989905593198,-0.2876245286711533,-0.37853061733979154,-0.4046453618645501,0.28108168638717873,-0.13738117184742604,0.2876245286711539,-0.23280247210084765,-0.32448965344588915,-0.32023651984981505,-0.25440195843909846,-0.1521818427519989,-0.23280247210084803,-0.12810862223538075,0.06650131625899632,-0.1479232475553133,0.3649033934234172,-0.1411980261938042,0.377565668802299,0.34778579408639415,0.2599334310633455,0.333351827325696,0.17867842924430208,0.29541675698071845,0.1581390767405386,0.6087340391076824,0.1132524147777589,0.5515133429367889,0.5748032375620679,0.5986133149596964,0.5738945693605805,0.4821948012121729,0.2649070355624845,0.43636431519852165,0.4631150243031226,0.45954893455732726,0.46970206800693765,-0.5058368076884525,0.2164411225952118,-0.5059832831436232,0.4679015448531673,-0.42611757970738073,0.479208915175433,0.32622439831221955,0.3387827926309102,0.3762765362956685,0.440045343743379,0.13199277368614964,0.4362539390450515
acc_z_abs_sum,-0.255774800582425,0.7141939426684148,0.44309626296640425,0.8216219223432396,-0.709353987344489,0.804547701913376,-0.2900065654831027,0.6289403182615375,0.3057378122008592,0.7122559575655202,-0.6744572786852081,0.6937614641557035,-0.07386668874463655,0.877276998379362,0.6805732979432121,0.9572472101543814,-0.8722522745954981,1.0,-0.2235363103785126,0.401544700583037,0.17436310749044429,0.3521495890731382,-0.3843404135994212,0.34216441828894306,0.18832944504488422,0.3440786987461342,0.37362747363989196,0.30197029029448536,-0.10713687333151145,0.2817776865213416,0.30826332834789577,0.5824151863371431,0.5666782916389002,0.5076049635211807,-0.18704956783185367,0.47091194933686487,0.2414509671328982,0.2863889271032742,0.37581944352988683,0.24558222445290934,0.09869554512461282,0.24145096713289949,0.20113356703427362,0.3724854819526647,0.3897164536846382,0.2135503834185454,0.02493739108933603,0.2011335670342736,-0.2270658501320917,0.4565319417976738,-0.0012199674280239986,-0.22247631708093196,-0.3888154180395591,-0.22706585013209002,0.3517947638337543,0.4075182189216407,0.4799884251082176,-0.34514378029263004,0.18825916410698834,-0.35179476383375446,0.18057718349753074,0.2776784160216116,0.259654820348001,0.1966735967753024,0.10112310366741076,0.18057718349753102,0.1329436110159461,-0.14017757942956788,0.12073132162730088,-0.445118759261378,0.16794476482225773,-0.45157949344359505,-0.2786094348614596,-0.18640443572684992,-0.26496638140102563,-0.13179403789800145,-0.2567216097064035,-0.11515698183778283,-0.6328011285627548,-0.05663955666690945,-0.5615395077956722,-0.5769847206653325,-0.6523335396309805,-0.5814743599802188,-0.4264371606917205,-0.17795259242713007,-0.37091724444443813,-0.4007356686077455,-0.4493786939240061,-0.4145139687568918,0.42948245012656006,-0.1264650857934917,0.46980752534144027,-0.3953514763606286,0.34767269658959854,-0.413861655620998,-0.30083258631864546,-0.27641312285205133,-0.3350854573377074,-0.4017591710254601,-0.14964919553652808,-0.4010943867237644
gyro_x_mean,-0.09497797208435022,-0.1229831633880066,-0.0007825921274033302,-0.3485629543806782,0.06593521801445253,-0.44632395903394967,-0.05262001140081356,-0.3030613669500617,-0.13512648555563536,-0.4422871278161499,0.13650170116832147,-0.47594073660424274,0.27675843950764834,-0.08697553538346195,0.10165003104896332,-0.12291969892424544,0.2407642583982648,-0.2235363103785126,1.0,-0.3904254252426748,0.6034651690616472,-0.4136724069206931,0.789123319837101,-0.40153073001112505,-0.12133436836995416,-0.3837014946152114,-0.362905647623395,-0.3800226513827318,0.14515858728686637,-0.3814807414976966,-0.1723557466811769,-0.4165447252259297,-0.3305955606873775,-0.3184698447419843,0.19994892401660963,-0.3018281163525923,0.15423297607928146,-0.1809444570683114,0.09460614272658524,0.15211234605774726,0.18421275598258408,0.15423297607928146,0.21074580407257576,-0.3778495326922403,0.04187436299490114,0.20454967459415044,0.29971328262944763,0.21074580407257582,-0.1216923092218067,-0.4940149951856326,-0.31304136342780997,-0.12742767887454373,0.08488018133111122,-0.12169230922180592,0.14602797885178387,-0.13882324464068221,0.09091147608403373,-0.149351437247591,0.1803216523359888,-0.1460279788517842,-0.14556426529054245,-0.29299251050983194,-0.21964232600440603,-0.17028273300190805,-0.037753191930589805,-0.1455642652905425,-0.03915904462836752,0.045187722727471256,-0.01670378641345598,0.3976138357960682,-0.04084635635319122,0.4132239634240344,0.24407030091888976,0.1343218344500164,0.19711436567184004,0.14410394524327408,0.20598079209701103,0.1360033002709627,0.40270945909462635,0.14157663440616589,0.37081629904953267,0.33589078737805217,0.3529772951672057,0.33657221431892187,0.31582863329511474,0.09312056563269952,0.23378072136402248,0.28533739698180405,0.30990840755819243,0.30301241702910126,-0.2934607932895877,0.016987204389352632,-0.3067581350041569,0.26044029062023755,-0.18929298366854025,0.28481901143059285,0.3414385351727845,0.1939761262781438,0.30734230368617654,0.28003899401148846,0.23524910377269884,0.2910732586343679
