,acc_x_mean,acc_x_std,acc_x_max,acc_x_rms,acc_x_min,acc_x_abs_sum,acc_y_mean,acc_y_std,acc_y_max,acc_y_rms,acc_y_min,acc_y_abs_sum,acc_z_mean,acc_z_std,acc_z_max,acc_z_rms,acc_z_min,acc_z_abs_sum,gyro_x_mean,gyro_x_std,gyro_x_max,gyro_x_rms,gyro_x_min,gyro_x_abs_sum,gyro_y_mean,gyro_y_std,gyro_y_max,gyro_y_rms,gyro_y_min,gyro_y_abs_sum,gyro_z_mean,gyro_z_std,gyro_z_max,gyro_z_rms,gyro_z_min,gyro_z_abs_sum,quat_w_mean,quat_w_std,quat_w_max,quat_w_rms,quat_w_min,quat_w_abs_sum,quat_x_mean,quat_x_std,quat_x_max,quat_x_rms,quat_x_min,quat_x_abs_sum,quat_y_mean,quat_y_std,quat_y_max,quat_y_rms,quat_y_min,quat_y_abs_sum,quat_z_mean,quat_z_std,quat_z_max,quat_z_rms,quat_z_min,quat_z_abs_sum,encoder_angle_mean,encoder_angle_std,encoder_angle_max,encoder_angle_rms,encoder_angle_min,encoder_angle_abs_sum,grf_x_mean,grf_x_std,grf_x_max,grf_x_rms,grf_x_min,grf_x_abs_sum,grf_y_mean,grf_y_std,grf_y_max,grf_y_rms,grf_y_min,grf_y_abs_sum,grf_z_mean,grf_z_std,grf_z_max,grf_z_rms,grf_z_min,grf_z_abs_sum,grt_x_mean,grt_x_std,grt_x_max,grt_x_rms,grt_x_min,grt_x_abs_sum,grt_y_mean,grt_y_std,grt_y_max,grt_y_rms,grt_y_min,grt_y_abs_sum,grt_z_mean,grt_z_std,grt_z_max,grt_z_rms,grt_z_min,grt_z_abs_sum
acc_x_mean,1.0,-0.15712796455482866,0.2968641038391164,-0.06594781053155242,0.6350580049925316,-0.023656552656806638,0.9425282280877656,-0.04827493137747037,0.377154176915809,-0.055418530458717856,0.5732161058782469,-0.04491341309444536,-0.15518853660678414,-0.10629541097273598,-0.14595145021412217,-0.0775177473072562,0.0064923665298054455,-0.036872439353122594,0.259479442940723,0.1735147279938886,0.29540097230485707,0.04105606886514233,0.06743205678025445,0.01967898443812586,-0.07309907051032677,0.2404792134970749,0.08503905603177928,0.23775407781683333,-0.21808494918135257,0.26612239733624315,-0.5046773535587024,-0.18607949250037223,-0.379797689446368,-0.2070884606126063,-0.38178641043305556,-0.1653425215123504,0.5327905420466024,0.003618118208739427,0.37544727613245826,-0.5360154391989967,0.5981412399247166,-0.5327905420466009,0.6038177115344507,-0.07856537987237655,0.4412898109408347,-0.6104025667265726,0.6044475497486824,-0.60381771153445,-0.37044735022242625,-0.2051944947770475,-0.39284267285389624,0.3682873474050992,-0.27062635296454424,0.3704473502224287,0.5929583788599991,-0.19357850578857572,0.4106597795800407,0.5802073326867496,0.6401623323461976,0.5929583788600007,0.1309979624628702,0.1512454971560582,0.1373927089922391,0.13295927959406947,-0.0028051044228165774,0.13099796246287057,-0.05414868888099142,-0.06900514734785412,-0.1291160469919888,-0.06285900024659172,-0.03752773605826308,-0.06386848462610033,0.019354316233053226,0.14215600089537866,0.07523366624596596,0.09485767099756634,-0.05891429611791995,0.09112948503588059,0.023400125454070556,0.01247696128290248,0.030508447780842725,0.028349697047285592,0.021496484894540355,0.026586383633868692,0.024729314377790145,0.12344856596898161,0.07542891984521115,0.062094598422737166,-0.03635841659001495,0.054687225162642426,-0.04604648477816786,0.07034260383042387,-0.030793952856320347,0.06564731339303413,-0.06374911754620845,0.06039193580289012,0.0131216559850647,0.10130328859486742,0.0490501543214865,0.061763907277614126,-0.04966653315533155,0.05713508409022869
acc_x_std,-0.15712796455482866,1.0,0.8198710856070948,0.8949993224326082,-0.7766846131698842,0.8129330601785312,-0.1604319590336872,0.8942902115025796,0.7347321852300961,0.7712822715711459,-0.7093794613430099,0.6909569358103052,0.32476806093157323,0.66273188885599,0.6431352946511291,0.6409851522415022,-0.43483733242577705,0.6397312443590022,-0.24053813824500792,0.39683678586528187,0.14895692543255673,0.36281794180142957,-0.46786732142744725,0.33974531317554535,0.17111767555402616,0.3150236769790079,0.3179526774312693,0.30870029028262186,-0.17516337559416534,0.29896478053962855,0.12718467402878372,0.5099415765306886,0.3949734961498754,0.4513311688829645,-0.4571743828789554,0.42437960427784244,0.011006753074943513,0.3445301284076217,0.15615394292905282,-0.007665887417735043,-0.16592958626688797,-0.011006753074945367,-0.08475337794589327,0.3919938379653779,0.06711224064017979,0.10182611806255652,-0.27585857726773283,0.08475337794589306,0.1976278490050158,0.3555530167770366,0.3339338009876491,-0.19600797174102422,0.037628924547810826,-0.19762784900501804,-0.09132994555321688,0.36950457464481146,0.04551808104495473,-0.0834045189245429,-0.25357245880996376,-0.09132994555321698,0.2500005569334925,0.33986512745960923,0.32924833292974,0.2804450168603428,0.06747862063039635,0.25000055693349343,0.2669515042053346,0.34714195706998224,0.47765840956826533,0.010652901267723761,0.11297288048056119,-0.019104686130896033,-0.2827633691739651,0.08155529061837474,-0.1683933560616217,-0.10071292294464768,-0.3859954716610015,-0.11114016196290212,-0.2668905332088,0.29304287215004393,-0.09665473374899097,-0.2284672602983399,-0.39279761990888656,-0.2562877359761398,-0.349657942872783,0.12051460712385048,-0.20758838682053307,-0.30347387020906336,-0.4786355227376202,-0.3348939715284693,0.3180263950969998,0.17114687775165918,0.43140631355010584,-0.2686210221948721,0.15014004408030115,-0.30283677573044465,-0.33825573908623746,0.025177986927520563,-0.229371378911089,-0.29207896535036043,-0.4086311520569351,-0.31397415343622037
acc_x_max,0.2968641038391164,0.8198710856070948,1.0,0.7264690322997945,-0.330813643775642,0.6589005359540111,0.2645564285823779,0.7528933939756071,0.8993755225533265,0.6125969348269572,-0.3281889568582137,0.5477118875559068,0.2255348794567549,0.6218796418130311,0.6038673834032299,0.5850244101590368,-0.49102382285072954,0.55683871543067,-0.07634370773764494,0.3253343298430219,0.20908352423086665,0.23859692123293783,-0.29972690297815546,0.21675489675726595,0.08064887002821942,0.3063172928069431,0.25026181310526147,0.28937901697240964,-0.20546693024302146,0.294379433694842,-0.1432521196519976,0.24957376985093882,0.09885827005552245,0.2032090928899187,-0.4759099361798603,0.2028120135267246,0.10160904230377354,0.1864770617793324,0.148033661773139,-0.10035180819769801,0.01741900599161492,-0.10160904230377299,0.055374031048693956,0.22643633611351016,0.10408781189445032,-0.04513813510620571,-0.07809246569703354,-0.05537403104869421,0.08177896159691048,0.16756565234455234,0.15754772840102615,-0.08181728549666802,0.014935061478180113,-0.0817789615969124,0.027836083892758705,0.14700171511842497,0.053384571905433505,0.027894746608255493,-0.06299194378618496,0.027836083892759284,0.23927825897223026,0.30141438715588853,0.29681358815241365,0.26196511575966036,0.07043491901554143,0.2392782589722305,0.19878055266545172,0.27633842110270107,0.36173003586854285,-0.006834664484918649,0.07783445393367223,-0.03629801327311101,-0.24360582571667627,0.08424986856538236,-0.1410046576755121,-0.0670762409901842,-0.35513050285609526,-0.07316579764806641,-0.15346531426162144,0.26564916709287784,-0.007373138625163456,-0.13041466073148827,-0.2600796471246294,-0.15197449993153025,-0.28816236920940036,0.09989208405549291,-0.16719702604336942,-0.2415365358107574,-0.4088373820046446,-0.26341052100400264,0.2578895820425388,0.10965073607391108,0.33987431486997305,-0.21780436565528996,0.12965449527602943,-0.2410458453675326,-0.265755118767799,0.03225909630674283,-0.1769064074502433,-0.2153617371456602,-0.33877242007305514,-0.23006693505550913
acc_x_rms,-0.06594781053155242,0.8949993224326082,0.7264690322997945,1.0,-0.689720988749827,0.9806023737765299,-0.10301797673981579,0.8548985402292736,0.6728851417035822,0.9183254717815564,-0.6478037813853014,0.8878154646117277,0.04339320092828795,0.5753845701777628,0.4870595982454827,0.6175638118426717,-0.4153567322226676,0.6960410734489734,-0.27893351999523,0.5208987302635836,0.18899439618891975,0.5429899902192296,-0.5962513729950657,0.5220118331302671,0.1984903605983953,0.5194088670277595,0.4794345926504898,0.4501301717429151,-0.282762922326045,0.4342863581750536,0.16841499520043343,0.682360390217501,0.5295923153175757,0.6260972046568635,-0.570755458555937,0.5949591600061893,0.16719425515384106,0.5177770671377655,0.36038629807423356,-0.16286209516987776,-0.05430505936573517,-0.16719425515384315,0.04030008663848329,0.5253235057870113,0.2395305081376399,-0.020433718749389186,-0.193772327706617,-0.0403000866384836,0.2139386108482375,0.5372819845553668,0.39712257232390996,-0.21049434190022723,-0.05934960236576711,-0.21393861084824004,0.04775972975736809,0.5027940320785701,0.23081958106964667,0.059865758605595246,-0.144590962091714,0.04775972975736804,0.37400410800988393,0.5813961326448033,0.5447442959528767,0.43331556715914105,0.08228996878333728,0.3740041080098838,0.3209444603533933,0.21315206459351346,0.46622724914353864,-0.08805519940352724,0.20264931509264628,-0.10796181084536086,-0.3684869434180095,0.05312477826183083,-0.24252800377874875,-0.11274514507968803,-0.4668332532328503,-0.11945200422327924,-0.4522268356337506,0.16002725841531307,-0.298330390219567,-0.39996589969357815,-0.5374702851107467,-0.4234369778954781,-0.4589582791785846,0.087781884739517,-0.30251896239699727,-0.40070384709293516,-0.5792088466476528,-0.43442825158020393,0.4058877448853343,0.13416930968885335,0.5040949923536708,-0.35025655992515115,0.23036105789670125,-0.386983159121362,-0.4393399685532542,-0.028494107355173385,-0.32750248960286166,-0.3790735815017967,-0.49266298391684554,-0.4011452105250557
acc_x_min,0.6350580049925316,-0.7766846131698842,-0.330813643775642,-0.689720988749827,1.0,-0.5998756721276373,0.5992834644681796,-0.6612317292863787,-0.25511077145099165,-0.5961643696839134,0.8858790973814576,-0.5189778583232392,-0.3606838472589347,-0.5359230941011586,-0.5386076735016834,-0.5199428244748469,0.2993518356003769,-0.5117955927563488,0.3093260938788679,-0.24714276868093665,0.0065499350285183385,-0.3030919421733091,0.41005705733165726,-0.29374246897657275,-0.12795449240217358,-0.1312054191824068,-0.17693996552954164,-0.09261167323143758,0.07123563816358973,-0.066840608946541,-0.31722778961267967,-0.48690464800087696,-0.47321237123615884,-0.4530535715715677,0.19205305687167784,-0.41024548963588797,0.22008698452353104,-0.28986036419851074,0.022892750051095874,-0.2240907266538097,0.38632375348163145,-0.22008698452352696,0.30012493844453947,-0.3229050332100253,0.11252694805491732,-0.3134942973098494,0.4327843519163057,-0.3001249384445396,-0.32350129430316904,-0.3805601646049963,-0.43478672739793384,0.3210779094714155,-0.14129477745139235,0.3235012943031715,0.28999291524817483,-0.38444271758397397,0.09500528564772483,0.27784890740616175,0.42839965315461215,0.28999291524817644,-0.07132664331775279,-0.17163774731304035,-0.1430316059959935,-0.09705644705400826,0.011318265994419138,-0.07132664331775297,-0.25210876878829613,-0.26754864723122584,-0.4234180926233024,-0.04430057095890878,-0.1252891449226421,-0.028399088344111503,0.2186666389053173,0.00421743174104183,0.15671520567126085,0.11117636489429439,0.2525277096945028,0.11855668260809975,0.2592044349086063,-0.208575307136546,0.13321555133826118,0.23135819316910028,0.3517881046565152,0.2542340471762707,0.26790327838624384,-0.04735301624667549,0.17929963646540473,0.24826320775504448,0.33524393799251445,0.27229126154753214,-0.2541593054775453,-0.12097310435242528,-0.33809460935931873,0.22122708175477956,-0.1284548692611037,0.2480178986322414,0.2692367832332876,0.026499594570255577,0.1969757896291476,0.25294799314553595,0.28592696642924925,0.2704196546074644
acc_x_abs_sum,-0.023656552656806638,0.8129330601785312,0.6589005359540111,0.9806023737765299,-0.5998756721276373,1.0,-0.07700603130599375,0.7984124477044574,0.626640631782282,0.9211889459972052,-0.5706648823467402,0.9204313539728127,-0.08927807104484356,0.501197217740095,0.3893790188518603,0.5624988864517797,-0.3871133329085953,0.6690094302117362,-0.2837356297701604,0.5413237504097225,0.19262812226825668,0.576812911214122,-0.6131692910873046,0.5583604388229325,0.23571058007725998,0.5669877713341306,0.5370364379362857,0.49100429736612655,-0.27459683211461594,0.4750944672161504,0.20192842777800862,0.7202896370895853,0.5724053098148236,0.6704738873826533,-0.5640831217330767,0.6402540710672585,0.2325522155158461,0.5683298267522414,0.43084475815308726,-0.22791884508395058,-0.0058156413409890025,-0.23255221551584823,0.09379856936386594,0.5661967547655047,0.30187218607745214,-0.07254478721805938,-0.15583067289349756,-0.09379856936386613,0.19606944814624458,0.5801697669034611,0.3950180373125153,-0.19207618621889877,-0.1031496264041435,-0.19606944814624658,0.10650581498259033,0.5403159042796518,0.2964566216656581,0.11990629507579327,-0.0971252866524732,0.10650581498259001,0.4262307282666872,0.6532882320011034,0.6145455558529794,0.4914473238054703,0.0988396011925954,0.4262307282666865,0.3119893368319892,0.14279950859639318,0.4244588233161197,-0.12759798164493483,0.22126843427477197,-0.14270784013465954,-0.3838547700721405,0.015964825428743692,-0.2682418149374237,-0.11867670035574046,-0.464524366994786,-0.1213643142084346,-0.4904810258253506,0.07811340068155473,-0.36032251906538304,-0.43578566182365036,-0.5499384215415419,-0.4534990978737994,-0.4788702303325247,0.04401213818456403,-0.33402397460739475,-0.4229530213274557,-0.5779674896844704,-0.4524024985918409,0.4167682543828166,0.08960017532653398,0.4943784049186065,-0.36535964859073305,0.25515123060280337,-0.3983129228452603,-0.4539903089635206,-0.06604906539674556,-0.356282443739031,-0.3958873942114146,-0.4933858857789793,-0.41412474143401956
acc_y_mean,0.9425282280877656,-0.1604319590336872,0.2645564285823779,-0.10301797673981579,0.5992834644681796,-0.07700603130599375,1.0,-0.04470150765893114,0.389357921360646,-0.09062277399223276,0.5737019617896092,-0.10076536727430732,-0.021167088606923318,-0.10548347358917265,-0.1133998441706913,-0.10047264339657141,0.040367298160054965,-0.09172680437520159,0.28297486008730094,0.1507541984822827,0.29353489180620274,-0.0008118184100454245,0.10146449371029156,-0.02686868941395369,-0.1837095017665203,0.22615602443343627,-0.00615162442537666,0.19010160288585584,-0.3111690581761671,0.22123877674595016,-0.5900238988445274,-0.24360534350529925,-0.4580225372999566,-0.2934934614047607,-0.4003026978924233,-0.2567341616144524,0.45331969146406986,-0.08121069776558201,0.2893871411039254,-0.4575066048851166,0.5660309874215922,-0.45331969146406836,0.5746480434346092,-0.17765407164210423,0.38150705565609083,-0.5861920661578002,0.620981943945886,-0.5746480434346094,-0.34474572504509443,-0.28202491145990755,-0.41385284313173676,0.3416451138754371,-0.22064620342378657,0.34474572504509654,0.5559425398496405,-0.28377553129735816,0.3541001878438714,0.5394648681926713,0.6460570954191778,0.5559425398496424,0.01992154393479597,0.06008716137930562,0.02947491131194574,0.021940946244181508,-0.06896155238427187,0.01992154393479601,-0.12645333080964405,0.054931391526244516,-0.1537226589536786,0.012166276619822518,-0.1451821965237934,0.003422196959135603,0.12205187219758036,0.2620011685672115,0.19801510374969059,0.19654047486258736,-0.006224815179876707,0.18619199002327366,0.12683098884462185,0.14005872066724281,0.16354906527035412,0.13532852424611672,0.08716375023194538,0.12528886873059608,0.1313607818180152,0.2555776277953236,0.20982257171143123,0.18277568731731958,0.016580193424580683,0.16649568925580394,-0.15074933247199146,0.19359912441603963,-0.09708412460814556,0.1776372848063787,-0.19201982768725828,0.16390742378872597,0.1056568631045832,0.23362637360457342,0.17099392260139357,0.17012478249718452,-0.01962921406357132,0.1565125653011476
acc_y_std,-0.04827493137747037,0.8942902115025796,0.7528933939756071,0.8548985402292736,-0.6612317292863787,0.7984124477044574,-0.04470150765893114,1.0,0.8079315499186344,0.8854255177049912,-0.7466312364683033,0.7943702437059605,0.2841031691745703,0.6503098403823934,0.6108304577316663,0.6199555837811109,-0.47093892309382196,0.6072383642387753,-0.35465065584968836,0.4710047850859551,0.111469549670649,0.43736984905652404,-0.6025879724968212,0.4069725711989036,0.2777161668222472,0.5155814150290748,0.5069590900941171,0.5132178762955203,-0.2709064522312764,0.5103144457043636,0.1363678416937015,0.593181829213464,0.45388560533774647,0.519941038065358,-0.5377108988544133,0.4979489250431036,0.09904954299079202,0.4400120402274382,0.2603375321694786,-0.09476664355071289,-0.10950177548055105,-0.09904954299079387,0.05883760296561792,0.47550516284128475,0.2126958459898841,-0.03731101593949998,-0.17780445702849978,-0.058837602965618165,0.14078180318206707,0.4072034971540376,0.313370349552349,-0.13876986706902483,-0.04621971753974542,-0.1407818031820686,0.03061364684093618,0.40617042960116373,0.1618555619976302,0.038319872438344345,-0.15016924591705913,0.03061364684093614,0.3925990447406974,0.47546454437497265,0.4831043686248749,0.42872137711785974,0.14782249057036098,0.39259904474069834,0.26283801184556466,0.2708197685012583,0.4224217087359096,-0.07423969996507422,0.1249273441984029,-0.09868935813575308,-0.3262724777938821,0.08139123346962307,-0.19856673189921137,-0.0917935998606996,-0.4463399045584125,-0.09926132232297045,-0.31528237697134226,0.2580974140032783,-0.14625748203531952,-0.2782113459042771,-0.4240705997110694,-0.3056765260017964,-0.36796890468312093,0.14327469285991193,-0.20651683321744937,-0.3048067334521087,-0.5166844103498864,-0.3383844732348699,0.32850122095800605,0.1718379058190624,0.432932621411937,-0.2746771077110109,0.1545926407469178,-0.3111174175881872,-0.3612110257064249,0.03642972853466446,-0.23951089129049458,-0.2981256773678535,-0.4460260308903777,-0.32147362121543027
acc_y_max,0.377154176915809,0.7347321852300961,0.8993755225533265,0.6728851417035822,-0.25511077145099165,0.626640631782282,0.389357921360646,0.8079315499186344,1.0,0.6591503852521051,-0.292536783495417,0.5852796071594951,0.21528987187487456,0.5372708015076773,0.5232916303670693,0.49488372741579645,-0.41754920478492896,0.4731865125959719,-0.1063385132719717,0.3780389644905101,0.2087212861427593,0.2773572789321111,-0.35773493709273074,0.24933733876668657,0.11896709315309335,0.4254500167935659,0.34448736999738805,0.41575210989709505,-0.27874930447822766,0.42909244718807255,-0.18831159042173976,0.2636214060833153,0.08018405163244346,0.2034218243637202,-0.5471571964742947,0.20761341300544267,0.15698730029206026,0.22582772804605494,0.2058670883287473,-0.1555617684815637,0.06381228504448584,-0.15698730029205968,0.16338747366045664,0.23895172636120812,0.19478308354630294,-0.1522112134403115,0.019400325661440034,-0.16338747366045714,0.05063534001359032,0.1768555070913776,0.13345226470013108,-0.05068487711639053,-0.022102370108392614,-0.05063534001359158,0.1250669010838932,0.13801437204415937,0.13418201373877645,0.12350659829990758,0.036118502070309436,0.12506690108389396,0.26374822989935504,0.34044859783631837,0.33135680631532083,0.2898017572583315,0.0647210857643972,0.26374822989935537,0.16462669056389753,0.28720623156415287,0.32476850127919554,-0.0028658765422840933,0.04204803292820278,-0.034116121545928094,-0.20510038901893388,0.1588479269268863,-0.0810485044422735,-0.008855997515625035,-0.35459239584046953,-0.016917906459793648,-0.11564463576742044,0.2965123598629272,0.034496562260263826,-0.08970661188593167,-0.22925325833243881,-0.114687710880969,-0.23066123096230315,0.19934945891439507,-0.0794899644487565,-0.16582180901241353,-0.3938646981984356,-0.19410833644829367,0.1975595622254365,0.18653658024470277,0.29888574075900204,-0.14928758478834814,0.052234024913490815,-0.17862463109716148,-0.22621713261616222,0.1148726674791374,-0.11413439444890446,-0.15598867366601057,-0.3457245271207842,-0.17560227997060554
acc_y_rms,-0.055418530458717856,0.7712822715711459,0.6125969348269572,0.9183254717815564,-0.5961643696839134,0.9211889459972052,-0.09062277399223276,0.8854255177049912,0.6591503852521051,1.0,-0.6629625556529815,0.9789139544461115,0.010421703624974984,0.5187397080841412,0.42026371278336955,0.5432261838610998,-0.4152900316050639,0.6037281981717287,-0.39974961988578217,0.5545967857810823,0.11568978684228007,0.6026396534727362,-0.7059136287299506,0.5822541122973278,0.2748656294571421,0.7132567047009544,0.6560168698931494,0.6390198659747023,-0.37826661992056637,0.6204203833498426,0.25584403565562863,0.761147932555147,0.6200099797710936,0.7253619276734454,-0.5713015743475809,0.7009829464207372,0.18608076887937594,0.6209561522187506,0.41481639386368446,-0.17992670849791445,-0.08317186574101751,-0.18608076887937747,0.0840055144746203,0.6397184527713742,0.3199640517584691,-0.05726398638756602,-0.20048858357897564,-0.08400551447462103,0.2125416482129358,0.6406489319702365,0.4425659084231832,-0.20792467122683006,-0.1059268373940164,-0.2125416482129375,0.08136485754114878,0.5924033735475109,0.29039185904723575,0.096747628092586,-0.14838316457866899,0.08136485754114893,0.5018137961740136,0.7020597231033621,0.6806424568720987,0.5665574021128897,0.15861177788924416,0.5018137961740128,0.2919792273982892,0.12428092543391495,0.38736559554127115,-0.1453786251772621,0.20165584580658366,-0.15906053455838073,-0.3602987978134783,0.05352545148178499,-0.23602375279433435,-0.07125951218416336,-0.4683514915713698,-0.07343335396951452,-0.46062081496383356,0.10736888063999171,-0.32543394644586243,-0.4108494393899441,-0.5252987274557549,-0.4312470523931422,-0.4251759119639766,0.10221299739416835,-0.2687085295255746,-0.35921394378877325,-0.5563502498345692,-0.39089336625519544,0.3695384931815805,0.12156824723099333,0.453262665016329,-0.3158101092001062,0.20628982275957827,-0.3500614336587652,-0.41282460680824723,-0.011850238627144927,-0.30272062938100003,-0.3454248039169239,-0.48044238208650125,-0.3659853881618992
acc_y_min,0.5732161058782469,-0.7093794613430099,-0.3281889568582137,-0.6478037813853014,0.8858790973814576,-0.5706648823467402,0.5737019617896092,-0.7466312364683033,-0.292536783495417,-0.6629625556529815,1.0,-0.564112456656409,-0.33087064746031297,-0.6249265235591026,-0.5979614877460542,-0.5980544093026391,0.44542737808239635,-0.5625018694599048,0.36944350208465493,-0.25453114344875194,0.04111111074375699,-0.31518724459341424,0.47438918041653144,-0.3046625132156304,-0.22277430415216326,-0.19532110856241547,-0.26892284802305433,-0.16599246886578825,0.08632448998295145,-0.14375072189426716,-0.34878832922089414,-0.514869931102689,-0.5214459238865392,-0.459446946060427,0.1789849714840981,-0.41729126941211864,0.16843841328484171,-0.31112830576693207,-0.021179289863711002,-0.17258831887179552,0.3351587658795992,-0.1684384132848388,0.21026952571559016,-0.3339338355947158,0.03760844917857156,-0.22458346828017298,0.3553057272372095,-0.21026952571558968,-0.21791053009916517,-0.3571224730712256,-0.34986667593303844,0.21561812360939656,-0.05133852174273092,0.21791053009916736,0.22579825039164395,-0.3738404530363388,0.046441477350776444,0.2146301057093775,0.36310865336444864,0.22579825039164486,-0.18129522363480538,-0.23572070446490462,-0.24154119886906059,-0.2046995439511974,-0.0864317730555274,-0.18129522363480596,-0.25265964444174216,-0.186481846600766,-0.3824375620967857,0.0639571003120705,-0.14576966796031837,0.07505021410482214,0.2969186285709353,0.0711751400337354,0.24137526417943755,0.15549075210104701,0.3239361122217763,0.15730075033048013,0.30650767350884794,-0.1703693671845025,0.18350607169988964,0.2858772295305283,0.3875398199069765,0.30557853694293646,0.32448691558695975,0.008583275614604714,0.24263684596379478,0.3039701710094075,0.38811792618077806,0.3229314890370911,-0.3054936742273289,-0.05215331251479681,-0.36735032985165667,0.27746180360753575,-0.19418506829693616,0.299171778541133,0.3123623701440301,0.07601292854206601,0.2479492342057975,0.29938824157602606,0.3145867639673066,0.3126343409151267
acc_y_abs_sum,-0.04491341309444536,0.6909569358103052,0.5477118875559068,0.8878154646117277,-0.5189778583232392,0.9204313539728127,-0.10076536727430732,0.7943702437059605,0.5852796071594951,0.9789139544461115,-0.564112456656409,1.0,-0.11890309692981094,0.429810493375505,0.31439480859358776,0.47239358835125544,-0.3717786066596107,0.560641466922928,-0.40343446757670387,0.5582519975523466,0.10846979999859546,0.6281368595025998,-0.7062311146905268,0.6122367215689388,0.3020297147009504,0.7431236962026431,0.6985976532679209,0.6711505482377055,-0.354509457068817,0.6497627645688127,0.306594254138421,0.7921347689264155,0.6644364154433678,0.7744100681432554,-0.5411757084538767,0.7520156009216262,0.2134205307271129,0.6588679642788533,0.4503336057124625,-0.20675730714449134,-0.07687557360299627,-0.21342053072711456,0.08187137245047713,0.6869028182607693,0.3389409712198823,-0.052903186609981674,-0.22022917017971533,-0.08187137245047746,0.23309319587253807,0.7004347644714601,0.4789141874181502,-0.22774647567423442,-0.11572397312661889,-0.23309319587254007,0.0875435938844818,0.6433133649643344,0.31459928552745586,0.10527405808233137,-0.160869877129993,0.08754359388448191,0.5460627540649807,0.751191289547697,0.7326530236494723,0.6135693070887239,0.18164726547169444,0.546062754064981,0.29166777770224395,0.0455329167564748,0.35274296151032425,-0.16389153145285207,0.23350666742020468,-0.17219390662639045,-0.3583147229253783,0.011290275639914315,-0.2535589216018241,-0.06838698322721759,-0.44414103411705913,-0.06595923592720998,-0.48837661638393615,0.014611257865900815,-0.3855918176102121,-0.436823172856699,-0.5242305850388774,-0.45017419886665044,-0.42985858126014614,0.0472776656124625,-0.2964962358830835,-0.3717140800593753,-0.5332406687541168,-0.3971921866885905,0.37368292861585706,0.060206165288399456,0.43268416926980285,-0.3266738256824872,0.23526537471167633,-0.35437565945023636,-0.4139414292841981,-0.05710835617074949,-0.3267500066892491,-0.35410363951185253,-0.4611159886218449,-0.36943146064415333
acc_z_mean,-0.15518853660678414,0.32476806093157323,0.2255348794567549,0.04339320092828795,-0.3606838472589347,-0.08927807104484356,-0.021167088606923318,0.2841031691745703,0.21528987187487456,0.010421703624974984,-0.33087064746031297,-0.11890309692981094,1.0,0.44459739113814023,0.5961641329047774,0.2936748871391596,-0.1446199218785528,0.09603874705075034,-0.1243987339053222,-0.08972648463690315,-0.10230485227450044,-0.16018305515511921,0.013598041187402017,-0.1843846403760035,-0.28626822798860957,-0.06089156891723149,-0.23639116610048275,-0.07855101208068427,-0.2447143788155704,-0.0837838066467326,-0.22912002399051795,-0.14577381399472406,-0.24520451355271972,-0.1412980283402554,-0.1574106842987706,-0.14390444283405085,-0.25569416719036053,-0.14621050729885274,-0.2430596043266445,0.25547762930285345,-0.18837833208289217,0.25569416719035953,-0.10530769734779742,-0.10623946112951929,-0.13065451496592587,0.10263589611734324,-0.054618885432101215,0.10530769734779834,-0.0166209558944588,-0.13500662601491226,-0.06106224936692148,0.015381251812367503,0.05602080165522696,0.016620955894458982,-0.14087506491462776,-0.12395796389455271,-0.16814631602157226,-0.14454164356443888,-0.08987308705282408,-0.14087506491462862,-0.286009170031316,-0.2381523614170085,-0.2992160331649752,-0.2902769573758559,-0.21613674160020685,-0.28600917003131715,-0.09410389010160695,0.463243815764515,0.09158766913893755,0.17920792565222646,-0.2679175395892581,0.14914553904318764,0.14810555936959158,0.3250880181676848,0.25437541432522,0.13535189513304136,0.008778449747759248,0.10865330034061055,0.24841975857444423,0.5537821562180593,0.4264220382078363,0.2458996142253742,0.0800501216294485,0.20737652252461217,0.18151534817819018,0.3851275765093674,0.31165314248432163,0.22487665160979234,0.019966198235912218,0.1867452224638331,-0.18212776062754701,0.40579191600758047,-0.04392186126395796,0.21622436285530366,-0.3146228127525345,0.17975563922557158,0.139508934355002,0.32639278497573004,0.2608643528699401,0.17806583390344563,0.0036677215009889084,0.146677574235863
acc_z_std,-0.10629541097273598,0.66273188885599,0.6218796418130311,0.5753845701777628,-0.5359230941011586,0.501197217740095,-0.10548347358917265,0.6503098403823934,0.5372708015076773,0.5187397080841412,-0.6249265235591026,0.429810493375505,0.44459739113814023,1.0,0.9610163596426332,0.9654311392913236,-0.8631758358768545,0.849717206984315,-0.08540438444533839,0.2804535031217982,0.20232445221934572,0.23711159641427637,-0.26672230596069096,0.22148808931851272,-0.0042606752998758535,0.14068710113305988,0.09156177115617106,0.06692345513080104,-0.18199154241975535,0.0529525152191361,-0.06367955236285049,0.20311641278854922,0.1146294351048855,0.15922585331099007,-0.2980652049702082,0.1396991143171333,-0.10900189699298456,0.08287325165548005,-0.03329328377546577,0.10990233705292873,-0.1494396306306003,0.10900189699298324,-0.08790457215101681,0.11137315720409645,-0.038090975291066254,0.09008219028196278,-0.15075192412338495,0.08790457215101652,0.08210124241817435,0.16036926152493375,0.13876327645503284,-0.08159529263132687,0.0007434331011954966,-0.08210124241817553,-0.14789425392814418,0.10179185175981936,-0.09087194438812628,-0.14608823828661435,-0.19447159094616248,-0.14789425392814404,0.18322852683915056,0.1447753609939945,0.20098704962665576,0.18953814715682193,0.1667813608998438,0.18322852683915072,0.24175035391390562,0.26206651514204876,0.3675537489311251,-0.06827291644241451,0.10059418824497089,-0.08303381760282663,-0.3271093157492424,-0.027391417855342805,-0.24951948042248603,-0.11773584748912837,-0.3883509503072573,-0.11944005740973425,-0.27535332732278306,0.3378820096033299,-0.0898203745262152,-0.24518794913340694,-0.415312909706953,-0.27553384563970207,-0.3656997909573525,0.023050114487043805,-0.25718925452826624,-0.33003715113609017,-0.45629704546672334,-0.35311628760161057,0.32805833113229266,0.06646281617452686,0.39667576242150987,-0.29411002701700245,0.20762664778202436,-0.318991892114359,-0.3329430572960907,-0.04246612920889146,-0.24930327332281133,-0.3065895971529452,-0.35533341572217736,-0.32382961540545985
acc_z_max,-0.14595145021412217,0.6431352946511291,0.6038673834032299,0.4870595982454827,-0.5386076735016834,0.3893790188518603,-0.1133998441706913,0.6108304577316663,0.5232916303670693,0.42026371278336955,-0.5979614877460542,0.31439480859358776,0.5961641329047774,0.9610163596426332,1.0,0.8933714031015295,-0.757690897598481,0.7297714617634908,-0.09043645686528942,0.16323973610215284,0.11643853091975316,0.1230901861803828,-0.18446196211611238,0.10866867746706467,-0.054562179854708355,0.06889002446230615,0.005175088612586986,0.005602126066451731,-0.1732977472847379,-0.005955205921078497,-0.10491249180468833,0.10768137608062364,0.031146168153909595,0.06422836803784177,-0.24887447632571583,0.0477914230639714,-0.18295614661551599,0.0003103336989399297,-0.12635713244670777,0.1835423359853637,-0.19162683062304028,0.18295614661551463,-0.1426745528951688,0.032612737069408974,-0.11772850670086603,0.14326495367094444,-0.17270416200965893,0.14267455289516862,0.08145445695914534,0.0742818095188898,0.10842696931699737,-0.08163354109156283,0.04806766995855801,-0.08145445695914669,-0.1997373946534658,0.02323732146556717,-0.1674028816693355,-0.1998667626913521,-0.21904835445551524,-0.19973739465346546,0.08523978698911895,0.041768959939886684,0.08120275017423713,0.08464965578495419,0.09957971704416192,0.08523978698911899,0.17112365902657617,0.3262815355348566,0.32684298755788715,-0.01928525509060644,0.018371625279162057,-0.03865236147685162,-0.2383180833260303,0.023382858172232648,-0.16386639611906997,-0.07917999573844312,-0.31247856139515207,-0.08494150729990786,-0.1520692175741137,0.40294821921681484,0.04098056285217298,-0.13193186035442414,-0.30493474385324115,-0.16412932670711608,-0.2618665184431308,0.07608209159568535,-0.15610177438053943,-0.22801681762130127,-0.36543510249355354,-0.2519127378739499,0.2304266935662643,0.11733635666656189,0.31119543021877266,-0.1996098950907898,0.11246033362130145,-0.2245192809028057,-0.23598757932850262,0.019606475295998592,-0.15233337027759694,-0.21158007164793108,-0.27909915621920744,-0.2304827810331173
acc_z_rms,-0.0775177473072562,0.6409851522415022,0.5850244101590368,0.6175638118426717,-0.5199428244748469,0.5624988864517797,-0.10047264339657141,0.6199555837811109,0.49488372741579645,0.5432261838610998,-0.5980544093026391,0.47239358835125544,0.2936748871391596,0.9654311392913236,0.8933714031015295,1.0,-0.8490873517914609,0.9480706616782851,-0.022196362334581495,0.3610825973779408,0.2952570840533114,0.33454019978382743,-0.2899214722441255,0.31968097150143754,0.019126861369522703,0.16189239414699266,0.11864926382490011,0.09734919528491658,-0.17929968937285087,0.08251076430773098,-0.058101823910778866,0.24953688723726464,0.15241495980728317,0.19608930214467504,-0.3301579562851713,0.1741731355923801,-0.01865257885540721,0.11302563275186898,0.0460884031217981,0.019160992590552595,-0.06543437774180809,0.018652578855405517,-0.029127571760868096,0.14680138040553756,0.028719890881681975,0.030475941207111504,-0.10477857598366723,0.029127571760867842,0.06769449911534693,0.1936162482959593,0.13686958259249393,-0.06707395814247574,-0.0344211433379021,-0.06769449911534782,-0.07616395444118074,0.13374391339627842,-0.014847362999842836,-0.07428298552113953,-0.13179947043935292,-0.07616395444118053,0.24359284433533065,0.18057807286575286,0.2577623308120717,0.24793166919357554,0.2260497845257404,0.24359284433533127,0.2954453043155398,0.2068501963726061,0.39412638286826296,-0.10734836617100471,0.1660051530622589,-0.1167881109929139,-0.37675016358603974,-0.0539293706197288,-0.29719580306064225,-0.1384799313025479,-0.4269873601849811,-0.13873215681536136,-0.3877435554091425,0.2735062744228176,-0.20860895415915506,-0.34587446073359374,-0.5116130565059192,-0.37500963182146546,-0.4370587299642256,-0.007043116932710422,-0.32533199514748096,-0.4008190094973342,-0.5153585661212218,-0.42604519592255624,0.39062293692155137,0.04264494811832122,0.453863993321583,-0.3527762026475971,0.2669319205789949,-0.3794116747517583,-0.3981134889035345,-0.08548029245518664,-0.3152807090336008,-0.3718882763531266,-0.4009996352942993,-0.3897396407131183
acc_z_min,0.0064923665298054455,-0.43483733242577705,-0.49102382285072954,-0.4153567322226676,0.2993518356003769,-0.3871133329085953,0.040367298160054965,-0.47093892309382196,-0.41754920478492896,-0.4152900316050639,0.44542737808239635,-0.3717786066596107,-0.1446199218785528,-0.8631758358768545,-0.757690897598481,-0.8490873517914609,1.0,-0.750940883373805,0.026729634532770875,-0.22226156772074165,-0.18606696626083058,-0.18291825246421617,0.18954020990298617,-0.17594975572543112,-0.08022611290776838,-0.12815814944105763,-0.1412244974180697,-0.07423288441063748,0.069924151471269,-0.06552770505329268,-0.003976164872673167,-0.17220058248022477,-0.14046362222693137,-0.13822752640719616,0.16292176789723384,-0.12756305288962075,0.041898255801830125,-0.07922749354362235,-0.007984677264500051,-0.04274674831536779,0.084331757856287,-0.041898255801830785,0.06380699729151941,-0.09517439027205571,0.026478070721201723,-0.06670730148922448,0.1239945327989542,-0.06380699729151929,-0.036841792326136685,-0.15055553128765561,-0.09297561653567553,0.035934516130483075,0.039883589063474424,0.03684179232613805,0.11887056581599084,-0.0833501486497808,0.07830461366382302,0.11639927663964204,0.1654759879771603,0.11887056581599047,-0.2755513492515925,-0.2013048607250289,-0.28126119158536994,-0.27821675089913456,-0.23828415939650138,-0.2755513492515933,-0.18792867348058662,-0.12214989726774564,-0.24221652289334147,0.10222486675157588,-0.10848248688468407,0.10702998685248008,0.31323922224547224,0.1176877255020405,0.2808115942726308,0.12098779561676459,0.3314043850296771,0.11320672679469987,0.22480476705932761,-0.1944444692547526,0.11687871369126981,0.20418497433820768,0.3275967205327405,0.22097779402073878,0.33789347457014746,0.09892246189882348,0.293321778953077,0.320879854970222,0.37549435281094456,0.32495677356674907,-0.30967223405406474,0.07954473152730347,-0.32331995200785757,0.29654133357636375,-0.2596372520733016,0.3023679780805101,0.2928418229400398,0.11526812615734401,0.25743353633684385,0.2845644976980361,0.2811301023026746,0.2886161344149139
acc_z_abs_sum,-0.036872439353122594,0.6397312443590022,0.55683871543067,0.6960410734489734,-0.5117955927563488,0.6690094302117362,-0.09172680437520159,0.6072383642387753,0.4731865125959719,0.6037281981717287,-0.5625018694599048,0.560641466922928,0.09603874705075034,0.849717206984315,0.7297714617634908,0.9480706616782851,-0.750940883373805,1.0,0.012070716060770342,0.4758332977786783,0.38695205320090525,0.4609708888758069,-0.35475018954865595,0.44410189910176884,0.055648796971252724,0.21774911167724478,0.1819087811398325,0.15575699395618908,-0.18315800497362972,0.13957753151753244,-0.03946379435581796,0.32982595126559966,0.21402660584849018,0.2759962976703663,-0.38752735940311345,0.25057460844516394,0.07482688761178898,0.1870973618089849,0.14813691484980257,-0.07425189970451508,0.0006014411482206817,-0.0748268876117914,0.035011039875889154,0.21994399939735643,0.11594137776788294,-0.03287120780570172,-0.06793322467715808,-0.035011039875889355,0.08525366213456025,0.27044954881524863,0.17985398088084772,-0.08426302557905589,-0.05823143402066119,-0.0852536621345604,0.0025779695479628377,0.2036100307540886,0.08255169830302145,0.005516827726775887,-0.07542034727028435,0.0025779695479629513,0.2836632905065891,0.24827533905828586,0.3210522477738077,0.2945041121143,0.23352257229044285,0.2836632905065903,0.36742308955057024,0.14186553227766927,0.44325833667288445,-0.13186409709106076,0.2544991027382769,-0.137369488136619,-0.4274934840709476,-0.0740660905010987,-0.3406297834004025,-0.16421186206373387,-0.46764047442391243,-0.16317645029594727,-0.5043115868493723,0.1795168843277568,-0.34275721551027266,-0.450513782848601,-0.602885247786853,-0.47653069876139087,-0.5091279074037363,-0.029916606031791363,-0.3899918167053637,-0.4711529242987401,-0.5751151982614842,-0.4986593783614145,0.45907573705267934,0.024274957599959686,0.5180633469909708,-0.4151112505461779,0.32639045757624824,-0.44435298955846925,-0.4722395332551951,-0.1278766239537843,-0.38783210218123404,-0.44239944031708217,-0.45879536176617525,-0.46025439399041596
gyro_x_mean,0.259479442940723,-0.24053813824500792,-0.07634370773764494,-0.27893351999523,0.3093260938788679,-0.2837356297701604,0.28297486008730094,-0.35465065584968836,-0.1063385132719717,-0.39974961988578217,0.36944350208465493,-0.40343446757670387,-0.1243987339053222,-0.08540438444533839,-0.09043645686528942,-0.022196362334581495,0.026729634532770875,0.012070716060770342,1.0,-0.10774071502482722,0.6324069297092982,-0.18954838458855608,0.7061972447663605,-0.1898256814870333,-0.22675848924518113,-0.36383891579222066,-0.4073446256322524,-0.33903537908152603,0.09052245219319052,-0.32651047999712063,-0.43503940437735233,-0.48322357918850556,-0.5178552673444223,-0.5093418528475802,0.07098029370462303,-0.49877237377577854,0.01023141605175422,-0.4150425953238682,-0.17102425454870035,-0.016044165033071472,0.21891891862626886,-0.010231416051753558,0.049532604938817816,-0.4863591053486282,-0.14224350699139193,-0.07049775653465706,0.26643629125470375,-0.04953260493881792,-0.1402741801753595,-0.4393064038854465,-0.31507790084098086,0.13636113807038078,0.05913410347654102,0.14027418017536045,0.03820051207876312,-0.4000917260099037,-0.1116926496090699,0.024464999964862188,0.19559279435374774,0.03820051207876361,-0.30982702669485973,-0.41977416186207916,-0.3981057900467567,-0.34760859157818064,-0.08381561100202457,-0.309827026694861,-0.15024974473098632,0.09600593367899202,-0.13854420293788586,0.23571965464741707,-0.16005758660128427,0.23409974278400936,0.28345495562889034,0.09957823599349336,0.2421095912388001,0.19229927488790427,0.2798064514857978,0.19222094134177123,0.2891319149917885,0.06990133373787655,0.24951199797038864,0.2817801363004376,0.2674519197292725,0.2831497760221764,0.29105592541015696,0.07925771581931865,0.23626343603851402,0.2705319984492968,0.28373858796044665,0.28006631576331176,-0.2416022135751077,0.03146030538977241,-0.24396303369080863,0.2298610793933093,-0.1796313884885804,0.24100046791533392,0.2938169948262847,0.15106480167907774,0.2684707252084001,0.276171996475554,0.2535088927508952,0.27929485890045747
