,acc_x_mean,acc_x_std,acc_x_max,acc_x_rms,acc_x_min,acc_x_abs_sum,acc_y_mean,acc_y_std,acc_y_max,acc_y_rms,acc_y_min,acc_y_abs_sum,acc_z_mean,acc_z_std,acc_z_max,acc_z_rms,acc_z_min,acc_z_abs_sum,gyro_x_mean,gyro_x_std,gyro_x_max,gyro_x_rms,gyro_x_min,gyro_x_abs_sum,gyro_y_mean,gyro_y_std,gyro_y_max,gyro_y_rms,gyro_y_min,gyro_y_abs_sum,gyro_z_mean,gyro_z_std,gyro_z_max,gyro_z_rms,gyro_z_min,gyro_z_abs_sum,quat_w_mean,quat_w_std,quat_w_max,quat_w_rms,quat_w_min,quat_w_abs_sum,quat_x_mean,quat_x_std,quat_x_max,quat_x_rms,quat_x_min,quat_x_abs_sum,quat_y_mean,quat_y_std,quat_y_max,quat_y_rms,quat_y_min,quat_y_abs_sum,quat_z_mean,quat_z_std,quat_z_max,quat_z_rms,quat_z_min,quat_z_abs_sum,encoder_angle_mean,encoder_angle_std,encoder_angle_max,encoder_angle_rms,encoder_angle_min,encoder_angle_abs_sum,grf_x_mean,grf_x_std,grf_x_max,grf_x_rms,grf_x_min,grf_x_abs_sum,grf_y_mean,grf_y_std,grf_y_max,grf_y_rms,grf_y_min,grf_y_abs_sum,grf_z_mean,grf_z_std,grf_z_max,grf_z_rms,grf_z_min,grf_z_abs_sum,grt_x_mean,grt_x_std,grt_x_max,grt_x_rms,grt_x_min,grt_x_abs_sum,grt_y_mean,grt_y_std,grt_y_max,grt_y_rms,grt_y_min,grt_y_abs_sum,grt_z_mean,grt_z_std,grt_z_max,grt_z_rms,grt_z_min,grt_z_abs_sum
acc_x_mean,1.0,0.08655828358513487,0.6335397415952652,-0.0265659573493606,0.3081985122266099,-0.05622163836346595,0.9360576066509069,0.04649271898750984,0.609910434983373,0.01686433570670763,0.3530024297521939,0.01943122793790252,0.2141526510446132,0.12057794781663918,0.18206803325190915,0.061705649368216875,0.04993492185002507,0.015155304188511572,-0.48977647172899497,-0.1302519384717126,-0.4716822623869403,-0.02009374250332088,-0.2236293499762898,-0.015437609547862208,0.07250927375293802,-0.23543080276637296,-0.0677190033829989,-0.19229031958287918,0.21400244113371533,-0.2182240449995157,0.5306262451952188,0.1838266852233647,0.3848194795362071,0.16410156761702913,0.43453284678518705,0.1136621575902254,0.555810417801717,0.16178288214587253,0.6069067666826704,-0.5432962082387801,0.3873976908907829,-0.5558104178017178,-0.5451291241256142,0.27077398069150743,-0.35948472843468815,-0.5425466788030442,-0.5647014219536917,-0.5451291241256165,-0.6048876912614328,0.07017749959905566,-0.430774396925954,0.6152731779986939,-0.6438093154827461,0.6048876912614364,-0.5653292410539973,-0.04027123048111298,-0.40250175176987635,0.5690684863761131,-0.6608910845865735,0.5653292410539982,-0.17748641355548336,-0.16330503499077414,-0.18128948922290672,-0.17707715383587774,-0.06651735022813439,-0.17748641355548359,0.05731278397521871,0.10484058259425555,0.17725668506526712,0.09490308375194348,0.038831758263115516,0.09320005908254322,-0.01753990584730751,-0.11086147418338041,-0.054551332898100956,-0.10954917418190804,0.04577265984002582,-0.10725072329569789,-0.01169468356181784,0.022592628805386508,0.0013733977279234727,-0.011366080849990195,-0.016617786880971916,-0.012715785635733876,-0.01392962873908709,-0.06862719469214454,-0.03381402873035257,-0.042855618228458306,0.02214585550146578,-0.0425244941181185,0.03037658503195058,-0.04512756997245263,0.020333129769963154,-0.04962494242337027,0.027617504489075496,-0.04725995422464758,-0.032015364472060895,-0.08753105842921463,-0.0609324830960768,-0.061675018776903685,0.02796865414107058,-0.060344861639043075
acc_x_std,0.08655828358513487,1.0,0.7418478573275723,0.8906889266357119,-0.8469421795529499,0.8075419117892512,0.11788704433593196,0.9191284524247559,0.6819479989307508,0.784047788007489,-0.7975233005192172,0.7139610500925558,0.2781319146070581,0.7243208623798971,0.6928710330292425,0.701759501638443,-0.4498755228705992,0.6745321055777286,-0.17648620782153257,0.4335511163658986,0.210507009718251,0.3791363300766617,-0.43534405854943053,0.3527492001187156,0.17098826930500385,0.3391353450475672,0.34661924090675106,0.31016241023505947,-0.1705847669079037,0.300702662010427,0.07583711977788471,0.4860113096446668,0.3595722254966026,0.4325300296649469,-0.469050696148912,0.4081318597619656,0.07095069842430617,0.3478601008587146,0.2299151157651057,-0.06343270290643532,-0.056257968500264946,-0.07095069842430675,-0.1669062198160336,0.3776237619432439,0.0335274487857445,-0.16508508069465108,-0.3331481633118566,-0.1669062198160364,0.0030608780821462355,0.36894971375989244,0.13166997362780053,0.01133486895292721,-0.18365538539258122,-0.0030608780821459332,0.0006320218845563243,0.330385652639736,0.13800019125787188,0.002491668733107535,-0.20504715680350058,-0.0006320218845556841,0.2705349868753596,0.31277823234324625,0.33280178392427906,0.29621232039200507,0.12888318429368467,0.2705349868753597,0.2587775216616585,0.4128950331827308,0.4979326754466078,0.06847006159587944,0.08731089035911094,0.03399586758374124,-0.2580493353464753,0.07442321019094024,-0.1358905739441896,-0.045284441987485886,-0.3781908830087634,-0.05419739155456408,-0.27307116268885834,0.23619143266069262,-0.12142606096620291,-0.23080510929297324,-0.3819027708896501,-0.2552252318125703,-0.3219209935191721,0.0955307216761898,-0.17377244075843312,-0.26411915790823204,-0.4653314759689566,-0.30036582781780014,0.3116202860092036,0.1619491060500572,0.42375275719574884,-0.26154510082634375,0.14367269619964987,-0.29756959801919675,-0.28930518008542977,0.003366427575243973,-0.18470210226003356,-0.23616089718051567,-0.3859240205323174,-0.26224748312407004
acc_x_max,0.6335397415952652,0.7418478573275723,1.0,0.6508208081984214,-0.3365380198512317,0.578908196565133,0.6189048426049037,0.6609763863761752,0.9111173679261256,0.5823037392023249,-0.27859968292569615,0.5407453273880394,0.3460825953870057,0.5812302902071692,0.5895502051280415,0.5578429654091501,-0.25373608346684073,0.5323839735717805,-0.41236891622979394,0.2838513196928617,-0.08647398388049835,0.34187546980007044,-0.47526781556707776,0.3255268283433928,0.13918399885028598,0.14495473606170747,0.21425110936883893,0.11720888302547826,-0.061717803208472435,0.09141364697503498,0.3205905380723285,0.48343148426519517,0.47542408888755927,0.43926440636756253,-0.1439863675323438,0.3886485874216525,0.28864991036392695,0.3724447533434465,0.42603518067306584,-0.2757956929925894,0.09250416216417248,-0.288649910363928,-0.4450694097705058,0.4543093593171588,-0.17413688161027954,-0.44205244904889046,-0.575406894384625,-0.44506940977050813,-0.2654558002897969,0.3134115011713056,-0.07789258110252055,0.2792834239019436,-0.40778815963920134,0.2654558002897983,-0.2806811496868353,0.263656921502243,-0.0717818380110324,0.28503750060819627,-0.49311112684665914,0.28068114968683794,0.047407232662965496,0.14648284010667986,0.11927921554137362,0.07446167739643889,-0.018381411438765177,0.047407232662965516,0.2545606191275163,0.3061150383997907,0.4687526985131774,0.1011027249218822,0.12925526932966852,0.08251030530307962,-0.20418591660326743,-0.0015851731960047852,-0.12818055430858874,-0.0797396188847406,-0.25497831436596796,-0.0842568157840571,-0.2549946683173828,0.18174747249729664,-0.13592850639530468,-0.2164172492719439,-0.34086964225356825,-0.23831147705135097,-0.23648592734905338,0.060450676429367474,-0.12603031513022567,-0.20535934451419727,-0.3290978809453964,-0.23734796833754765,0.24304163368134385,0.11124183049803481,0.3197283512109264,-0.21243602206475307,0.1084966687601386,-0.24031145999924314,-0.24100131307151054,-0.044927748063916854,-0.17473554442749836,-0.2127604525797067,-0.2718555817045063,-0.23500154780663318
acc_x_rms,-0.0265659573493606,0.8906889266357119,0.6508208081984214,1.0,-0.7561560046518147,0.9804907542708954,0.05680652710317386,0.8564245307320515,0.6309753562547414,0.9182693521333485,-0.7129077056461876,0.8918029616686718,-0.005083340060943756,0.6332854902496244,0.5315131395319002,0.6939499743310108,-0.4617436838949882,0.7472747137483564,-0.18654791894861347,0.5567020499672433,0.2802044608662377,0.5860564857584181,-0.5327819480768292,0.56590489838485,0.2074972327887132,0.5254597216176206,0.5101006007646712,0.4403927089901702,-0.2585191420541216,0.4220807635496624,0.09151199330009845,0.6448722165792667,0.46875882474234504,0.6154912501310699,-0.5975404999507863,0.5906088449741349,-0.09379607626891827,0.5056680347248064,0.10229325982763696,0.10509714834180801,-0.2667758057558512,0.09379607626891774,-0.11910035123748333,0.5120978943487973,0.16453454289243166,-0.11579463819096246,-0.3318592743095533,-0.11910035123748627,0.16581465108535365,0.506161501911496,0.3295505372843802,-0.1500293892932126,-0.049548410130543306,-0.1658146510853535,0.18874278054136046,0.5200595521735727,0.3663110845035846,-0.1848105275708463,-0.06351350164712206,-0.18874278054135973,0.40297459814672765,0.5689520950662215,0.5606567458884987,0.45954114924666356,0.1321440264612138,0.4029745981467276,0.28791335979902966,0.2619653786361824,0.45700938036000954,-0.041553088346442536,0.1664083944830797,-0.06240439800090904,-0.33580148569421947,0.04496469866651641,-0.1994227696923432,-0.04548602981565294,-0.44832387905260274,-0.04883265900328361,-0.45648349721253945,0.09313515579754442,-0.32249680776284184,-0.3956537834885549,-0.5266112335240788,-0.41617079948989316,-0.42118054401004645,0.05879609088711589,-0.25810335446235577,-0.35492114472631875,-0.5539976305473066,-0.3939449136378945,0.38982184676157067,0.12325217999869463,0.48723721964711403,-0.3342264097677046,0.21433449882175207,-0.3727048248859388,-0.37757703964485034,-0.052520556135936314,-0.26869819599455036,-0.31448226698866927,-0.4516165717631456,-0.3413386801207867
acc_x_min,0.3081985122266099,-0.8469421795529499,-0.3365380198512317,-0.7561560046518147,1.0,-0.6753398479769741,0.25028673310759436,-0.7840012169108939,-0.3180470979845928,-0.6503412421270287,0.9347328411803364,-0.5742356117300581,-0.19037035407088565,-0.638069019855484,-0.6171841814334846,-0.598108971156347,0.4748627883021795,-0.5494135064060653,-0.039557218838277716,-0.3322887970115463,-0.3097078086644837,-0.2491353030264034,0.23431470223198295,-0.23265501472137154,-0.0816592066920572,-0.3143048152890236,-0.2592203431634182,-0.25322724001593416,0.19147055484596495,-0.2598571675557825,0.1540850260289709,-0.2564251482999467,-0.10532984188855725,-0.22236788805937113,0.4877734824223746,-0.22434184654839126,0.008606904216243893,-0.1617164858970793,-0.08477284193475053,-0.009125205156983002,0.04749211999109518,-0.008606904216243886,0.018862736964087527,-0.17619690746105288,-0.062376036533849204,0.01875194276340069,0.12196613556339078,0.018862736964091364,-0.09425893794527145,-0.21115833313125085,-0.13431194028621102,0.0869391052885261,0.029156202312705982,0.09425893794527207,-0.08824243246771299,-0.20813438165650214,-0.14268954658240277,0.08707649664535341,0.01886215365511139,0.08824243246771432,-0.2474450788019187,-0.2965879685217021,-0.30845104037147925,-0.2713025734403488,-0.10762566566302552,-0.2474450788019186,-0.19969412058122565,-0.33256128937552,-0.38415019073535495,-0.05822679600803316,-0.05634152371501405,-0.02415212694117763,0.2215651891012058,-0.06518624427641312,0.12055390321666304,0.019240591010980617,0.33889317190479196,0.024601215408390175,0.1722612037587583,-0.191689643653333,0.052315588853397786,0.15513180246400846,0.2566602241098672,0.17071521711061097,0.2758929250573502,-0.05206479152707849,0.16480949156643918,0.22230373186556623,0.3986776036296769,0.24398656428623028,-0.25171948269550704,-0.10173705645674916,-0.3363834059287403,0.20975657511132814,-0.12888113652098362,0.23383042114244432,0.2261452010222202,-0.0038365313413150064,0.14662529741397118,0.17819229696948985,0.31975858378826927,0.19283853273726062
acc_x_abs_sum,-0.05622163836346595,0.8075419117892512,0.578908196565133,0.9804907542708954,-0.6753398479769741,1.0,0.047635453043197266,0.7999271842215595,0.5827206876109318,0.9200681719644218,-0.6464862569364941,0.9187482406024401,-0.1468856504358452,0.5472708836544858,0.4192555600315062,0.6327473006635272,-0.43568633280142205,0.7186211103599641,-0.2006298389374258,0.5771969635638716,0.2786543991008963,0.6346176267794877,-0.5532610005224328,0.6167170101856898,0.26426183371619455,0.5630578778712926,0.5731552816993678,0.47668965755589227,-0.2349919011409752,0.457388902001214,0.1321298705718699,0.6856309647794553,0.5141849498308979,0.6669189616043449,-0.5906755552803826,0.6441799814252481,-0.16256514925564178,0.5540485502800385,0.04869441923770336,0.17510723454622587,-0.34273476779295975,0.16256514925564183,-0.07342526687789487,0.5419216775012735,0.22399636323062241,-0.06968958235059743,-0.30599414909445555,-0.07342526687789781,0.2313202000556498,0.5514787797991999,0.3997254676660377,-0.21437646947885097,0.0027996326742574674,-0.23132020005565004,0.2681212263508295,0.5835376451334912,0.44954000321997645,-0.2638815625512059,-0.004026250289448728,-0.26812122635082747,0.4615894485693501,0.6468782132439402,0.6355149589644474,0.5240535629268988,0.1455093837936746,0.4615894485693496,0.272850380759154,0.18134469322355737,0.40674181685140587,-0.09350200304130349,0.18631458725715197,-0.10846353164301109,-0.35127638047555243,-0.0014557711289495646,-0.22948136372436143,-0.0565043662890767,-0.44011914587617,-0.05486500237099797,-0.4945360482437896,0.002659898391066595,-0.386586140396668,-0.4316611392760605,-0.5368824646252454,-0.44619130016997305,-0.43947151514296473,0.005440057663654269,-0.29300438585357436,-0.3801043587704264,-0.544787592615705,-0.4130206133602382,0.4018952201458883,0.07036867206407287,0.47642878924632814,-0.3516819842289193,0.24290289133722076,-0.38538055972487395,-0.3916857102919774,-0.09960279567324715,-0.30111925952325175,-0.334650128451317,-0.4398207582848991,-0.3558866127778954
acc_y_mean,0.9360576066509069,0.11788704433593196,0.6189048426049037,0.05680652710317386,0.25028673310759436,0.047635453043197266,1.0,0.059274421857967025,0.6402448072220407,0.07631432279693334,0.3491113479209554,0.09829849704027287,0.05145667668237696,0.16466746181648467,0.186422295624989,0.13938965570801545,-0.05261849842798852,0.12362842903081318,-0.47890937798260785,-0.06614575168271213,-0.41257395823855036,0.08319210669925006,-0.26096917160756444,0.09008911532195459,0.197670937338119,-0.24361795259597685,0.018386555138472437,-0.18183745776719562,0.33926439859552837,-0.2123252934647039,0.5969247018123848,0.24522968263368625,0.462848733099707,0.26281891557878945,0.44190081546782867,0.21663830596310893,0.5302155276124106,0.2652854254619114,0.62691287766675,-0.5135458841715227,0.3340166106051927,-0.5302155276124119,-0.513960831654345,0.3619185471951739,-0.2939745109998427,-0.5102261028414381,-0.5935258955817301,-0.5139608316543458,-0.5772435401284268,0.1564828086014926,-0.37732613676017,0.5915620783642086,-0.6542662580056527,0.577243540128428,-0.48276482865486375,0.06211016713972456,-0.30533549956183964,0.4874445514387159,-0.6332934365421816,0.48276482865486453,-0.07526993519055207,-0.059667432441213565,-0.06585155793456487,-0.07013164256437347,-0.008877457860156554,-0.0752699351905521,0.13541364286647106,-0.01121284972996367,0.20837916743053508,0.03220677431107286,0.15081882687029644,0.037137468160389965,-0.14658089683375672,-0.260663626691682,-0.20939151502029776,-0.2248468990468308,-0.025194767952187645,-0.21326798973974173,-0.12396985772595669,-0.12324747023439964,-0.14516696851387634,-0.12874834520956482,-0.08981453608884937,-0.12071804861265334,-0.14731996960284752,-0.22876342207940387,-0.19928408496829297,-0.19230945010827333,-0.05315397600814824,-0.18019713525147485,0.1498098503141937,-0.1921180708514741,0.09483165967112059,-0.17788178492510545,0.17484165947509367,-0.16552589885528793,-0.15381609207215408,-0.24461996383456036,-0.21610775807539068,-0.20267176845787552,-0.013674992778260234,-0.19033592281539266
acc_y_std,0.04649271898750984,0.9191284524247559,0.6609763863761752,0.8564245307320515,-0.7840012169108939,0.7999271842215595,0.059274421857967025,1.0,0.7124779645616084,0.8845267131812804,-0.8314695010512266,0.8125231875721444,0.22561298390933318,0.6532225571735095,0.6116234722090003,0.6214490288900199,-0.42065584305017867,0.5980749421803822,-0.2878083269298079,0.48963176451962354,0.15378486321432716,0.4567112983776966,-0.5481988028871693,0.42597068998511983,0.28613652801797,0.5114002084125032,0.5237716534031207,0.49815476582868606,-0.2363487816224557,0.49393431434585144,0.14024028902590335,0.5995115174924097,0.4623829718744701,0.526994176850249,-0.5194298938446292,0.5022238658897438,0.002428139289093702,0.41891170204278155,0.19369519164449342,0.006463201149195651,-0.1364626103373502,-0.0024281392890941047,-0.14228933568534818,0.41516315870598686,0.07561593688366548,-0.14014557748694198,-0.3346615680883652,-0.14228933568535201,0.09265386848580247,0.4743789170589558,0.2369060314803218,-0.07172132950369543,-0.14425484276885905,-0.09265386848580237,0.0391301499596059,0.40222498794654105,0.1934403044462357,-0.034990653654774,-0.2022514638318596,-0.03913014995960538,0.38666829947400383,0.4324886074778414,0.4598969785507572,0.4184421494836723,0.17783397623742214,0.3866682994740037,0.2616305560130962,0.3144107037558836,0.4489256898485351,-0.008892335206025174,0.11902294097983544,-0.03620626506441742,-0.28425386853744833,0.07105632772318415,-0.1507801473337555,-0.03390737623688804,-0.412492474037259,-0.039799484456257306,-0.3168886544724199,0.17528757863641511,-0.1742864419524381,-0.2771245834942541,-0.4027541565334013,-0.2987721709729085,-0.3354055804323233,0.09820135053065109,-0.177927226085395,-0.26924228413732726,-0.4869970395792194,-0.30531667553528696,0.31656587725033836,0.15214912740119294,0.4169182657756118,-0.26421097145621936,0.14548229855305825,-0.3006960219550158,-0.30472978532064104,-0.0034289049151667397,-0.19380488616952446,-0.23916814036203957,-0.4037494450856475,-0.26440816017093055
acc_y_max,0.609910434983373,0.6819479989307508,0.9111173679261256,0.6309753562547414,-0.3180470979845928,0.5827206876109318,0.6402448072220407,0.7124779645616084,1.0,0.6543290847468226,-0.28419095560330504,0.6093162883441047,0.2653511020752396,0.6132026649823831,0.5965056474634708,0.581865455197251,-0.3676049556717694,0.5497960166425622,-0.49743116076288013,0.3351744045375378,-0.12203912486928388,0.419776123290033,-0.5738647079250776,0.40187392784709236,0.2598735102677158,0.21162168177423024,0.33254811808441437,0.19702295309669363,-0.03186774501773759,0.17348231609764517,0.40644943807113315,0.5691289651018676,0.5841855343401098,0.514734694305003,-0.12965296018899863,0.4619879287426708,0.2648251028652474,0.430126993894176,0.4291782220945158,-0.24993237181989902,0.05547014039125254,-0.26482510286524885,-0.40620125394068346,0.4911367269478592,-0.11985301274469745,-0.4027447843682466,-0.5638515509548238,-0.4062012539406854,-0.2256841348693193,0.37971112619319936,-0.02458651238358531,0.24380849558749565,-0.4024260844666358,0.2256841348693209,-0.25503847079334635,0.31823337559531684,-0.03246999718546505,0.26024748816033105,-0.5007718949494588,0.2550384707933482,0.15660268539953454,0.23758506743903973,0.2326641148265125,0.18634289222456946,0.06201352097769821,0.1566026853995346,0.27778785649182974,0.18264155987596506,0.4354703948591075,0.0002533384818482632,0.18840552478848446,-0.009781309061205811,-0.29378173904542065,-0.08576634494186187,-0.2272946805554776,-0.13305349296524832,-0.3262568091736518,-0.13041547583351007,-0.3287060726667967,0.08351284314750818,-0.2296005708320484,-0.30115298589116324,-0.3886829154827068,-0.31635222620157366,-0.3158221670601272,-0.028208576026001048,-0.22274957055746372,-0.2892812734548155,-0.395092111455008,-0.31282774138637065,0.3073104950680672,0.022299984594832654,0.3570544263271345,-0.2836771506189318,0.1904999028286653,-0.3052119608221216,-0.31249208856424754,-0.1252357587030272,-0.25787523027317283,-0.28775610686630415,-0.3110928429759582,-0.30285198571987926
acc_y_rms,0.01686433570670763,0.784047788007489,0.5823037392023249,0.9182693521333485,-0.6503412421270287,0.9200681719644218,0.07631432279693334,0.8845267131812804,0.6543290847468226,1.0,-0.6841293069474581,0.9846629697636788,-0.042646578490999135,0.530327635567016,0.42785494639030086,0.5594106763901563,-0.41045839133615925,0.6064954723683847,-0.33516067071879424,0.5961326996751928,0.17843601996189545,0.6449500139720149,-0.659926272796473,0.6228123095982463,0.29443705347287097,0.694779238349399,0.6769294885354252,0.6236011380717642,-0.3275285352826061,0.602251318410222,0.2207499732083226,0.756039066237727,0.5969853022374331,0.723805463246893,-0.5805099409982497,0.6985697759727272,-0.0779310885842361,0.6045297395729057,0.16165788208580786,0.0935659080630068,-0.28704669984832404,0.07793108858423571,-0.16044522237783945,0.6033843800065067,0.17065010764135038,-0.15597039042321692,-0.40851213890956206,-0.16044522237784298,0.1720316466624533,0.6281390219288864,0.3794209688025094,-0.14764436401693437,-0.09826629139612679,-0.17203164666245324,0.14249497272255335,0.5782769626940557,0.3567409710168726,-0.13685298748350508,-0.15183073476570555,-0.14249497272255304,0.49636849847550496,0.6727961726458841,0.6660260158874823,0.560066018224842,0.17123622122530763,0.4963684984755041,0.26000276099489217,0.1552692993643621,0.3816541835964926,-0.10082297080636425,0.17763038419129623,-0.11515567907984005,-0.30868736897327065,0.05494028266384584,-0.17231882583329905,0.004221006148049936,-0.4279337306444098,0.004928227133148974,-0.4630803977056968,0.022778408959599646,-0.35201774652499956,-0.4065172021041245,-0.508332615453614,-0.4221974670920055,-0.38568799109419644,0.06349778134880275,-0.22864338985617413,-0.3172132041176987,-0.5235434934649187,-0.3518853114725438,0.3474519304956684,0.1163123340764255,0.43232382641141426,-0.29370389130788643,0.18018965107674986,-0.32958066833448074,-0.3408564365365521,-0.04406721021038092,-0.23953140790858773,-0.27197667339874854,-0.420847066892267,-0.29445144426419284
acc_y_min,0.3530024297521939,-0.7975233005192172,-0.27859968292569615,-0.7129077056461876,0.9347328411803364,-0.6464862569364941,0.3491113479209554,-0.8314695010512266,-0.28419095560330504,-0.6841293069474581,1.0,-0.5993444221865637,-0.19069510345442864,-0.5383616341390713,-0.5188443516795702,-0.49074898736903316,0.36979145871657376,-0.4519349997062325,-0.029541997703211285,-0.35706587299595083,-0.3076305155802774,-0.2584510372367472,0.2568530750422258,-0.23573328899715632,-0.10688197967140148,-0.4054750709985371,-0.32630774939305074,-0.366930210415637,0.26594846650509457,-0.37816820878220675,0.1606054058112689,-0.28865642591509866,-0.1156616812267528,-0.22541626681753088,0.535471369890512,-0.22585471568703389,0.07765736644102768,-0.15513701125645313,-0.014557129755438467,-0.0769478178011781,0.10195790481001749,-0.07765736644102816,-0.029246893091567076,-0.13243235557526298,-0.08354074424357226,-0.029013186940297777,0.06442109343882933,-0.029246893091563527,-0.17394507602120174,-0.23121990960279667,-0.20118245613682406,0.16461865140824053,-0.041125604504765524,0.1739450760212024,-0.12121757835375471,-0.20125489555939943,-0.1620572055736641,0.12022293202688608,-0.02453707282956957,0.12121757835375573,-0.26356796188575937,-0.31342031518568686,-0.3240404686736635,-0.2875767141306307,-0.09687175954278614,-0.26356796188575926,-0.16820275390410108,-0.346298157664893,-0.3485139951335936,-0.0463550086098981,-0.020932305047191267,-0.01253883531327162,0.15925417822895283,-0.14652776527447692,0.040664063399015314,-0.04312064516719411,0.31063817721873127,-0.03369958418328977,0.12484682955478141,-0.236157197076322,-0.0054713697735568525,0.10319234722644152,0.2183670875425722,0.12241771864959984,0.20565321254385288,-0.14519257387010362,0.07243078645321885,0.142149095992325,0.3632260631050914,0.16996774226885178,-0.19292413153946253,-0.18136163589784332,-0.29979293762513026,0.1440918667255203,-0.05502589837581965,0.17448377271044668,0.16588339861551066,-0.08744047148825386,0.06611393247623577,0.10368714863299393,0.30634015799955977,0.12366979899259359
acc_y_abs_sum,0.01943122793790252,0.7139610500925558,0.5407453273880394,0.8918029616686718,-0.5742356117300581,0.9187482406024401,0.09829849704027287,0.8125231875721444,0.6093162883441047,0.9846629697636788,-0.5993444221865637,1.0,-0.14261847372558117,0.47135633174087055,0.3504402053825052,0.5180953348935204,-0.39458374786719347,0.5877443932457967,-0.3430621041838841,0.6070555901101271,0.17622833326843018,0.6783952544958339,-0.671530214961825,0.6589855837811901,0.32217972756808116,0.7132743548992246,0.7114403190127534,0.645662902301186,-0.3081515945694354,0.6213546347565772,0.2559843104462417,0.7791844584578311,0.6268827487233992,0.7643503019316175,-0.563849388154789,0.7411647746296947,-0.10039468707354608,0.6489877511804124,0.1549069906560588,0.11773453752332423,-0.322937618801601,0.10039468707354564,-0.15918866541659757,0.6423701095112144,0.19128983038400024,-0.15417907562519856,-0.42520045197290746,-0.15918866541660032,0.19134052411390018,0.6646716895203885,0.4105715371521764,-0.16576277862659508,-0.08988673508878187,-0.19134052411390048,0.17601064816690148,0.6175629172407481,0.3973410582977409,-0.17002509217702386,-0.13493200841687986,-0.17601064816690093,0.5360758536917373,0.7121806127730321,0.7103707695115552,0.6015639950378875,0.19572725499696147,0.536075853691738,0.25022428481802117,0.07421851657551959,0.3362765607220037,-0.1322791609820687,0.20197705893815715,-0.14089634581366658,-0.31212811969918636,0.01622011367098945,-0.193122084907712,0.005662616764051854,-0.4114172397373312,0.010966091037979422,-0.4990729035008273,-0.05522299678526961,-0.4124942459898603,-0.44056207376688994,-0.5217964966413233,-0.4511177745127891,-0.39301614167877935,0.016962494645060257,-0.25544141019418387,-0.332002063999856,-0.5062972475006484,-0.3609074775225714,0.35108401007337137,0.06625051674724401,0.41510767073699273,-0.3024544014413292,0.2026740510244484,-0.3330605439919094,-0.34523363790015776,-0.0856219726881456,-0.26499543598469016,-0.28385983676714543,-0.40037088824046196,-0.30092751615340607
acc_z_mean,0.2141526510446132,0.2781319146070581,0.3460825953870057,-0.005083340060943756,-0.19037035407088565,-0.1468856504358452,0.05145667668237696,0.22561298390933318,0.2653511020752396,-0.042646578490999135,-0.19069510345442864,-0.14261847372558117,1.0,0.45741816512005407,0.6162707215800011,0.2805832626592993,-0.07464855096888667,0.09130772748946848,-0.10976844094365797,-0.15405251577502713,-0.15742968634819918,-0.2514496440005412,0.035993016299544434,-0.26393107912989716,-0.33430055210640086,-0.06985836598301122,-0.27024490221181585,-0.10929002506386937,-0.25710678336913384,-0.1121660858226929,-0.24281249337132374,-0.2053123383029754,-0.2712993157673576,-0.21924353700321586,-0.07394732316606746,-0.23124348062496636,0.23015922035318004,-0.20116504330898713,0.14402820525470042,-0.23436159618346705,0.25680433517637524,-0.23015922035317996,-0.14931528955272802,-0.09435738573637428,-0.18030930115170724,-0.1506014556617915,-0.06868551031846165,-0.1493152895527278,-0.21030007035990397,-0.1690048636745734,-0.22435099251482904,0.20598959285175472,-0.1412342890474055,0.2103000703599037,-0.40668065021405525,-0.25814303571174807,-0.3810465480576677,0.4061294062390459,-0.3121471901146589,0.4066806502140554,-0.40935727060751353,-0.3579980133293231,-0.4212363834783323,-0.41699626984724636,-0.2603624673591983,-0.4093572706075142,-0.052422509055291854,0.41905996113765626,0.12465501794426714,0.18984303120777724,-0.22333789471454496,0.1608862945403659,0.14699089976102656,0.30523475428968266,0.24590088049624606,0.14523061870469964,0.002004709956437049,0.1205947245968676,0.23336144218500263,0.519420637924765,0.3888010093142586,0.22223687804649653,0.0792878765508075,0.18831928689626895,0.1847001722355717,0.3643950012564614,0.30471491647210586,0.23368333636332023,0.02044332723919927,0.19489286019803995,-0.167144161935502,0.37048468550299685,-0.040780099404442736,0.19856480737559518,-0.2841512653919428,0.1656514037446352,0.1497049761170705,0.309953311913915,0.263621815076715,0.19447250201774047,-0.011887852981196925,0.16345056297606944
acc_z_std,0.12057794781663918,0.7243208623798971,0.5812302902071692,0.6332854902496244,-0.638069019855484,0.5472708836544858,0.16466746181648467,0.6532225571735095,0.6132026649823831,0.530327635567016,-0.5383616341390713,0.47135633174087055,0.45741816512005407,1.0,0.9610880479838906,0.9503914919378965,-0.804180861566773,0.8437339716645917,-0.15939166548729836,0.29927153646496,0.1546092925648105,0.25542855415674914,-0.3219274587679672,0.2383606660624411,0.01668569722886894,0.17445739412537298,0.1427170675109484,0.079156072918888,-0.16220611290149292,0.06716613049230294,-0.06727736917623006,0.24595334662501192,0.15275836250653066,0.22420529773476824,-0.33089573487724877,0.20320650814411978,0.15575710228054696,0.15274222285502836,0.22104397653675475,-0.15221466389518562,0.07066033478233567,-0.15575710228054748,-0.165084931971542,0.25721571820946326,-0.015459108404966115,-0.16406329199977196,-0.26376353947073095,-0.16508493197154678,-0.10725028523248926,0.16030223655046158,-0.02546698967659476,0.111525985991155,-0.20000710175841502,0.10725028523248947,-0.12145161816673161,0.12837518751061913,-0.01984432574553209,0.12288646576267014,-0.21201265192999355,0.12145161816673115,0.15235425723458232,0.09812636615143074,0.17168145783987648,0.15830238822835627,0.21436006011443995,0.15235425723458235,0.2138215714583841,0.3079305927625599,0.3661298941699183,-0.004641299231918369,0.06564153750189279,-0.027047006975704713,-0.30322693016777136,-0.008433872496718104,-0.21292647974316814,-0.049923650717637554,-0.39675983886985056,-0.0493487310034406,-0.28937614826336727,0.25532166869001377,-0.13744519650327333,-0.2649271149605593,-0.40943046485865,-0.2891147015243841,-0.33694860420072215,0.026013571937463665,-0.22371058710178068,-0.2855600088919086,-0.4575733948850097,-0.31457811871585245,0.30672869551644283,0.07694826553137872,0.38492983659250757,-0.2707271226112116,0.18501763259504397,-0.29751241261570455,-0.2985179683436593,-0.05974035231595833,-0.21713796239608066,-0.26073080885466937,-0.33797065724321995,-0.2793694996861461
acc_z_max,0.18206803325190915,0.6928710330292425,0.5895502051280415,0.5315131395319002,-0.6171841814334846,0.4192555600315062,0.186422295624989,0.6116234722090003,0.5965056474634708,0.42785494639030086,-0.5188443516795702,0.3504402053825052,0.6162707215800011,0.9610880479838906,1.0,0.8714353298286559,-0.6863202602072312,0.7179091172278133,-0.1621294469811842,0.1724347661852584,0.05992317736522661,0.127255291993697,-0.24004773251780478,0.1119381319421423,-0.056349378666904607,0.0877875250504504,0.029410035616203326,-0.0055773524143887645,-0.15852653348989929,-0.01576189871671937,-0.09544773453970502,0.14419594894584625,0.07511651857827853,0.10709921016069744,-0.2501426995243053,0.08427703999455348,0.24094103728572777,0.05414272768066128,0.2681198159208832,-0.23914453782685438,0.17846713050054183,-0.2409410372857287,-0.20642971008976493,0.1700602073355001,-0.10056748789569066,-0.20604519820390285,-0.2561048543435214,-0.20642971008976974,-0.19452310236861636,0.05816453314377975,-0.13491294794067632,0.19686216013083652,-0.24609286498442243,0.19452310236861675,-0.24168042702477438,0.012361575007163252,-0.1561101951523814,0.2427414309764851,-0.2876912621673783,0.24168042702477444,0.01935434829233067,-0.016711432735211078,0.026509389041380903,0.02096291794135426,0.11309289107968329,0.019354348292330695,0.16287739402762527,0.3783787119464076,0.35357073017246105,0.057679569646504905,-0.004549895181644416,0.029683226233805548,-0.21435779470648106,0.032045987982224786,-0.1330625933944805,-0.022824681373098996,-0.31463563649156107,-0.02592180361886287,-0.1578974205804012,0.32974945382020815,0.00013006181011193153,-0.1463165351758402,-0.2901637880020586,-0.1718818745506135,-0.23242467072312317,0.07239741375143634,-0.12780230568178289,-0.18528447984194982,-0.3597034154919331,-0.21326262675211433,0.2108376045650069,0.1184822441274664,0.2963217317099974,-0.17928892910146899,0.09498757726098495,-0.20440932609726137,-0.20334525843936926,-0.0003411236410971929,-0.1269319277435668,-0.1698791166406574,-0.26351093042469814,-0.18862031715796929
acc_z_rms,0.061705649368216875,0.701759501638443,0.5578429654091501,0.6939499743310108,-0.598108971156347,0.6327473006635272,0.13938965570801545,0.6214490288900199,0.581865455197251,0.5594106763901563,-0.49074898736903316,0.5180953348935204,0.2805832626592993,0.9503914919378965,0.8714353298286559,1.0,-0.7960096901585824,0.9601923385616841,-0.08233684493967336,0.39249927760977066,0.2682615066112599,0.3605833683897242,-0.3374268302419953,0.34269074741892364,0.05511794983877654,0.21121795875468727,0.19050669642976503,0.12335500482031557,-0.15638757983349985,0.10890210563897117,-0.07510648055482615,0.310119491005478,0.19291716040381787,0.2860773837312112,-0.40208176610336627,0.26721390730392824,0.03671538441018408,0.20958779669361177,0.12116502966806979,-0.03328219661896465,-0.04912318388877606,-0.036715384410184536,-0.102453490891831,0.2795268080928626,0.05633160285386971,-0.10134868180452444,-0.22280392627154558,-0.10245349089183545,0.002520907593421404,0.21096243339149556,0.08263583000577177,0.0007444462253847383,-0.10375860573260731,-0.002520907593421445,0.03202692483620416,0.20107116183632026,0.11708246909843478,-0.031036990587032603,-0.07467720118787465,-0.032026924836203875,0.2655171401204767,0.1718979983652722,0.273629999692419,0.26794151515372205,0.3070024677383744,0.2655171401204769,0.25738149579713127,0.22682800530760233,0.3666945821772934,-0.05604636736199384,0.13257478588022656,-0.06911584075170117,-0.3557533628901667,-0.04738815566801392,-0.2677726999037901,-0.0623590009935623,-0.4332641237582914,-0.05767969002970725,-0.4116057330245447,0.16996815611285465,-0.268655555567411,-0.3710953463135525,-0.510810209052197,-0.393375081993502,-0.4078983283748399,-0.012998248732697552,-0.29212977313267124,-0.35666049983295206,-0.5117595943664169,-0.3880776821113593,0.3708874676879643,0.03820508487228072,0.43815059940409556,-0.3320131105834177,0.25049534088141434,-0.35943776621929113,-0.36007514520046685,-0.1140111620674464,-0.28340771707999124,-0.32336257844191396,-0.3705754820435264,-0.34241449782311295
acc_z_min,0.04993492185002507,-0.4498755228705992,-0.25373608346684073,-0.4617436838949882,0.4748627883021795,-0.43568633280142205,-0.05261849842798852,-0.42065584305017867,-0.3676049556717694,-0.41045839133615925,0.36979145871657376,-0.39458374786719347,-0.07464855096888667,-0.804180861566773,-0.6863202602072312,-0.7960096901585824,1.0,-0.7280478062585957,0.09189540001152911,-0.26589810430192706,-0.16727422920252816,-0.23891416506122187,0.2638435630204355,-0.23235128964549315,-0.137086607329743,-0.17249083896166537,-0.21969264957422138,-0.10706969003497985,0.03262219708381162,-0.10081421762680552,-0.01124837603238859,-0.2510823785280258,-0.2021657671977707,-0.23842260953664107,0.24105720648501186,-0.23118984049459565,-0.048648729660539,-0.16825209610241537,-0.1278250496931165,0.044589908116094194,0.015199056638271792,0.048648729660538466,-0.020459391037658026,-0.2482541157624049,-0.14803841556369565,-0.02190095017503751,0.1022265270303532,-0.020459391037652586,0.008224727110480258,-0.17543888324498869,-0.053570398563602205,-0.013180266792095219,0.10569626227032901,-0.008224727110479784,-0.05931660458554002,-0.187676418873967,-0.12311145256167937,0.05809721946155966,0.03679981223114358,0.05931660458554248,-0.34888752389702915,-0.22394390392001634,-0.3480098621427615,-0.34991802808629086,-0.3796039711161467,-0.3488875238970286,-0.13268794319267307,-0.1296659712526007,-0.18668123647876667,0.09160854401605667,-0.05830159997025115,0.10296855691234238,0.3168269416154811,0.11346693112189692,0.27508289394990015,0.08664603765161207,0.35333207551490664,0.07727870452671147,0.2848771784309554,-0.04796943894023472,0.22311741843499897,0.27172088716423165,0.34784640270163014,0.27805133587117803,0.35979891046817003,0.13193840863871478,0.31913098943832197,0.33069175897916364,0.4063852616495598,0.33531551562989786,-0.3160702909265361,0.0905053064793424,-0.33344569710716243,0.3012396409541323,-0.27043328313217024,0.30775067615331775,0.29482954307411335,0.1580394751805585,0.26706403088284664,0.28599278863088423,0.2722757086669086,0.2868408522038316
acc_z_abs_sum,0.015155304188511572,0.6745321055777286,0.5323839735717805,0.7472747137483564,-0.5494135064060653,0.7186211103599641,0.12362842903081318,0.5980749421803822,0.5497960166425622,0.6064954723683847,-0.4519349997062325,0.5877443932457967,0.09130772748946848,0.8437339716645917,0.7179091172278133,0.9601923385616841,-0.7280478062585957,1.0,-0.04203181785209593,0.4961171732700636,0.3608717114407875,0.47418203587575486,-0.3812978934741442,0.45418201755250015,0.10525896328177702,0.2668599715292985,0.2643230767614523,0.1866431964155368,-0.1527432662532878,0.1698034465002486,-0.059873179272244705,0.37941313891679357,0.24252279333836096,0.36908437052633075,-0.45704919988058434,0.3517705136243746,-0.05864081286374152,0.28663627987197804,0.052266404079087884,0.06327169206060893,-0.15843916863132781,0.058640812863741135,-0.07515481638412841,0.32764079997512974,0.10813238964243128,-0.0736552745551664,-0.22244822916739024,-0.07515481638413266,0.0942348557137043,0.28256278227748716,0.18637393615608777,-0.09019826912741208,-0.03321890403003813,-0.09423485571370395,0.14886507511898434,0.2906918196499811,0.23868045851092523,-0.14775619018121544,0.011131120118635868,-0.14886507511898328,0.3356363021160579,0.25569081361547863,0.35890651385802247,0.34316365433238966,0.33089065510724136,0.335636302116058,0.302086019005371,0.1368128089779464,0.37198690236096893,-0.09661175054361988,0.20765685631424943,-0.10227057472719964,-0.3941663484070449,-0.07930935851925651,-0.30646963838549623,-0.0777794095915379,-0.45404023406476024,-0.06982396203560554,-0.5088140114398056,0.07707606814192702,-0.38202652962830813,-0.4553418362058228,-0.5828032338749322,-0.47475746820171516,-0.458821327401078,-0.045615114233593566,-0.34107674979389085,-0.4099274160959894,-0.5451061968770453,-0.44171979782310405,0.42192056485580265,0.007298605035986737,0.4786299525540074,-0.3807074780048841,0.30044142301257054,-0.40887214299211594,-0.4099603251403403,-0.15723150924788332,-0.33686471553206754,-0.37305725765650616,-0.3996851347343445,-0.3912513280145152
