,acc_x_mean,acc_x_std,acc_x_max,acc_x_rms,acc_x_min,acc_x_abs_sum,acc_y_mean,acc_y_std,acc_y_max,acc_y_rms,acc_y_min,acc_y_abs_sum,acc_z_mean,acc_z_std,acc_z_max,acc_z_rms,acc_z_min,acc_z_abs_sum,gyro_x_mean,gyro_x_std,gyro_x_max,gyro_x_rms,gyro_x_min,gyro_x_abs_sum,gyro_y_mean,gyro_y_std,gyro_y_max,gyro_y_rms,gyro_y_min,gyro_y_abs_sum,gyro_z_mean,gyro_z_std,gyro_z_max,gyro_z_rms,gyro_z_min,gyro_z_abs_sum,quat_w_mean,quat_w_std,quat_w_max,quat_w_rms,quat_w_min,quat_w_abs_sum,quat_x_mean,quat_x_std,quat_x_max,quat_x_rms,quat_x_min,quat_x_abs_sum,quat_y_mean,quat_y_std,quat_y_max,quat_y_rms,quat_y_min,quat_y_abs_sum,quat_z_mean,quat_z_std,quat_z_max,quat_z_rms,quat_z_min,quat_z_abs_sum,encoder_angle_mean,encoder_angle_std,encoder_angle_max,encoder_angle_rms,encoder_angle_min,encoder_angle_abs_sum,grf_x_mean,grf_x_std,grf_x_max,grf_x_rms,grf_x_min,grf_x_abs_sum,grf_y_mean,grf_y_std,grf_y_max,grf_y_rms,grf_y_min,grf_y_abs_sum,grf_z_mean,grf_z_std,grf_z_max,grf_z_rms,grf_z_min,grf_z_abs_sum,grt_x_mean,grt_x_std,grt_x_max,grt_x_rms,grt_x_min,grt_x_abs_sum,grt_y_mean,grt_y_std,grt_y_max,grt_y_rms,grt_y_min,grt_y_abs_sum,grt_z_mean,grt_z_std,grt_z_max,grt_z_rms,grt_z_min,grt_z_abs_sum
acc_x_mean,1.0,0.3064666753443655,0.4001669957767022,0.3384665083638509,0.20546624615935719,0.3574332124997917,0.3649235141731139,-0.12996044898976145,0.12318728030716888,-0.033026878310327655,0.3021643542951235,0.027042860373256702,-0.46166068547398736,-0.06579975087019627,-0.22841978529166898,-0.05138097133291081,-0.04360384001766963,0.0021354558752181324,-0.1768671265859728,0.16989086017549854,0.08371767504632646,0.06925742489248118,-0.3565336997249871,0.05707862003165369,-0.3911899111942233,0.42727445311251677,-0.2832898599469932,0.46967543161183267,-0.4285846684373332,0.44152325907749557,-0.1498063902385432,0.26253970773615004,-0.12485110674129614,0.1778614181821367,-0.20239155237058112,0.16472705933020987,-0.13535179004712705,0.13528639883921095,-0.057116869252841485,0.1358511408953165,-0.1934404148304102,0.13535179004712747,0.13452031327733163,0.27803658899489964,0.16320864053244707,0.13483666462526647,0.0498585225278815,0.13452031327733147,0.24305398246022117,0.2534347842991708,0.3791832622414752,-0.24119181929167943,0.10914271579243623,-0.24305398246022134,-0.02294567843347526,-0.0178054800421124,-0.09050682958032427,0.022886030895265627,-0.07354644407994036,0.022945678433478674,,,,,,,-0.15532638877601088,0.055879270259448284,-0.09849290036006798,-0.35194005802965067,-0.12300848855769803,-0.36457969440976074,-0.045160469009398234,0.39531412133647426,0.0680674363014523,0.28110277509354153,-0.26048912808067937,0.2699021897527134,-0.25715083916682124,0.3256048641741705,-0.11113104154696199,-0.21144589455920287,-0.4658407900956006,-0.2529753882103071,-0.06743894203609951,0.41236996698038353,0.08325420639742633,-0.009129301997547135,-0.3919621805096814,-0.06743894203609947,0.10491459488732816,0.1587064720982349,0.15198312176645926,-0.09776709119002265,0.09076855735298246,-0.1051809267582619,-0.10882375539462294,0.26407784863746453,0.0638917188873894,-0.008601401805693454,-0.3743692567220622,-0.05520933158938002
acc_x_std,0.3064666753443655,1.0,0.9444419241990829,0.9911070175515712,-0.8127308907654154,0.9797439805917354,-0.49414380849994205,0.6444128117501822,0.49998301596087213,0.5680175424332474,-0.5896139140508535,0.5540405319637581,0.36035090089176586,0.7385702457656013,0.6873358562654655,0.7028339811728058,-0.6604140026087439,0.70979310764416,0.21220702138956418,0.6489384121976246,0.5638858138662761,0.5497145491640514,-0.7470804149562273,0.5456891256513596,-0.5770426354771768,0.8339407657037949,-0.21113176445375012,0.6363391662618918,-0.6897258251988493,0.5835776794628345,-0.6744593331261003,0.7765572888514258,-0.4689882407797935,0.7699795888075721,-0.7430633200405508,0.7595630603412452,0.676946292685271,0.6906918735396723,0.7001096530914385,-0.6767160198826973,0.6426675138938672,-0.6769462926852721,0.10372882710282062,0.5483421919453063,0.3187115852738379,0.10429689783479616,-0.010188003224968635,0.10372882710281757,-0.6296938489948941,0.8005169632940105,-0.46859170676034584,0.6312398991912123,-0.7190123340765395,0.6296938489948947,-0.29286688791217097,0.4694334074625855,-0.24789468737350753,0.29307227210236775,-0.40302196163764775,0.2928668879121651,,,,,,,0.44238830982217175,0.7932951152099867,0.6237558642980938,0.14759542939378165,0.21333278063635863,0.08171498998848625,0.4906239870540716,0.8277895004692414,0.6953130943273278,0.5279948322432293,0.08263788230126978,0.4715040924887264,0.43857347304825023,0.871295108768974,0.6775658271836105,0.4994769773291183,0.021629918181037436,0.4435831947537145,0.5583526888719986,0.8271234228818077,0.7966843778831886,0.6233052453105419,0.0032996321021715957,0.5583526888719985,0.33621602192176125,0.46992114331081347,0.4764672157774437,-0.3228551649405742,0.216118423107101,-0.33564293911899223,0.41106717388388064,0.8935704158996535,0.749418276129255,0.568548002308948,-0.34390801078345723,0.48639447290006843
acc_x_max,0.4001669957767022,0.9444419241990829,1.0,0.9401173104452394,-0.7122009460898581,0.9093445583008865,-0.3801055099728325,0.616746822280317,0.6315139041977167,0.559579763035579,-0.5458709415831245,0.5449750703278925,0.23310146660022424,0.6579679123717825,0.5705086976451795,0.6259872610754451,-0.6141052551878441,0.645288798447243,0.20780343340701113,0.6086306277962008,0.5367302289110217,0.5214983379268872,-0.6969316504305986,0.5158277330527244,-0.5721369612298697,0.7806111956891664,-0.24555892362103326,0.6228174037784762,-0.6730607225359295,0.5795693863776089,-0.6231807028487768,0.7303283865804534,-0.437074021089356,0.7041694467374091,-0.6907345821235042,0.6916766163709793,0.6074200998287822,0.6424728055354703,0.6332805619338722,-0.6072039710158741,0.5674253232984705,-0.6074200998287835,0.06951284080817721,0.5137303658344725,0.2879837247601958,0.07003640374260875,-0.03963739431729683,0.06951284080817459,-0.5464533461429538,0.7336478773314392,-0.39048708608878163,0.5479797046297192,-0.6356204674787848,0.5464533461429543,-0.3030364308379682,0.43038215288897097,-0.2720466877711115,0.30322215944953274,-0.40942254709090625,0.30303643083796383,,,,,,,0.41390709282277605,0.6488656543826697,0.5571831077753863,0.07048054712021609,0.23008618958300942,0.015397724389475368,0.38690455709555494,0.7609267881606948,0.5865430781195369,0.46949214818333174,0.0014376062162052075,0.4232665165079865,0.31686957583003267,0.787881225705436,0.5485101315474011,0.37762197467481073,-0.05992392398966677,0.3218967910977189,0.45128878962221736,0.7689867389143993,0.6872548321811931,0.5183304793961255,-0.06740328981086496,0.45128878962221686,0.3510999157457898,0.37592855266709946,0.47192723928481306,-0.33849031987445205,0.2549841289164905,-0.35011112628033914,0.3044456486558692,0.797277043739716,0.6227740413072766,0.45766644197708606,-0.3718545353470804,0.3777203374030523
acc_x_rms,0.3384665083638509,0.9911070175515712,0.9401173104452394,1.0,-0.7930623117354441,0.9923334267046072,-0.4506802874764567,0.6517562785547627,0.5152809542138529,0.5972488390779351,-0.5792743587300436,0.5921484896976141,0.323719816013227,0.7436213866177418,0.6846111052851052,0.719891189452926,-0.6686148163093557,0.7292317129651972,0.24977543740531444,0.6746427891902418,0.6000250785016851,0.5825603056158756,-0.7427682912573248,0.5751264188618335,-0.6232581590431144,0.8380504353410687,-0.2671645948377963,0.6463820242723112,-0.7283202860268357,0.5939801998788342,-0.6979041424262832,0.8321082542107594,-0.47555847958784564,0.7949202357054403,-0.7799932201200186,0.7814645471506161,0.6808896363207504,0.7214155126884724,0.7121191741079058,-0.6806256198555807,0.6399918409526827,-0.6808896363207524,0.11552799263602075,0.5731805025103516,0.3297894478577714,0.11612238770552888,-0.010113162207363045,0.11552799263601743,-0.6285536307935293,0.8172081977104845,-0.463132032352138,0.630134607250127,-0.7218184124602455,0.62855363079353,-0.2967840716460989,0.4600728226524275,-0.25541038590400933,0.29698049601767074,-0.40799011495029425,0.2967840716460928,,,,,,,0.45899918808537704,0.7790775706838438,0.6348313474696301,0.12265571265049016,0.23612724835142831,0.05770908593101436,0.48503298373424125,0.8205411450312345,0.6865813718399749,0.5227789100065219,0.08215732073442883,0.4687345065954144,0.41444064755547266,0.8575787659042047,0.6508001877875715,0.47673658853934164,0.003298435916497366,0.42051758827681274,0.5381976653329164,0.8278878898855946,0.7788648629757592,0.6045771431336447,-0.019133063095933846,0.5381976653329167,0.36233688708402456,0.4539635337673332,0.4975629998053797,-0.34871395382845255,0.243904255419619,-0.3618038848494713,0.39268261066520277,0.8976170124780258,0.7386180276451552,0.5534630774279543,-0.3678095903350852,0.4694039588542588
acc_x_min,0.20546624615935719,-0.8127308907654154,-0.7122009460898581,-0.7930623117354441,1.0,-0.7560679665691598,0.6120349309133188,-0.872883908558212,-0.561693813639438,-0.7486695510636723,0.8897727282197989,-0.6820268787131781,-0.5048354404709919,-0.8660727476778789,-0.8581066915347871,-0.831655697609036,0.750581158593546,-0.8211974602358119,-0.39931388367924736,-0.6245899653694944,-0.5929637172968086,-0.6008208015489156,0.5849335433955171,-0.6073267048214684,0.41658405128319775,-0.6689854198979304,0.07264522721033832,-0.4505510984219697,0.5083215806274319,-0.4185076695397848,0.6117358545241208,-0.6520746728820198,0.38994675368592613,-0.6741332944265898,0.6476810200602942,-0.6674210684094702,-0.7691342087461899,-0.6333110365800801,-0.753713687584544,0.769222975016783,-0.7678260955908521,0.7691342087461908,0.010369084691733324,-0.3501422032662916,-0.1802217425818146,0.010037409395995556,0.06811717065677204,0.010369084691737166,0.7465065783616109,-0.6304286677393811,0.6785991490579153,-0.7469115343758859,0.7693643917911913,-0.7465065783616108,0.3571841828427399,-0.5218010335871617,0.275407987565688,-0.357427290856163,0.43970270161310865,-0.35718418284273246,,,,,,,-0.5489308749533649,-0.6577463137509373,-0.671889627202603,-0.3629422563024996,-0.34499162993580884,-0.31703588050903164,-0.44351460371443635,-0.5823265119295312,-0.5863094177905442,-0.3739945605034597,-0.15786218382670963,-0.32910595173912477,-0.5242249895685187,-0.7054877776154836,-0.6974075840157011,-0.5658461922095885,-0.21686100637091138,-0.5296727180230556,-0.5187020281801392,-0.6013561173662824,-0.6923951055713187,-0.5563645907723286,-0.1311123403103768,-0.5187020281801383,-0.3077459872114396,-0.3431135521270174,-0.4208236581351302,0.298852892929958,-0.20844960688920333,0.3069016883555546,-0.3169220403424339,-0.7014555800510337,-0.5974437575217534,-0.4373946348323496,0.25735204509077103,-0.3749969573912442
acc_x_abs_sum,0.3574332124997917,0.9797439805917354,0.9093445583008865,0.9923334267046072,-0.7560679665691598,1.0,-0.42243217518383136,0.6056168963637418,0.4617661860108343,0.5633144243268693,-0.5124290902531055,0.573502742255858,0.30562127320875593,0.7158918815055274,0.6638496204006673,0.6998054201674804,-0.6433543777995544,0.7082633122762849,0.2416208371990559,0.677264586555233,0.5965670532881395,0.5771513153365474,-0.7499605359051484,0.568305587104932,-0.6393242772739113,0.8400714918825307,-0.29443697316600576,0.6470926955038407,-0.7439827548515509,0.5908811731891248,-0.7000108911139918,0.8479226422184736,-0.4778584937578506,0.8027084962726185,-0.7863145047600969,0.7886148057820046,0.6546407582440283,0.7268920199114949,0.6935591803760869,-0.654293193081576,0.6082881220380167,-0.6546407582440287,0.14371662831304194,0.585924060805737,0.3516213659554893,0.14432896934262227,0.011211423891283679,0.14371662831303872,-0.6021041931207556,0.8301083403500908,-0.4272536975893064,0.6037873601876212,-0.7036992429367789,0.6021041931207565,-0.26919282353777074,0.4369728752501515,-0.23138187572432206,0.2693771439218607,-0.37910475517581577,0.26919282353776475,,,,,,,0.43633657296989625,0.8042968553068492,0.6223850066104404,0.09505006933719554,0.20494387205284761,0.02608610679774833,0.49349116166904006,0.8215384141435861,0.6959678279611389,0.5377332114976725,0.09059092872927281,0.4823218149103929,0.4068360466266382,0.8495234125718518,0.643037583446076,0.4684988731067667,-0.007316995134437611,0.4133640398441267,0.5335529717276726,0.8256500628668458,0.7763514477909301,0.5989052482686031,-0.026055192646035636,0.5335529717276726,0.3552483293139048,0.47240495990911985,0.491249743560853,-0.34144151312401483,0.23044414825065337,-0.35490716375251,0.4056071036557886,0.9030488727181423,0.7501686514591277,0.5653497231396155,-0.3655384116421155,0.4822483619422041
acc_y_mean,0.3649235141731139,-0.49414380849994205,-0.3801055099728325,-0.4506802874764567,0.6120349309133188,-0.42243217518383136,1.0,-0.2885798835125844,0.11067895600826948,-0.07013130930523706,0.5889166641770773,0.02519268713199834,-0.8098978343397778,-0.4833311804093766,-0.6061676826085522,-0.37391491868412186,0.33985268779118116,-0.3262278055284043,0.08063810038857397,-0.09307436421510752,-0.05410818109000587,-0.04595964298122223,0.2438096455938314,-0.04795123647250915,0.002740452681369738,-0.17930855492382972,-0.17976080377072978,-0.013883576380497554,0.029238152113029627,4.207389618117071e-05,0.30726491454527466,-0.15607586716796246,0.27055556790090435,-0.3375808728248346,0.2747331004290428,-0.35465237320790055,-0.5636411142388267,-0.2593901159933448,-0.4936713114513882,0.5641295085788177,-0.6112687056028346,0.5636411142388277,-0.22374209621500882,-0.18557109053005263,-0.3261199428680143,-0.22394294988143712,-0.20287910809237417,-0.22374209621500926,0.702404968117037,-0.3353884144948942,0.7094274319515734,-0.7021763438592281,0.6373234478420671,-0.7024049681170385,-0.015183212595728227,-0.2442097656065641,-0.07267109202168827,0.015006515988924295,0.042628947092383324,0.015183212595734208,,,,,,,-0.2841707203840015,-0.4859844361398979,-0.3737082054770008,-0.5488126690785788,-0.11473771492711987,-0.5170393684292067,-0.6436819684299976,-0.4075968935177439,-0.6571021888060307,0.16644835001343022,-0.4852680212722833,0.21542779806895396,-0.710191455430973,-0.4635546555981662,-0.7511175338521807,-0.7220288826039774,-0.5547662888414986,-0.7041709119575994,-0.7184979150762393,-0.35758378943376584,-0.7031159813744456,-0.7287379682801405,-0.5472261693883924,-0.7184979150762387,0.07372160383609526,-0.11952462488863924,0.050080413905286836,-0.07609139053231374,0.10391273070084232,-0.07423320818608044,-0.6649621993496988,-0.46899171319631067,-0.678791600422606,-0.689871355846454,-0.28977215385652505,-0.6779101254862829
acc_y_std,-0.12996044898976145,0.6444128117501822,0.616746822280317,0.6517562785547627,-0.872883908558212,0.6056168963637418,-0.2885798835125844,1.0,0.8017611368372497,0.9539840929626193,-0.8933385898323998,0.9060889400738339,0.2884241330455716,0.9063839308158964,0.8225456083086109,0.9174647866025442,-0.8647107660307359,0.9234125801775841,0.6514549855401243,0.699231351229477,0.7370984523677704,0.7497321480275657,-0.45032427396063585,0.7531113728278506,-0.4622054104908837,0.6715234303240685,-0.12857787716386623,0.43771647420763393,-0.5467712314552633,0.41307709032219836,-0.5813232322297966,0.6767068468716589,-0.330966133498038,0.6237996694790767,-0.6317976009600491,0.607102037272291,0.7342302065694642,0.6369374125009736,0.7335746012111645,-0.7343435591313632,0.7252303598994772,-0.7342302065694647,-0.1590693375695174,0.3181345058666452,0.023200713524674448,-0.15878990544538807,-0.20889071660998185,-0.1590693375695231,-0.6518263940291723,0.5030946808213076,-0.6236729676890649,0.6517972629130231,-0.6713771459827996,0.6518263940291718,-0.49671594570315175,0.5096114843358429,-0.4289859429516425,0.49691755611182725,-0.5618018738849028,0.49671594570314576,,,,,,,0.6097259860339401,0.4480491727590218,0.6723444550278246,0.3037808823642057,0.48460721464586415,0.2781492123228951,0.23254672449377667,0.37145255919060716,0.3398092057381331,0.41356570881507027,0.023282529151837268,0.3937769190556882,0.3326551044042403,0.5280182686857631,0.46662046545782737,0.3689296963198095,0.08810921994346974,0.3425024489961567,0.2950682000920842,0.43484839520285207,0.444020087680873,0.32348331869252744,-0.016817233899137665,0.29506820009208423,0.417732762959156,0.21963142021933718,0.5144178929812481,-0.4102645300339474,0.34636020664493966,-0.416696581756577,0.02887139363981951,0.5192513531797487,0.3329517600115573,0.1385196999885534,-0.40078461114499336,0.07783234206454086
acc_y_max,0.12318728030716888,0.49998301596087213,0.6315139041977167,0.5152809542138529,-0.561693813639438,0.4617661860108343,0.11067895600826948,0.8017611368372497,1.0,0.8334130527907708,-0.5848606799039907,0.8180604153909968,-0.07822027717106492,0.6038728973239889,0.4614342453333516,0.6399407983473053,-0.6217314303372201,0.6676498571141973,0.5799428684815411,0.5802979987169944,0.6272717199933286,0.6372030883811255,-0.3345631619895243,0.6418660144348707,-0.43548845053494917,0.5820504852441336,-0.2044550195986091,0.42302569727989003,-0.5114304224850064,0.4037629429239606,-0.4020926667546409,0.5709587959771503,-0.197128091920759,0.43669174247095066,-0.4690706171611002,0.41321988253052755,0.44683109579904,0.47907993101647117,0.4713503614534033,-0.446774953467152,0.4170134663191888,-0.44683109579904,-0.24285895215667616,0.21592395981012286,-0.09775771842005877,-0.24268398804411662,-0.2711364036991396,-0.24285895215668132,-0.3152822938958814,0.35423597369898824,-0.27239617795495175,0.31554704034857645,-0.3638015393102315,0.31528229389588,-0.46700131960778735,0.34426262859487894,-0.43734422802467143,0.4671083572496366,-0.5151928350998723,0.4670013196077852,,,,,,,0.45204718601927646,0.22558035505072707,0.4758048416046588,-0.003192274446322284,0.3994628981028244,-0.017085318063144197,-0.05738912186048675,0.24255226451470044,0.05644917379309186,0.44150608599327323,-0.23789767134391263,0.43970957752859624,-0.018115742225380076,0.3479196158848615,0.11920487796388249,0.015257829761642997,-0.20220411328991855,-0.008577154887103278,-0.018998764339814612,0.3139552710539954,0.14513162753486408,0.011157783890066929,-0.2813709394140813,-0.018998764339814535,0.44087511048191647,0.1696176331348854,0.5293744690886998,-0.43332765377663285,0.38376472155856206,-0.439403472585983,-0.2227802736287212,0.32115529044570523,0.05118952095953388,-0.12623377183673196,-0.4925133500049895,-0.18314615053463035
acc_y_rms,-0.033026878310327655,0.5680175424332474,0.559579763035579,0.5972488390779351,-0.7486695510636723,0.5633144243268693,-0.07013130930523706,0.9539840929626193,0.8334130527907708,1.0,-0.7798621295275577,0.9847747910463925,0.11873830642171658,0.8382520439903762,0.7219655584639944,0.8859744448125437,-0.8461172351866483,0.8998803999666837,0.7558717219564729,0.7391730730134106,0.807424455128599,0.8133335127053777,-0.39028635911549175,0.8109023276250827,-0.5204026025377196,0.6600378701211905,-0.22861445861996013,0.44396586589278925,-0.6031769635706821,0.42085535389214895,-0.573344702923814,0.7470431685502761,-0.30275273434084427,0.6173645386759724,-0.651575524471632,0.5926225591024589,0.677331025092846,0.6596307544018455,0.6992301677700642,-0.6773196263336646,0.6557786497254786,-0.6773310250928459,-0.274866238061906,0.3453578214646332,-0.09650720780985157,-0.27456068600156075,-0.3328335625835938,-0.274866238061912,-0.5588104117702734,0.5016243288403267,-0.5147449248308155,0.5588904230994212,-0.5942043033786862,0.558810411770272,-0.5754113692121282,0.4431139287709621,-0.5279793336079249,0.5755458430230316,-0.6161562413667856,0.5754113692121235,,,,,,,0.6559231539320806,0.3698489262214174,0.6919582480212153,0.11476951796923558,0.564042076398714,0.09053032287336941,0.05926086016201605,0.28130067266192965,0.16449921661293737,0.48047998356315497,-0.13169960890799376,0.4726931840838963,0.14155131562403503,0.4270615076865408,0.26681258226562166,0.17460156083894093,-0.08622860875610186,0.15311603916320685,0.12543004128992608,0.3624763986994283,0.27559629505422417,0.15019006996120834,-0.16941442253983408,0.1254300412899261,0.5464499544763135,0.17072540908219552,0.6319438254725915,-0.5393958865196194,0.47518559197527144,-0.5455874303816876,-0.11220349524221923,0.4383536366184889,0.18983561368847232,-0.012277217766758532,-0.49990645174595844,-0.07287876552566609
acc_y_min,0.3021643542951235,-0.5896139140508535,-0.5458709415831245,-0.5792743587300436,0.8897727282197989,-0.5124290902531055,0.5889166641770773,-0.8933385898323998,-0.5848606799039907,-0.7798621295275577,1.0,-0.6778280617330881,-0.48907812523016814,-0.8383243498759275,-0.8076012888897047,-0.7953628526955371,0.7696532146534353,-0.7810002363784648,-0.44948800513785964,-0.4493952276807514,-0.4966103903490973,-0.5067589448002624,0.28426238228211276,-0.5117917938264115,0.21984319051499507,-0.497003447820313,-0.10011095336463964,-0.21697492894275555,0.2962542688448,-0.1982602535617079,0.431190347023291,-0.5012995163941715,0.21374572302057426,-0.4651438333276476,0.4604133875936132,-0.45607280706749487,-0.7060642409255647,-0.4642367594882083,-0.6643964035044982,0.7065414710074487,-0.7378918626614643,0.7060642409255651,0.06357471449304017,-0.22403476154569407,-0.09269199532428768,0.06338598608958068,0.0841528546346908,0.06357471449304432,0.710369651506618,-0.3687639958746875,0.732588543800001,-0.7098284183379318,0.6708282993808166,-0.710369651506618,0.33681532197717795,-0.4221970066011,0.2650644667826288,-0.33701894138579097,0.3924195288779827,-0.3368153219771715,,,,,,,-0.5223891630338363,-0.3940327189266579,-0.5726459312258352,-0.4813624872060603,-0.4009999227577556,-0.4626315755334806,-0.369326348426547,-0.3347373314641269,-0.4140848755116739,-0.1551396982560729,-0.1915142939677773,-0.1259637358926279,-0.4897385064413707,-0.49427367732085137,-0.574340663084962,-0.5124907044817387,-0.2891470172424426,-0.49379823715825505,-0.4342750708064636,-0.36027879063124046,-0.49396640614899284,-0.4485960504703375,-0.19198840336069886,-0.4342750708064637,-0.22421986780512224,-0.16507728655757967,-0.29673167320505367,0.21911771564510435,-0.1752795826603565,0.2229923448369853,-0.21080955391402698,-0.4351392603870772,-0.3871761341889235,-0.27222296595918677,0.14224535580786912,-0.23263845888672136
acc_y_abs_sum,0.027042860373256702,0.5540405319637581,0.5449750703278925,0.5921484896976141,-0.6820268787131781,0.573502742255858,0.02519268713199834,0.9060889400738339,0.8180604153909968,0.9847747910463925,-0.6778280617330881,1.0,0.06859626863351422,0.804243257266844,0.6893620403025913,0.8718304839078079,-0.8200462193035399,0.8894522326398088,0.7838268683040358,0.7759325172644854,0.8437925460124587,0.846590234872181,-0.4094163403352978,0.8407437627579608,-0.5719346562929211,0.6685022061934455,-0.3012086389098128,0.47948621717339024,-0.6536694476446525,0.4544502094913776,-0.6037850808196038,0.7871843173542641,-0.3361894339064046,0.6498293133363396,-0.6898365680594526,0.6232810826342764,0.6563793012414267,0.6898433284090453,0.6927638668433979,-0.6562387358171944,0.622272057860618,-0.656379301241427,-0.28766891982333004,0.3847251756451694,-0.11047977025605692,-0.2873186725064286,-0.3631938515657079,-0.2876689198233364,-0.522398944669704,0.5357957808211029,-0.4587080492537688,0.5226706905587817,-0.5730240537205926,0.5223989446697025,-0.5911138634415187,0.44188784611310433,-0.546522088489742,0.5912372477330827,-0.6309356292011512,0.5911138634415143,,,,,,,0.6557397603788988,0.38682986556450055,0.6977592436470702,0.042982468964735496,0.5613530822245941,0.01529519103967381,0.02808518392675272,0.27964563139767795,0.14289015732874633,0.5394266875021485,-0.16422738282079355,0.5350543019012045,0.09624618431899376,0.4042209054083894,0.22044840321457648,0.13010503036529364,-0.13394146219572636,0.10904054076918335,0.09382535760379976,0.36196396795012736,0.2525199689169337,0.11960479461837847,-0.20649721065065946,0.0938253576037996,0.5851375933415771,0.17254304820235997,0.6707123261308532,-0.5778522574008955,0.5099435851935005,-0.5844664458197922,-0.12874915456677524,0.45200885958901843,0.18680865357681506,-0.024622793495711105,-0.5345004720342873,-0.08697963338168163
acc_z_mean,-0.46166068547398736,0.36035090089176586,0.23310146660022424,0.323719816013227,-0.5048354404709919,0.30562127320875593,-0.8098978343397778,0.2884241330455716,-0.07822027717106492,0.11873830642171658,-0.48907812523016814,0.06859626863351422,1.0,0.492739483356089,0.6800276090773247,0.42574627359543693,-0.30125710789360954,0.36581744293209706,0.1140888800291549,0.11891792525557159,0.16369284203682277,0.1251908448458753,-0.0688868873478676,0.11778100337205717,0.09414777350356215,0.12292970145395257,0.24373589572582022,-0.0735571493411958,0.04274014998334612,-0.0927485699057864,-0.3503659023371018,0.11854885305684204,-0.3498499927214506,0.3429622998380021,-0.30418890707161805,0.3607700962363049,0.6179357673625818,0.2476732178363848,0.5457612214466576,-0.618439132866374,0.6813353293104104,-0.617935767362583,0.012541524767546086,0.2563870964207267,0.12673867376671538,0.012821449669780346,-0.026662401390359625,0.01254152476754519,-0.7496594086504174,0.2616202984457059,-0.7959596336129612,0.7489562092131156,-0.6547908185341268,0.7496594086504185,-0.15472500166874362,0.3788164909860074,-0.05282511679911084,0.15495208489812165,-0.19735953042705606,0.15472500166873776,,,,,,,0.34792410532782997,0.5202578679797306,0.45779859656423805,0.6573594383500874,0.1879430353534207,0.6294629180656164,0.641392594493659,0.2303649794439896,0.57910072599425,0.04380979808583248,0.5516481711338117,0.020078721302826154,0.7983640124863596,0.27285185165543596,0.7152183411904922,0.7887143283657991,0.6945838451616719,0.7929530093779354,0.8098381552941677,0.16079618941179757,0.6577532476336875,0.7879628612849903,0.7337971283973274,0.809838155294168,-0.023562386909197434,0.0705419606712085,0.019011680413540285,0.02440039355890149,-0.022543508709217407,0.023833993626965474,0.7582841520057978,0.44348222889386457,0.7184113550635136,0.7395305291750223,0.4353599771540719,0.7420027006104412
acc_z_std,-0.06579975087019627,0.7385702457656013,0.6579679123717825,0.7436213866177418,-0.8660727476778789,0.7158918815055274,-0.4833311804093766,0.9063839308158964,0.6038728973239889,0.8382520439903762,-0.8383243498759275,0.804243257266844,0.492739483356089,1.0,0.9474163533846011,0.9825572196771836,-0.9406266552163899,0.9734606537249094,0.5393563362338537,0.6983412245605093,0.7198291524713032,0.7122616591278382,-0.5153960426224466,0.7056899432460803,-0.4947437247926828,0.7055018122597501,-0.11751092566924204,0.46800528815526066,-0.5697688452064944,0.43669376718054065,-0.6554946037486714,0.7190595751034933,-0.4265352561876945,0.713050085223313,-0.713844064860939,0.700454560180361,0.8352018074223553,0.6892110986678012,0.8278711417985889,-0.83542988537077,0.8338702867759235,-0.8352018074223565,-0.07175142214611144,0.47032977344947147,0.14336945890608266,-0.07129361858107996,-0.1468944787939609,-0.07175142214611727,-0.7896511220496866,0.6057841365852152,-0.7468812974667823,0.789787909134722,-0.8034319317425976,0.7896511220496861,-0.4580458782196794,0.5330094219000315,-0.39036139005028553,0.4582654541343907,-0.537158646449352,0.45804587821967263,,,,,,,0.6418590141009949,0.5983826973256824,0.7399623821749366,0.40142321255586566,0.47057444999669057,0.36578546012042784,0.4175990539178588,0.5392638755079495,0.5444488766572917,0.4031522474236012,0.15289716324138622,0.3682332895430502,0.5061002597986745,0.6867087797916238,0.6569527759712338,0.5497663377278127,0.1905730234638725,0.5137229781963881,0.4993383283296441,0.5839129050494374,0.6542167520015625,0.5376970912487947,0.10531127494546667,0.49933832832964414,0.3878292205814311,0.3013303785713883,0.49917087523182385,-0.378693005364168,0.3023633424093572,-0.38717153946896415,0.23115190154061238,0.675395609956531,0.5578484461141227,0.34966382557966247,-0.32683363828198825,0.2831828596641594
acc_z_max,-0.22841978529166898,0.6873358562654655,0.5705086976451795,0.6846111052851052,-0.8581066915347871,0.6638496204006673,-0.6061676826085522,0.8225456083086109,0.4614342453333516,0.7219655584639944,-0.8076012888897047,0.6893620403025913,0.6800276090773247,0.9474163533846011,1.0,0.9272215698968412,-0.8102009660798501,0.8966251714956741,0.4932524288933173,0.6296556395643853,0.6536886257139792,0.6457955629506499,-0.46654047426680983,0.639513783101915,-0.42137052365144956,0.5866376867924482,-0.10478246713116503,0.3819528984874257,-0.4848523863395018,0.3554754473396907,-0.6731824938057532,0.6224741634781519,-0.496287607569724,0.7072740979479356,-0.70422497767403,0.7030881422344001,0.8589032966743382,0.6522345819524977,0.8378917990305959,-0.8591560070505548,0.8690924684338761,-0.8589032966743378,-0.06207632901483425,0.4244083744890674,0.12762359729431613,-0.061653666485000536,-0.13351397391331,-0.0620763290148394,-0.8509088085596576,0.5875846826407531,-0.8184528836965236,0.8509197438181253,-0.8407872388579334,0.8509088085596573,-0.4395876001388855,0.5445798787048558,-0.3515107333654294,0.4398232206185458,-0.5177372427808324,0.43958760013887815,,,,,,,0.6303138663687075,0.6307136871508253,0.7391818998599863,0.4850753365594337,0.4418775221934651,0.4492180832594281,0.5022947747499906,0.4973239621897913,0.5954540141116592,0.3495563172426555,0.26868469963590735,0.3166439693707059,0.6311705850564824,0.6200376774960501,0.7305083625049279,0.6646620686789995,0.353614738540542,0.6367578304853361,0.6238759104101107,0.5205064236547485,0.7165451226849943,0.6496519245787215,0.2904999901003094,0.6238759104101109,0.32830598841814446,0.24042232471782565,0.42332941506367233,-0.3214690907462515,0.25956693492435795,-0.32777852924999545,0.38756058732125215,0.6837991017302704,0.6555202012340277,0.48585931803989163,-0.16708412981144907,0.43114709753481917
acc_z_rms,-0.05138097133291081,0.7028339811728058,0.6259872610754451,0.719891189452926,-0.831655697609036,0.6998054201674804,-0.37391491868412186,0.9174647866025442,0.6399407983473053,0.8859744448125437,-0.7953628526955371,0.8718304839078079,0.42574627359543693,0.9825572196771836,0.9272215698968412,1.0,-0.9294605691486018,0.9952755331253244,0.6462742046839239,0.7714286990451824,0.8015139373109739,0.7990228939314282,-0.5259284595871574,0.7917353818115884,-0.5532862208442559,0.7035378615403968,-0.2099215571244492,0.49681727943310144,-0.6261739823345118,0.4685715939114106,-0.7053603594617162,0.7685550419807758,-0.46677256993759303,0.76055401632458,-0.7672122172155619,0.745730361451317,0.8494616893740843,0.7495632802261798,0.8561422731233193,-0.8495510912118716,0.8358852978241377,-0.8494616893740838,-0.1181913689514215,0.4856766821126519,0.09225829732799819,-0.11771837295751085,-0.2084497688932678,-0.11819136895142775,-0.783897432102458,0.631268401386094,-0.7331394838433124,0.7840666967321094,-0.8070504648765824,0.7838974321024571,-0.520114529432592,0.5412346382122831,-0.4537387718113207,0.5203207758905648,-0.5946030044526891,0.5201145294325854,,,,,,,0.693858649037062,0.5845497418679281,0.7823358329920899,0.3399246232137748,0.5300747671427551,0.30354269874573875,0.3555805634896951,0.4790537237799285,0.47630149743107014,0.43631769392213715,0.11231643960192506,0.4090687395315423,0.4447655043242533,0.6192780643209516,0.583559219626831,0.4867027392146503,0.1532918300563852,0.45469417230862363,0.441173518035904,0.5380377572172499,0.5939643493769199,0.4760533437663952,0.07276765759475791,0.44117351803590366,0.4657594569189138,0.2556941776657016,0.5654739092019574,-0.4570699686545971,0.38169701446753035,-0.46519287947214794,0.17910937028911206,0.6582767917138878,0.5118426116582527,0.3008477748435089,-0.3725256627778509,0.23403120725176416
acc_z_min,-0.04360384001766963,-0.6604140026087439,-0.6141052551878441,-0.6686148163093557,0.750581158593546,-0.6433543777995544,0.33985268779118116,-0.8647107660307359,-0.6217314303372201,-0.8461172351866483,0.7696532146534353,-0.8200462193035399,-0.30125710789360954,-0.9406266552163899,-0.8102009660798501,-0.9294605691486018,1.0,-0.9354777886263252,-0.566827004336178,-0.6790431760099268,-0.7103345930261868,-0.7041265565376174,0.45718476055837387,-0.6978135482221604,0.4834030618488138,-0.7044130173277886,0.11375103998655153,-0.44347573369720433,0.5647063500494417,-0.4120817829565048,0.5760014224898509,-0.711656619361912,0.33106776666267856,-0.6383221954287209,0.6429777660263615,-0.6208280774255928,-0.7472839448392009,-0.6501056895920583,-0.7496636670174908,0.747473854079796,-0.740850117760983,0.7472839448392015,0.11318981791632923,-0.437999112987668,-0.09366594273187155,0.11277382394514114,0.17735635631830968,0.11318981791633471,0.6800260578380778,-0.5383806632834257,0.6399890254574918,-0.6801125022707807,0.7012228869602214,-0.6800260578380775,0.46101219817000205,-0.4454777183504903,0.4284538085354956,-0.46117370436903493,0.5184370944840283,-0.4610121981699964,,,,,,,-0.6239524730623167,-0.47843114571780315,-0.6891475685102105,-0.285982644840634,-0.4989119503975781,-0.2557886544207737,-0.2819368543755901,-0.4416866746442717,-0.39560389950189495,-0.37800102594645774,-0.04106243234463566,-0.35070454475221546,-0.3448059580409322,-0.6112151472442051,-0.4944492663099397,-0.38511449335198045,-0.042210832575171,-0.3531851507226694,-0.3404967552234948,-0.4984114821694586,-0.49053863686880905,-0.3747508739769493,0.029129133690697043,-0.3404967552234949,-0.4244628328235725,-0.25013935822146716,-0.521017354078757,0.4163172905958293,-0.34608440704707333,0.4238269496931315,-0.07976321378748721,-0.5451151835317004,-0.38556415938768385,-0.1848712039292949,0.40118584038315575,-0.12307948382969407
acc_z_abs_sum,0.0021354558752181324,0.70979310764416,0.645288798447243,0.7292317129651972,-0.8211974602358119,0.7082633122762849,-0.3262278055284043,0.9234125801775841,0.6676498571141973,0.8998803999666837,-0.7810002363784648,0.8894522326398088,0.36581744293209706,0.9734606537249094,0.8966251714956741,0.9952755331253244,-0.9354777886263252,1.0,0.6564104804675382,0.8004445399084147,0.8209668643124599,0.8220562252995328,-0.5610408793107837,0.8153162716322919,-0.5895212155504931,0.737008515138308,-0.239314505391044,0.5400623333034168,-0.664517230760833,0.5116212501228035,-0.7173637967827063,0.7834666200539528,-0.47395093081247214,0.7727388116927201,-0.77775493847904,0.7572758546319577,0.8380425921742835,0.7675506532767326,0.8514229997534648,-0.8380725679401423,0.8163419290354316,-0.8380425921742846,-0.12401683091077699,0.4904856873614578,0.08842448312670882,-0.12354237557785441,-0.21826019104556957,-0.12401683091078325,-0.7585406528538521,0.6491073249947851,-0.6979379422824248,0.7588296002958277,-0.7940887053097918,0.7585406528538512,-0.5321330753785948,0.5544462026851469,-0.4693409312728996,0.5323414791208728,-0.6100595173834908,0.5321330753785883,,,,,,,0.6921866541910073,0.5644779315578027,0.7759996343896612,0.2991760279503099,0.5390119741171299,0.26338900701851503,0.32295884737727426,0.48926546560571477,0.45562696639218947,0.45653548546078093,0.0718895912232164,0.43075951458173034,0.3982875836664784,0.6241713375655755,0.5496272143004226,0.4437975929813675,0.10224101946079359,0.40902452954468915,0.4036841113905085,0.5543399261358112,0.5756465508714455,0.44334653513522554,0.02234483393367408,0.40368411139050864,0.48884444827845913,0.2447157301161652,0.5866851365148613,-0.4799982331561829,0.40633527733842006,-0.4882744533309748,0.1358008904731425,0.6635968319369961,0.4871588032786391,0.26862633279429216,-0.42345406668540764,0.19783137736632733
gyro_x_mean,-0.1768671265859728,0.21220702138956418,0.20780343340701113,0.24977543740531444,-0.39931388367924736,0.2416208371990559,0.08063810038857397,0.6514549855401243,0.5799428684815411,0.7558717219564729,-0.44948800513785964,0.7838268683040358,0.1140888800291549,0.5393563362338537,0.4932524288933173,0.6462742046839239,-0.566827004336178,0.6564104804675382,1.0,0.7337617890104589,0.8598108546911032,0.8718911569271417,-0.1607310391191054,0.8744005006343367,-0.45104737541271034,0.36355882061682354,-0.3773850303681366,0.25577961159969903,-0.4973157065604664,0.25622707497188146,-0.5642161020762261,0.5343556972281136,-0.386695981595889,0.553882672349807,-0.5743214225735488,0.5416144807892741,0.6355690491468906,0.6219609318602718,0.6588026177062954,-0.6353619797065365,0.6091329189934279,-0.6355690491468902,-0.5267366328147394,0.2318445098903585,-0.41689667566109323,-0.5265456529346586,-0.5775941891837258,-0.5267366328147443,-0.5061903754234165,0.44265423308142293,-0.4802498797523101,0.5059525231791016,-0.5343021566672433,0.5061903754234142,-0.7277364377291973,0.36640228968432603,-0.6939574938240197,0.7277809820431188,-0.7200809299729571,0.7277364377291955,,,,,,,0.7896612446735739,0.2025422329320506,0.7564143548657807,-0.07099218759718078,0.7595839117015516,-0.09066304249167091,-0.19983772216266688,-0.11976188981112545,-0.1764094561244546,0.4291484780114092,-0.2263335476376991,0.45793440637061494,-0.07710153229370699,-0.005267656869156281,-0.06680828483331618,-0.07192919709842681,-0.12375858268111822,-0.06617182724169761,-0.06397603700853732,-0.01651082294213776,-0.017376601458796888,-0.07083509082675084,-0.10463301392556473,-0.06397603700853756,0.727565879636776,-0.16215185660591008,0.7218607361977346,-0.7272512648357098,0.7038269995229189,-0.7271950984041744,-0.18788243479480624,0.2081837298095778,-0.0009649804802584956,-0.13531553415333772,-0.40478548750835613,-0.16975984989203566
gyro_x_std,0.16989086017549854,0.6489384121976246,0.6086306277962008,0.6746427891902418,-0.6245899653694944,0.677264586555233,-0.09307436421510752,0.699231351229477,0.5802979987169944,0.7391730730134106,-0.4493952276807514,0.7759325172644854,0.11891792525557159,0.6983412245605093,0.6296556395643853,0.7714286990451824,-0.6790431760099268,0.8004445399084147,0.7337617890104589,1.0,0.9558076136833742,0.9624224893696759,-0.7592833557068227,0.9566627902235406,-0.8414006944736565,0.7267585821368988,-0.6325087191457613,0.7789645437054235,-0.88788936371472,0.7681864327914832,-0.8867129371535262,0.7394816314643025,-0.7216374868363759,0.9041010909669923,-0.8963761976712885,0.8981037910557926,0.7826924676451056,0.8956455913170104,0.8384789726127141,-0.7821059048435719,0.7066485943136068,-0.7826924676451055,-0.3054302526964009,0.48576639102349894,-0.10739781409662882,-0.3049637578403493,-0.41168696039705477,-0.3054302526964056,-0.6233124048148747,0.8513060758006636,-0.4663720331833006,0.6247187367479059,-0.7450056136308829,0.6233124048148734,-0.7174422731500716,0.5637957651364622,-0.6819941372049158,0.7175836205976099,-0.7859391630849779,0.7174422731500685,,,,,,,0.7774688700430878,0.47337922779729624,0.8278049398405103,-0.13942832359424132,0.6742038064496328,-0.18063370107545082,0.021427523299502135,0.44651880216008905,0.2322266002843219,0.582433771407488,-0.23363342707593232,0.5779823193214427,0.04970835941973997,0.5051234553779088,0.24923130790619663,0.10713825777905049,-0.21759462564641488,0.06266538243468248,0.17484696065357652,0.5545982454587581,0.4483257939717891,0.2345274805658872,-0.19604972078536725,0.17484696065357622,0.7669898971839161,0.035598490537321295,0.8063554559481323,-0.7606799432362162,0.7025529511197266,-0.7669208008106688,-0.020647623802568713,0.68370323750112,0.3813481735034315,0.1641219783886583,-0.6342179151047969,0.08001020502058293
