,acc_x_mean,acc_x_std,acc_x_max,acc_x_rms,acc_x_min,acc_x_abs_sum,acc_y_mean,acc_y_std,acc_y_max,acc_y_rms,acc_y_min,acc_y_abs_sum,acc_z_mean,acc_z_std,acc_z_max,acc_z_rms,acc_z_min,acc_z_abs_sum,gyro_x_mean,gyro_x_std,gyro_x_max,gyro_x_rms,gyro_x_min,gyro_x_abs_sum,gyro_y_mean,gyro_y_std,gyro_y_max,gyro_y_rms,gyro_y_min,gyro_y_abs_sum,gyro_z_mean,gyro_z_std,gyro_z_max,gyro_z_rms,gyro_z_min,gyro_z_abs_sum,quat_w_mean,quat_w_std,quat_w_max,quat_w_rms,quat_w_min,quat_w_abs_sum,quat_x_mean,quat_x_std,quat_x_max,quat_x_rms,quat_x_min,quat_x_abs_sum,quat_y_mean,quat_y_std,quat_y_max,quat_y_rms,quat_y_min,quat_y_abs_sum,quat_z_mean,quat_z_std,quat_z_max,quat_z_rms,quat_z_min,quat_z_abs_sum,encoder_angle_mean,encoder_angle_std,encoder_angle_max,encoder_angle_rms,encoder_angle_min,encoder_angle_abs_sum,grf_x_mean,grf_x_std,grf_x_max,grf_x_rms,grf_x_min,grf_x_abs_sum,grf_y_mean,grf_y_std,grf_y_max,grf_y_rms,grf_y_min,grf_y_abs_sum,grf_z_mean,grf_z_std,grf_z_max,grf_z_rms,grf_z_min,grf_z_abs_sum,grt_x_mean,grt_x_std,grt_x_max,grt_x_rms,grt_x_min,grt_x_abs_sum,grt_y_mean,grt_y_std,grt_y_max,grt_y_rms,grt_y_min,grt_y_abs_sum,grt_z_mean,grt_z_std,grt_z_max,grt_z_rms,grt_z_min,grt_z_abs_sum
acc_x_mean,1.0,0.08289851562124308,0.6520551361914521,0.06239611942054151,0.3143370238102717,0.06894049263244038,0.9777653011842509,-0.06695176889378338,0.6678338612002124,0.010073005836632034,0.48407701745809695,0.05162572261534141,-0.128174606061628,0.2714431585256742,0.28086137456704857,0.2586549265924613,-0.22302146347477442,0.2645163920692232,-0.3500023843110733,-0.036027521742579914,-0.3465739757088147,0.24012650831641044,-0.16903964636758761,0.26170631468033073,0.21033775056206314,-0.40698231232481247,-0.07309953860485346,-0.3684447692925394,0.5536753274150484,-0.4119280778663472,0.6395152737884274,0.2084547555612147,0.46216649018824185,0.25302198479253385,0.6097968242261239,0.20347133086004648,0.692954490338466,0.2813380424433046,0.812862327510778,-0.6691883085368653,0.434140610485358,-0.6929544903384662,-0.4936088463171537,0.3532752642863038,-0.27078929496552623,-0.4886920925457305,-0.5673515015076948,-0.49360884631715196,-0.7210967055426529,0.07973814363794818,-0.4842431682315557,0.7404582929157985,-0.8019209130622751,0.7210967055426531,-0.597666344301701,0.050675974857305704,-0.3743053493796204,0.604247520382603,-0.7693532552392888,0.5976663443017011,-0.16789176190379623,-0.09972691837883776,-0.12902043601093044,-0.15724466838251888,-0.13661311044193283,-0.16789176190379618,0.24180136040987785,-0.19277354945786104,0.31103955678740036,0.06698671420014106,0.33306042999133295,0.08002357702262225,-0.15222854146135892,-0.475153448614343,-0.3272260226156926,-0.27548348637412706,0.09751671877848106,-0.2489586756828178,-0.18264235006792776,-0.40542600663425105,-0.3289717968368148,-0.2020862689159774,-0.07118218909808649,-0.16739313530950342,-0.18370404741397878,-0.4880589079056392,-0.3620025577941804,-0.28838372107708354,0.039834213136979,-0.24420936721555878,0.22531963576031735,-0.4728357364357172,0.08283265922871517,-0.2809476770749939,0.36188040968998453,-0.23725942146304047,-0.15563197713690252,-0.45579395467171907,-0.3229177437913414,-0.2673697751179136,0.11351950285070972,-0.23023219088319619
acc_x_std,0.08289851562124308,1.0,0.7670314954269092,0.9162235174870074,-0.8806311523518418,0.8558060770713171,0.14369907719909203,0.9062522918365333,0.6655898782067796,0.7676448841930154,-0.784295994829184,0.7266176159559724,0.142849852576515,0.9011962181456379,0.836205435871075,0.9078748056785582,-0.6733980009412796,0.8864079906200623,-0.2384715555177571,0.5164910871717906,0.20746571601971178,0.42212032262827676,-0.45811393451045285,0.38722472768043253,0.21872979884580365,0.2810614152752384,0.3384334533289975,0.2659518329725052,-0.06673126107702812,0.2639549464842108,0.09650196286327166,0.41141585273962283,0.3154973434492305,0.3572939201609976,-0.42605387880108214,0.3364183736687027,0.19648169514130356,0.28458545331082974,0.3725794612887401,-0.18728223097735594,0.06434222156558629,-0.19648169514130312,-0.48886734114844715,0.2928981042722916,-0.31036772884507724,-0.48771669809098095,-0.5733417265700086,-0.48886734114844527,-0.16199713586741823,0.3065052275032387,-0.013232534737119704,0.1862832520975289,-0.38732757855001937,0.16199713586741749,-0.10287720985516599,0.2795773810309463,0.0480279189280076,0.10746942991472945,-0.33747636025246636,0.1028772098551663,0.27018234677242176,0.2760029301742191,0.30659500745460727,0.2863783784806805,0.18016574798241333,0.27018234677242164,0.37298725737441213,0.39173084605306085,0.5561629099047504,0.20005334836153363,0.277779353630651,0.17830171499535485,-0.4085728457800931,-0.11262285445603934,-0.3347039095593975,-0.23112308751817415,-0.44123545543153553,-0.232629218658571,-0.5325654267796556,0.11035753840782249,-0.4167432999130086,-0.498835708054019,-0.5985820333082446,-0.5192223381689169,-0.4573529433960242,-0.08558604033907397,-0.35927232158178135,-0.4170257212424881,-0.5180043962066213,-0.4390274618818487,0.4674691582575414,-0.04537616935448913,0.5080704006473096,-0.4189681056504974,0.3460375190034475,-0.44284340466495464,-0.4236832589420164,-0.1892456403688668,-0.3756448510718869,-0.3749236551988422,-0.43055153822461845,-0.3869755376175295
acc_x_max,0.6520551361914521,0.7670314954269092,1.0,0.7188988493514354,-0.4274143427969974,0.6756106347547165,0.6759160716547791,0.6161184085881946,0.9251206984645985,0.5820109857959183,-0.25370767093361224,0.5744417821635134,0.03981715618628461,0.8244836583505427,0.787284831513286,0.8290559544106014,-0.6298106625227592,0.8167133277796884,-0.39535677459228713,0.37736332368697556,-0.04627945123362069,0.4746722181989057,-0.45847554103518035,0.46223105505104634,0.28603988447898687,-0.00799873902254027,0.21628183490923747,-0.03922941997145347,0.24597449327008308,-0.06808310659508539,0.4206337354866997,0.4396859235296896,0.5095105624262173,0.40240714084186013,0.035107468096237854,0.35394798084567364,0.5616859330804327,0.3475894081553187,0.7365799381708725,-0.5415600154799816,0.31451393311837667,-0.5616859330804319,-0.6855984195904431,0.44539276014590085,-0.3975162438787837,-0.6817261496095017,-0.7757763125141358,-0.6855984195904411,-0.5466370545591545,0.23756779845185552,-0.3084868795296668,0.5725051428945677,-0.7342121383195473,0.546637054559154,-0.44647979942141425,0.22395710193721752,-0.19835313292195456,0.4534232196052694,-0.7080372065881847,0.44647979942141397,0.07896758278969175,0.1531362154386129,0.14251140002971507,0.10226868115949143,0.014255093791328236,0.07896758278969175,0.4445061853407731,0.14816134539061196,0.6127081387603063,0.19475723711723283,0.4279058903176102,0.18788206410673186,-0.40394606323959714,-0.38650056236872155,-0.45596559932617875,-0.3314141632817488,-0.2726551977503013,-0.31402067519036275,-0.5055569043238032,-0.18195198144142338,-0.5187608492312903,-0.4956990140082774,-0.4853503230191883,-0.4884371616959299,-0.44657210203376063,-0.3697790292869196,-0.48389426415537184,-0.4779456381938804,-0.3531336795221267,-0.4660487402133723,0.4828166016837565,-0.34219696568693925,0.41476281639969703,-0.4803988062705569,0.4791694189907428,-0.46875337205806045,-0.4072147542579865,-0.4288915190196432,-0.4780626837350594,-0.43603639386462373,-0.24204437894939515,-0.421185377387314
acc_x_rms,0.06239611942054151,0.9162235174870074,0.7188988493514354,1.0,-0.7805359956214437,0.9862909187022991,0.1213685610929955,0.8988006308703486,0.677932071361209,0.9334710763036499,-0.7126805565434402,0.9140759173425145,-0.09027666474052774,0.8337811388824878,0.6932447280143067,0.8704189069988535,-0.8453184604500972,0.9002250259881914,-0.4341644667567281,0.659603735967149,0.12459288342042073,0.604254443695692,-0.668719842979797,0.5695237295780817,0.2279645618173594,0.5277515863334836,0.5259760226726705,0.43607818295636513,-0.23497624795643582,0.42275050599364644,0.167217740650994,0.6097127529734275,0.48171585746260326,0.5667444749514016,-0.5401819505373083,0.5396338264943855,0.062218046545460766,0.44542560813223964,0.2796590411742408,-0.045926236737222126,-0.13660361855972852,-0.06221804654546028,-0.4917768453303824,0.5066272040583387,-0.15341649569870836,-0.48794413176701723,-0.6335405746495839,-0.49177684533038035,-0.028919686268417885,0.4755734948555959,0.18246627705037086,0.0567368832484496,-0.30065533859692634,0.028919686268417292,0.02165897445748053,0.47885830344658875,0.25318083943423475,-0.015361655704674498,-0.2754267315184823,-0.021658974457479975,0.3873151990031889,0.542421704437225,0.5347888890949316,0.4427477922400553,0.13331401658814665,0.3873151990031881,0.32357773764169767,0.310996164688378,0.483237329857358,0.0829796503112028,0.2423040195361357,0.06635728852249395,-0.4522171032618812,-0.05044667694306594,-0.32287195092766213,-0.21911546566135154,-0.5204709613500932,-0.2234716428556186,-0.6770005400944369,0.060365890383040646,-0.5464484063672117,-0.620643933868343,-0.7222348441631783,-0.642972962495882,-0.5092010419837079,-0.023414379315644853,-0.35596321902106487,-0.439929356523065,-0.6049077982576009,-0.4733258656757878,0.4962699492649842,0.025054872922880674,0.5563580668275654,-0.43593446783587897,0.323758701276914,-0.47293597862782266,-0.46570252425014036,-0.1501317312445826,-0.3775515081564351,-0.39090484054799346,-0.5051706264328379,-0.41080231683532553
acc_x_min,0.3143370238102717,-0.8806311523518418,-0.4274143427969974,-0.7805359956214437,1.0,-0.7049066488411948,0.25974451205163174,-0.8088159588820271,-0.2995563999862336,-0.6286328372939813,0.9415752481113929,-0.5683472586244863,-0.30547989622448435,-0.7564605282388501,-0.7284012962964997,-0.7362436488506894,0.46321526879398783,-0.6900868230726545,-0.0317731443593136,-0.38668437999943106,-0.3649701503029383,-0.18714119955549438,0.23571060051207868,-0.15370476969609548,-0.008958845347312986,-0.3439094596532868,-0.22377103553319333,-0.28096681572673915,0.29305849206192697,-0.29787533620479034,0.2514230332553409,-0.1438123855722444,0.03455198239379217,-0.10696809180107653,0.5658308953428127,-0.11345714644401347,0.0013993209818298194,-0.06105904608109486,-0.06493911052109164,0.0024828852840581683,0.003921715088201548,-0.001399320981830213,0.3140723444208991,-0.05182516376908556,0.28616928588578167,0.3158736050663494,0.31025833956240534,0.31407234442089726,-0.04596299864346907,-0.14512838029140052,-0.07238128524467961,0.0367992169647827,0.06985893760975578,0.045962998643469456,-0.01978085610944081,-0.1329662676759715,-0.06303592546246824,0.01871708222707254,0.06811087332355856,0.019780856109440585,-0.1691243967508047,-0.19653360994819463,-0.20225226666657112,-0.18359231272844412,-0.07590998061668816,-0.1691243967508047,-0.25287137514086894,-0.4921637811427409,-0.42110040410581945,-0.19602503242884747,-0.11896924259750405,-0.16687123782634694,0.2841747828004109,-0.10081033753423578,0.1490265708044015,0.08618342156582055,0.41431057533090804,0.09887435324821955,0.3471759523365454,-0.3185613528557227,0.1659455639484749,0.3199634946129236,0.46520676248174037,0.3544894452175197,0.30845237811782444,-0.1372404563609188,0.1472409926493849,0.2323609979593439,0.4567734663427096,0.27012269090176066,-0.30186318449282407,-0.17530795412727207,-0.4039494334896304,0.2368488124487194,-0.13047520457839298,0.2770523101912324,0.2926454322503662,-0.03198697527689752,0.18155728143415983,0.20615947259414727,0.4124520747014471,0.2319306366208017
acc_x_abs_sum,0.06894049263244038,0.8558060770713171,0.6756106347547165,0.9862909187022991,-0.7049066488411948,1.0,0.1279614111858057,0.8786542307112089,0.6665571181626045,0.9597254344797082,-0.6593583463215749,0.9533797524948915,-0.2021653822465081,0.7721279471255322,0.6090246696737988,0.8210379487043012,-0.8667564572521234,0.8709610464002342,-0.5224214887023532,0.6870774732970109,0.05792884790232677,0.6541376787241017,-0.7348116578783785,0.6190242730230646,0.27991853542202694,0.5937659814426933,0.6035541049159554,0.49789591860152976,-0.23857913093083627,0.4817332936084661,0.22977260149911444,0.6869466764494152,0.5604328969144502,0.6460476792748705,-0.5518788465840626,0.6181024691578128,-0.008545580149077824,0.5121278222988271,0.23509360194342085,0.0275301930061601,-0.22500528571425465,0.008545580149078346,-0.43949358817513,0.5708806026594683,-0.06026635625928312,-0.43475955713911435,-0.6174281159884978,-0.4394935881751287,0.03970730265382401,0.5507157699454438,0.26835106375803713,-0.009052156934460572,-0.2625951917541152,-0.039707302653824626,0.1001490662747566,0.559777792941879,0.3470987226838585,-0.09319724431827875,-0.2303130096215325,-0.10014906627475598,0.4654301224061889,0.6327140314439534,0.6267875763017532,0.5269145531163173,0.17185668021493922,0.46543012240618803,0.2877155742373961,0.2517034869843601,0.42962225843679525,0.010337091267837432,0.22354915996047953,-0.0032760066622779848,-0.4624659523031236,-0.0636063453968822,-0.3315093444298484,-0.2245778742559101,-0.521675287104444,-0.22711198891640025,-0.7232193600522809,0.0007548039758779636,-0.6021649547192135,-0.659294359961538,-0.7431352492297695,-0.6780540440026817,-0.5261999879423414,-0.042104978565662365,-0.37234363071817916,-0.4548934352587204,-0.6096183877653485,-0.48754087807575414,0.5022387774252612,0.011766232959305276,0.5521122710289289,-0.44349496567644103,0.3288495136930228,-0.4804921486058093,-0.47552295243033627,-0.16727103324700493,-0.3891947561202246,-0.4004229139754322,-0.5047116141169278,-0.41952462936297
acc_y_mean,0.9777653011842509,0.14369907719909203,0.6759160716547791,0.1213685610929955,0.25974451205163174,0.1279614111858057,1.0,-0.006516937764750907,0.6999556141647739,0.07028713541926236,0.44101394415283696,0.11433708052613309,-0.15941133152721843,0.3078077373534042,0.30425853323634544,0.30303393391165606,-0.2714288583777043,0.31567369279434054,-0.4167696086106585,0.03380649213700912,-0.3504098599986263,0.28760163559758783,-0.2438751638755379,0.30382750366918726,0.3024285115187494,-0.3533480688762646,0.021531653432719417,-0.2927838524399078,0.6001743333526084,-0.3400669526141838,0.7172153824827223,0.2687396059225793,0.5320370713038958,0.3326153757306261,0.6039915067670175,0.28668973762527517,0.6637931633657883,0.3652496117792828,0.8321045652507116,-0.6358446135602,0.3854187677573119,-0.6637931633657883,-0.47656104796016685,0.42903966549410183,-0.22445052170450078,-0.47058361830678563,-0.6052135873712484,-0.47656104796016574,-0.6902173262434854,0.17479038419408938,-0.4249839154652695,0.7166970301525746,-0.8258331268182189,0.6902173262434856,-0.5463168989585784,0.13605135438969065,-0.3078706140048305,0.554265730016042,-0.7749638042546156,0.5463168989585779,-0.06988451079741828,-0.01857596391934383,-0.03880985000437228,-0.05963575996384208,-0.07227198305141383,-0.06988451079741827,0.30208010277185315,-0.2107466585973529,0.3635417828694865,0.030684633200473137,0.3925583164290835,0.04377636514155413,-0.23854712938432543,-0.5084709092361117,-0.4013623969710207,-0.35121349940956825,0.019674993245862003,-0.3258140967320415,-0.2658617469396357,-0.42908859250710957,-0.40931246349562483,-0.28524929629668316,-0.1481899604240338,-0.251262226682241,-0.27092768484440743,-0.519445530772553,-0.43826810803815003,-0.3729794946761325,-0.0400801124348281,-0.3310303770556101,0.3082259624774833,-0.4945826348828733,0.16532149997597276,-0.3605396205899985,0.43363202316586147,-0.3193750621691189,-0.23971065823955157,-0.5001685238491164,-0.398539202415652,-0.3495392400652691,0.045341164732307405,-0.3143770060635883
acc_y_std,-0.06695176889378338,0.9062522918365333,0.6161184085881946,0.8988006308703486,-0.8088159588820271,0.8786542307112089,-0.006516937764750907,1.0,0.6411368266969293,0.8874025757736749,-0.8284510567340527,0.839071551302519,0.021810429276419026,0.7542954174500776,0.6522935091188551,0.7715346380738026,-0.6669618428459746,0.7742138114032112,-0.3747452293808696,0.6238619557422399,0.1456643160138236,0.535293625876346,-0.6038080106808529,0.4895125835403056,0.3824708305813176,0.5250006117123128,0.5825179150019566,0.5276874973372756,-0.1729575803831623,0.5299096588142002,0.133368798062776,0.5869610699768703,0.436716760944473,0.5069419499970408,-0.6008681120588371,0.4912596334846503,-0.06756962783485206,0.3905370381420263,0.16228133502229147,0.07793957972900584,-0.19250206496596248,0.06756962783485243,-0.3065455631564071,0.3580644484695722,-0.09848860616323812,-0.3047464550117578,-0.46617086172645483,-0.30654556315640596,0.11519776664511672,0.4769096766098355,0.2600280380665663,-0.08433373537832059,-0.19067307463236532,-0.11519776664511733,0.1408911294430513,0.45350822417774805,0.2932431816870495,-0.13567388269417402,-0.164950196594774,-0.14089112944305085,0.499879166005878,0.4764110981269364,0.5336985031225067,0.5185468116051736,0.3327344853037141,0.49987916600587806,0.32468356668913545,0.25880842729133763,0.44259423085263183,0.06635660007496949,0.25081002304499933,0.05404922409445005,-0.4312732587278217,-0.07609712171317204,-0.32242132790792355,-0.20838935206086398,-0.48744836909226774,-0.20924238845019918,-0.6176730500312465,0.04107835893995559,-0.49953190011566984,-0.5721928302572533,-0.6502761453611337,-0.5906283066862816,-0.47664350726033244,-0.04216986920411355,-0.34236702504236544,-0.41165209846253475,-0.5579016426449102,-0.44058052351510313,0.4713793499229044,-0.016912903948136788,0.5072270796371122,-0.41360051973519785,0.3267677537476867,-0.4438260438494623,-0.4364316467077642,-0.17151127419537737,-0.3636579318091399,-0.36658312429246726,-0.45568936497235235,-0.381851495833581
acc_y_max,0.6678338612002124,0.6655898782067796,0.9251206984645985,0.677932071361209,-0.2995563999862336,0.6665571181626045,0.6999556141647739,0.6411368266969293,1.0,0.640979857417815,-0.1837086039505504,0.6271951570957243,-0.08332343628078553,0.7119115675413668,0.6476918449498589,0.7232108246998622,-0.6472886352293464,0.7333023327969658,-0.5397227243496999,0.45419970983546243,-0.13912559450259657,0.5737378135005424,-0.5906151995734641,0.5525729991307929,0.4231386921784075,0.09813054447852532,0.3638917172919664,0.0931024945579447,0.2506671747663,0.06271532980308021,0.5433604883999062,0.5811355895108317,0.6605369434429382,0.5307896292912051,0.01861842093455483,0.47749715514100327,0.4279295418177989,0.45110526421479136,0.6498950910227684,-0.40413339569541923,0.16233454344265968,-0.4279295418177981,-0.577171462946172,0.510745348987153,-0.25763473299207257,-0.5723813330214683,-0.7248259714599384,-0.5771714629461719,-0.4134899993010927,0.3599908729377032,-0.1556834511333155,0.44545227324781406,-0.657097289609112,0.41348999930109304,-0.3285361685500384,0.34753342299041845,-0.05993531053194451,0.3366481568697572,-0.6560187300603764,0.32853616855003914,0.21182985136486526,0.2740499945147105,0.277323281736289,0.237877353898328,0.09865582437227224,0.21182985136486543,0.43933921666404757,-0.015851168977662533,0.5553465883132512,0.07000230438194426,0.45699580300864573,0.07452910148465296,-0.4606010764813607,-0.41975617881126354,-0.505248625943653,-0.38089771154966257,-0.3157161511259692,-0.36180111869440773,-0.6044202286138415,-0.2909094444892006,-0.6352928775761698,-0.5943412552116422,-0.5456550661999602,-0.5815600458027101,-0.5048022727780193,-0.39643681300424877,-0.5341954519373734,-0.5324166720551087,-0.4044156244038505,-0.5213869617284198,0.5310732812647613,-0.3707222282974309,0.45300582082754687,-0.5316919068621301,0.5247892416572055,-0.5212481748853663,-0.46086769725733023,-0.46808807301807326,-0.5251160900772168,-0.487109201362462,-0.2785928513952466,-0.47170631410083336
acc_y_rms,0.010073005836632034,0.7676448841930154,0.5820109857959183,0.9334710763036499,-0.6286328372939813,0.9597254344797082,0.07028713541926236,0.8874025757736749,0.640979857417815,1.0,-0.6440742048912349,0.9910824689428576,-0.2146273380791643,0.667287779793975,0.49415766909182013,0.710238338606071,-0.8292681381654712,0.7689081414472907,-0.5580335192323169,0.7276462142930291,0.04942571834410198,0.7230222414698096,-0.7825546573040875,0.6865964316273472,0.3375267697824536,0.722518279434377,0.7179159579709481,0.6535975177420701,-0.3234496955658109,0.6335305099355105,0.26702117293627725,0.7537579071915419,0.6080147614703618,0.7341811900170403,-0.6058261541865927,0.7133665619148467,-0.13329117232482895,0.6004456933803414,0.14967018667825827,0.15532100992338413,-0.36387513644547476,0.13329117232482932,-0.33629474565476813,0.6310885369188768,0.062474367017386595,-0.3305518077796963,-0.5708452549359476,-0.33629474565476697,0.17044613681404974,0.6572813670641261,0.414635285218766,-0.1351053527099339,-0.1759882022184084,-0.17044613681405038,0.19905024359179282,0.6488444428043229,0.45666700121969506,-0.19129295929512555,-0.17019186862662533,-0.19905024359179246,0.5582284645947383,0.7236970418788337,0.7220919755569892,0.62243729925528,0.21381108053685982,0.5582284645947378,0.23051856758578865,0.1756171384947193,0.34019459934830565,-0.03095919459521579,0.18100582582448066,-0.03844071417630977,-0.39711502258292514,0.005437776695382444,-0.25096376112605906,-0.14306158071535569,-0.48832108807166935,-0.1458783851019046,-0.7043648949605142,-0.009989048163885392,-0.5897878319453093,-0.6340585722091949,-0.7221475860102899,-0.653289493537785,-0.4540847018886004,0.031203190421437984,-0.2861847975531048,-0.3717997370025542,-0.570354600913841,-0.40810673058395963,0.42926496059547653,0.06707528030948591,0.49030090543631216,-0.3661895676476986,0.25042486502747796,-0.40625724922953504,-0.4029693127291315,-0.10262974060259868,-0.3070946355573877,-0.3200081756821005,-0.4587304604358515,-0.34069620628342046
acc_y_min,0.48407701745809695,-0.784295994829184,-0.25370767093361224,-0.7126805565434402,0.9415752481113929,-0.6593583463215749,0.44101394415283696,-0.8284510567340527,-0.1837086039505504,-0.6440742048912349,1.0,-0.5777909481373921,-0.24605286956155856,-0.6008438609433401,-0.5605617929096065,-0.5897215219332924,0.40320289603524506,-0.5571274784694499,-0.04085964044377339,-0.4293462592762399,-0.38550187366422217,-0.2143918795343759,0.2599047395453904,-0.17589226259310795,-0.06066325987465035,-0.4634040515150603,-0.32196512803575394,-0.44631685171765073,0.3831370589586376,-0.4713855028160165,0.3005710818363392,-0.19349557400050277,0.038589412018766804,-0.13563770506913872,0.7088195137790256,-0.1498935669308913,0.21299891036857774,-0.0732417759116427,0.13453632073529911,-0.2065110831648367,0.17845754638215566,-0.21299891036857824,0.13643991325957439,-0.014280768711808854,0.13962939728244309,0.13861064482653843,0.15637089317185449,0.13643991325957322,-0.26329563572734377,-0.20867304934995468,-0.25560422043521713,0.25331423859776636,-0.12116038873831117,0.2632956357273446,-0.21487412024756114,-0.18618988325768626,-0.21822994062034876,0.214799295059232,-0.12241581191052135,0.21487412024756103,-0.29245394040001194,-0.2593742823855945,-0.3010544838296065,-0.29923791161309843,-0.2128113519470528,-0.2924539404000118,-0.15820708422081603,-0.4602857204389635,-0.284637962415706,-0.1501010242740999,-0.026945308152537033,-0.12416002232532751,0.20707995420736383,-0.20153847786286694,0.04788796756307518,-0.0069968985979471845,0.38137450163929393,0.008491835084416414,0.3043752916965874,-0.3436471190789928,0.11349349692564188,0.2647170067980148,0.42184643700970714,0.30202463147765596,0.23089607616880853,-0.23702253529553752,0.04557050662892622,0.1360177940541669,0.41710929273624325,0.18011678699007566,-0.21734795640871774,-0.2558832984103236,-0.3337746167808703,0.14473532257166807,-0.03648606694264201,0.1904127636152306,0.21558404282312324,-0.1268148061952064,0.08133383143298052,0.11243762056268863,0.37869061689374434,0.1427873795394743
acc_y_abs_sum,0.05162572261534141,0.7266176159559724,0.5744417821635134,0.9140759173425145,-0.5683472586244863,0.9533797524948915,0.11433708052613309,0.839071551302519,0.6271951570957243,0.9910824689428576,-0.5777909481373921,1.0,-0.2818508020303384,0.637213164464526,0.45408678634839417,0.6875735193236316,-0.838133277371333,0.758888702370793,-0.594757950696161,0.7274472903782047,0.01500035404248534,0.7457017056443548,-0.8036921217863503,0.7115878634248599,0.35193225423594615,0.7317770829229355,0.7371761005713569,0.6682114552803854,-0.30737803133209457,0.6436350728753468,0.31916354583126616,0.7857004648027651,0.6516159621653588,0.7786054366279623,-0.5775313585358121,0.7569451807568244,-0.13315251733505554,0.6472934100952173,0.16731481285800284,0.1579766609046362,-0.38597255847423545,0.13315251733505581,-0.33241774530589335,0.6846320458320675,0.09868128136468038,-0.32583476360836483,-0.5899956223053308,-0.3324177453058918,0.16817133621638433,0.6954772625197334,0.43326622086699546,-0.1308833240591171,-0.19289671042700476,-0.16817133621638503,0.2091708321894315,0.6812822501093022,0.4803378970233193,-0.20086479988916087,-0.17756205847057513,-0.20917083218943108,0.580729020668528,0.7552918667829558,0.7522029104558963,0.6480106110097804,0.22202963083540192,0.5807290206685279,0.20537669260645075,0.14534515558880706,0.3122362725101283,-0.0589999773896439,0.16961093571826322,-0.06576563560001865,-0.3785750049406237,0.0008499746555703493,-0.241156021176882,-0.13113780858816476,-0.46539736248034125,-0.1328119431602921,-0.7106142692949988,-0.04456113641408445,-0.6097687014023933,-0.6352734619998145,-0.7167979872064678,-0.6517058357958997,-0.4395672367756728,0.018549399204564773,-0.2829723475791793,-0.36182212511148937,-0.5478733505409543,-0.3955864551660435,0.4114025891660827,0.05702254683522758,0.46850033776035116,-0.35175597225197974,0.24136114462117195,-0.3895875269386544,-0.38449906171758597,-0.10802497077077561,-0.2998444245113207,-0.30792533288952045,-0.43329861294920946,-0.32707375538795586
acc_z_mean,-0.128174606061628,0.142849852576515,0.03981715618628461,-0.09027666474052774,-0.30547989622448435,-0.2021653822465081,-0.15941133152721843,0.021810429276419026,-0.08332343628078553,-0.2146273380791643,-0.24605286956155856,-0.2818508020303384,1.0,0.26658387947145123,0.4444834089141721,0.11655104328902668,0.3772934224025483,-0.051373078158598755,0.496079662917515,-0.3507332378664712,0.23563163687343358,-0.36331943464639127,0.4942283566642731,-0.33962242757844235,-0.42363233587895194,-0.2623580443562527,-0.4337451951677659,-0.2559381717873891,-0.15522927935447645,-0.24188161028630875,-0.39740046192502654,-0.5608972851474051,-0.5996975290038832,-0.4562014362979683,0.09132791914807023,-0.4282351254610571,0.23265107313736855,-0.31756292229872085,0.07204959452964496,-0.24600676311878567,0.3207255382232608,-0.23265107313736869,-0.0873044191989032,-0.34752001188341686,-0.30323210007270984,-0.09159220726527542,0.0912840773714045,-0.08730441919890287,-0.22590487121892044,-0.3449809707989292,-0.3119998095190481,0.2082105504436031,-0.04406544568367675,0.22590487121892042,-0.38631155524034944,-0.41916569364130485,-0.44744433791749094,0.38306046854263703,-0.14293932954722058,0.3863115552403503,-0.5367354415630927,-0.4512998011746155,-0.5299603953115365,-0.5409083769774082,-0.42221859485485264,-0.5367354415630927,-0.0355830864355229,0.44836232558266315,0.09771340633669812,0.3488373562229311,-0.14605441556974985,0.32147895497982554,0.27594357503319966,0.27372134721466557,0.30043262695026623,0.2572804271895465,0.12869008594284748,0.24441879431724925,0.465338180991637,0.5446042874814131,0.5587218120219442,0.4281516521198545,0.25820783967380423,0.3973537245238797,0.3284049103607127,0.30739885573573866,0.3596133732430715,0.3358506843256722,0.1692644333363399,0.32482428755526344,-0.2898296115314181,0.2918314473660122,-0.16693373560570687,0.30615326792023106,-0.3165095394546032,0.2968896099023209,0.26981020256981064,0.3276454162250668,0.3226932604432411,0.29646620638920995,0.09867461308988851,0.2844939064963609
acc_z_std,0.2714431585256742,0.9011962181456379,0.8244836583505427,0.8337811388824878,-0.7564605282388501,0.7721279471255322,0.3078077373534042,0.7542954174500776,0.7119115675413668,0.667287779793975,-0.6008438609433401,0.637213164464526,0.26658387947145123,1.0,0.9590269715832326,0.9754614058360369,-0.6690157976189239,0.9266514823150547,-0.21453044646723676,0.4225564398539199,0.17988333998329709,0.3896607535086832,-0.3820545171163308,0.36722384458908214,0.04103874760522774,0.15556238521041818,0.17461728692596054,0.053072702907380066,-0.0742995527588022,0.03845365753554979,0.08283021508677205,0.27966508546221996,0.22699279189232394,0.2679323456480323,-0.25515149946954657,0.24017818348902437,0.40628276648220374,0.21998547439361288,0.5223316257286069,-0.39579737450841007,0.23967587345948999,-0.4062827664822034,-0.6720538799983743,0.2975058812363749,-0.46192114887199737,-0.6704775246883072,-0.6916925791181072,-0.6720538799983722,-0.3812867531184004,0.18300799410650564,-0.20932807255035688,0.39873451486626793,-0.5270337301192345,0.38128675311840027,-0.35273165549901603,0.15926279981677147,-0.15818203385265237,0.35755084798341824,-0.5195851289180586,0.35273165549901697,0.025667722729635307,0.15878829052973253,0.12866346500274026,0.06076067164929487,-0.06395713712437029,0.025667722729635335,0.37992179360256606,0.41018532937678864,0.5940969764220247,0.2357624332993547,0.291270483655169,0.21101957188272613,-0.3618119014919801,-0.13424851731861112,-0.3098299745339468,-0.20395161969532974,-0.3763598351404127,-0.20109279624686843,-0.46271290900670703,0.15404000930218484,-0.3424704243366362,-0.4415441465481414,-0.5387004620348801,-0.4620782285739013,-0.3946301493765739,-0.09752649032171987,-0.3184199193022685,-0.37010662123480265,-0.4440887285131332,-0.3858405823270714,0.41248945668548737,-0.04637994658880507,0.4537784180075763,-0.3742603018199015,0.3036343540530374,-0.3940053817944975,-0.3708611569540808,-0.1899243702940464,-0.3381113599792296,-0.3335252663461245,-0.360432288597481,-0.34130605558041544
acc_z_max,0.28086137456704857,0.836205435871075,0.787284831513286,0.6932447280143067,-0.7284012962964997,0.6090246696737988,0.30425853323634544,0.6522935091188551,0.6476918449498589,0.49415766909182013,-0.5605617929096065,0.45408678634839417,0.4444834089141721,0.9590269715832326,1.0,0.9050335676301746,-0.46841180059838256,0.8144837733264737,-0.056832310228473515,0.2595038048542426,0.20762783355003497,0.22691348649136198,-0.19112361817649642,0.21025032036596014,-0.011277202136477713,0.0033521245867322923,0.02259698729774914,-0.09457659085864425,-0.002104651621018899,-0.10460421237494015,0.0028100654447961444,0.09231477759782557,0.07300306796324461,0.08347318147013394,-0.12576172987141168,0.06142948328020582,0.49095536328893613,0.0749367066887448,0.5429054256771975,-0.48574595711808505,0.3748599559506606,-0.49095536328893674,-0.6484265930707873,0.14749149957432942,-0.5411348934269731,-0.6484509436941258,-0.6088740795245791,-0.648426593070786,-0.461841945795243,0.019914889471804136,-0.34579247910330907,0.47235399516687876,-0.5302151472664397,0.4618419457952431,-0.4617596315943164,-0.00436510311022976,-0.3196169466564048,0.46519119445244395,-0.550303135025529,0.4617596315943164,-0.1274187646680819,-0.02531514648787017,-0.06817513353032834,-0.10788569976746255,-0.15068366024844151,-0.12741876466808189,0.35490855982657404,0.42317785454399415,0.5750273266825339,0.2787257496118919,0.2638704431592504,0.253188836571771,-0.2708816808739486,-0.1657606754285792,-0.2647206601772258,-0.1635676595543146,-0.256283267261152,-0.15620815461221757,-0.2958368470389126,0.165443880152863,-0.2012330575706363,-0.29549157991395264,-0.3769804320958306,-0.3108815411433821,-0.29289006454439037,-0.13020629070246062,-0.2625722134348797,-0.289766413648345,-0.31305849329845553,-0.2942220564077986,0.3170746122194156,-0.08653355542724589,0.3360187289084056,-0.29323078427573596,0.25024354413668076,-0.3006292965051542,-0.2736514388554218,-0.19101059997928696,-0.2780256699392837,-0.2579539299450368,-0.2455876755051575,-0.25797436657095624
acc_z_rms,0.2586549265924613,0.9078748056785582,0.8290559544106014,0.8704189069988535,-0.7362436488506894,0.8210379487043012,0.30303393391165606,0.7715346380738026,0.7232108246998622,0.710238338606071,-0.5897215219332924,0.6875735193236316,0.11655104328902668,0.9754614058360369,0.9050335676301746,1.0,-0.7304161577707112,0.9791359298099815,-0.263987033334139,0.5053974517699079,0.18657447674464472,0.46436908765011425,-0.46057141711193583,0.438216769029915,0.09500046186250233,0.1921520642681936,0.22265705658029103,0.10157636750332685,-0.07362251255010555,0.08631782086355039,0.11889101583837695,0.37041265994538686,0.3137351425177653,0.32889224745408796,-0.30474984623607687,0.29789959335412763,0.3374720117420879,0.25607590164149513,0.47661720761332005,-0.3265205999295336,0.17072789069485733,-0.33747201174208746,-0.6556877886847137,0.3329572226148055,-0.42724996267698845,-0.6538563045943685,-0.7008456089041428,-0.6556877886847126,-0.319131186984911,0.22636579957450995,-0.1477245797734623,0.3377087809607863,-0.4914912142081667,0.3191311869849104,-0.25572710333557624,0.21038028608180548,-0.07353272240677283,0.26035402356662646,-0.45346346656994163,0.25572710333557713,0.12888197669781923,0.20977125062094856,0.20834032474253236,0.1566820282546982,0.05269227109170525,0.12888197669781912,0.3851501182782926,0.3306955922906645,0.573184825147189,0.20139506340264238,0.31424729987673017,0.1823789248828371,-0.3904196124173836,-0.16178903897330446,-0.3496896111841138,-0.20986114232409425,-0.4043147708667575,-0.20465022172402297,-0.5408112275963138,0.08665116387462088,-0.4402587250322747,-0.5111856443262981,-0.6055522444567577,-0.5283455799092966,-0.43015088768828524,-0.1316267719796558,-0.3663692367998252,-0.4068886260161855,-0.475980519311646,-0.42097041881854547,0.4469262986955791,-0.08686432512924981,0.4819168835957555,-0.4095906906096242,0.3509626587746178,-0.4264335467029965,-0.3958919519696178,-0.22204822996920306,-0.37631294339321764,-0.3599433827501463,-0.3779477380385036,-0.36648416063999706
acc_z_min,-0.22302146347477442,-0.6733980009412796,-0.6298106625227592,-0.8453184604500972,0.46321526879398783,-0.8667564572521234,-0.2714288583777043,-0.6669618428459746,-0.6472886352293464,-0.8292681381654712,0.40320289603524506,-0.838133277371333,0.3772934224025483,-0.6690157976189239,-0.46841180059838256,-0.7304161577707112,1.0,-0.8145645440766746,0.5432400124664495,-0.7019375716846491,-0.03933631889375586,-0.6721404441707196,0.762477231619854,-0.6417368545436991,-0.17579080181241205,-0.4567976941227491,-0.4852609994929141,-0.3662927165568464,0.1881393681230532,-0.3431317856958347,-0.28850548710737184,-0.6638133539192168,-0.581382614019559,-0.629871938289368,0.4321386695024851,-0.5894812546150761,-0.09484540013893257,-0.49790502018912264,-0.3196568095881047,0.0732773217404685,0.14708258478134206,0.09484540013893228,0.4846909785981918,-0.574402142066807,0.09174507612013666,0.47920091360636025,0.6342548089390557,0.4846909785981906,0.0820502190339814,-0.49301647107420715,-0.16750844036944101,-0.11003798600931015,0.34620074442863874,-0.082050219033981,-0.006465179147587638,-0.5009452720871951,-0.2680936632897307,-0.0004785887022017904,0.2999926754178317,0.006465179147587034,-0.367062431967324,-0.555826489281388,-0.5504640227877727,-0.43239483580699684,-0.13339022958135388,-0.3670624319673242,-0.28388476322496436,-0.18296946696145447,-0.4088708336905486,-0.01760306964401195,-0.24244239245355279,-0.00918086864903573,0.4460074032763079,0.03898875766596661,0.31251741266185185,0.2570234846842192,0.4953944372635356,0.2664060307641135,0.685072454469819,0.01094781741129794,0.5743814694646342,0.6236098953145336,0.6968045795221111,0.6431552529972722,0.5057383353519983,0.016311480954212455,0.35697167792998125,0.44519552480198604,0.5870411240805916,0.47931862859257673,-0.5022187169608202,-0.0358970990684916,-0.5667982764787198,0.45081768623326557,-0.3391945972369545,0.4898617041628073,0.47417209754982637,0.1415964038544962,0.3754720143940961,0.4090391547786848,0.4962749776477018,0.4307314005878567
acc_z_abs_sum,0.2645163920692232,0.8864079906200623,0.8167133277796884,0.9002250259881914,-0.6900868230726545,0.8709610464002342,0.31567369279434054,0.7742138114032112,0.7333023327969658,0.7689081414472907,-0.5571274784694499,0.758888702370793,-0.051373078158598755,0.9266514823150547,0.8144837733264737,0.9791359298099815,-0.8145645440766746,1.0,-0.34265341209820843,0.5996542933562852,0.17679975821144744,0.5553912401415704,-0.5649110069654422,0.525492738745349,0.13386423741261844,0.2533398963320664,0.2930792194251683,0.17877927755550294,-0.08952486050267315,0.16164866725869237,0.17532184489686872,0.4790663906800477,0.41591859678166493,0.429143781096585,-0.3504279049889965,0.3925993378257461,0.2750528681642702,0.3317804063039651,0.44837577652609595,-0.26135607223276225,0.08537411474795516,-0.2750528681642699,-0.6436166244766907,0.403059057443321,-0.37027807705308746,-0.6410071879027256,-0.7229284997369035,-0.643616624476689,-0.26085488801930157,0.3107672430530881,-0.06373488883343786,0.2828646825297344,-0.47112984058719515,0.2608548880193011,-0.1753803440021207,0.2915247447918615,0.022185083502212006,0.18052847172407915,-0.4140391934729305,0.17538034400212138,0.21892520183827513,0.2972417134854673,0.30895841079608005,0.250849729252352,0.11874260217553106,0.21892520183827519,0.37740724477961435,0.28287030334863544,0.5542139910316846,0.1603166680010459,0.3219552268666733,0.14418780485007107,-0.41257754866488555,-0.14783480090832024,-0.35870579730035995,-0.2171740199714872,-0.4374817518945173,-0.213299980866033,-0.6164653589825502,0.04447000455552997,-0.5188871460674467,-0.5739100112704069,-0.6675961897472455,-0.590755991422886,-0.45941319713608325,-0.12271622759334462,-0.385003228554792,-0.4298929081051464,-0.515086016429473,-0.44727730103431806,0.473496107418894,-0.07670552708981122,0.5167328059990173,-0.43261002507360047,0.3679924149469514,-0.453192424641251,-0.41956199377870523,-0.22023342726426023,-0.3919204506464306,-0.379645372861416,-0.40739186352356627,-0.3886291906805473
gyro_x_mean,-0.3500023843110733,-0.2384715555177571,-0.39535677459228713,-0.4341644667567281,-0.0317731443593136,-0.5224214887023532,-0.4167696086106585,-0.3747452293808696,-0.5397227243496999,-0.5580335192323169,-0.04085964044377339,-0.594757950696161,0.496079662917515,-0.21453044646723676,-0.056832310228473515,-0.263987033334139,0.5432400124664495,-0.34265341209820843,1.0,-0.3984869503637001,0.6386793523388458,-0.5839554036341373,0.8074174960361706,-0.5812560650112405,-0.582174501296972,-0.42039304991023385,-0.6940338196417535,-0.39746631054785975,-0.18262551676841154,-0.35934917284686796,-0.7377720583528053,-0.7515823295372853,-0.8282660617460571,-0.7983309027737248,0.008670932033539545,-0.7812069308721725,0.14095715021720345,-0.7028492253211029,-0.18052479588218273,-0.1738149147464345,0.4063677292962733,-0.14095715021720379,0.026904494048376717,-0.7455559453953235,-0.41539280541454526,0.01788766839787265,0.3731923743262999,0.026904494048376727,-0.1414315415865769,-0.7175508415771301,-0.41681788842281103,0.10157001272408643,0.23511828157387918,0.14143154158657725,-0.2654586154806019,-0.7507019336503268,-0.5403730205957289,0.2552271557729418,0.17589646625987762,0.2654586154806016,-0.6243550540177238,-0.724269262583939,-0.7358664160705816,-0.6740822694673874,-0.29290768912885423,-0.6243550540177231,-0.18630188319377097,0.2927262113148695,-0.1651596320021892,0.4153004042110497,-0.2598001703451056,0.40352346903261876,0.5296810175743841,0.3209172511219776,0.4810753941040379,0.4125092738700651,0.4165556572992769,0.40378051768426376,0.7272179116121804,0.4204491508189257,0.7574325518648379,0.6908428007909615,0.588955698714879,0.6750279131906066,0.5914527284150468,0.3299067907593366,0.5412273743597534,0.5796031774303431,0.48585508368788044,0.5830029014623287,-0.5262629715939083,0.2716568271736218,-0.45033542524712705,0.5207184781258659,-0.4687092304936861,0.5265681411988828,0.5428158099889755,0.4225031633487498,0.5339035602592072,0.5381760248596272,0.3769973621734492,0.5348307689318141
