,acc_x_mean,acc_x_std,acc_x_max,acc_x_rms,acc_x_min,acc_x_abs_sum,acc_y_mean,acc_y_std,acc_y_max,acc_y_rms,acc_y_min,acc_y_abs_sum,acc_z_mean,acc_z_std,acc_z_max,acc_z_rms,acc_z_min,acc_z_abs_sum,gyro_x_mean,gyro_x_std,gyro_x_max,gyro_x_rms,gyro_x_min,gyro_x_abs_sum,gyro_y_mean,gyro_y_std,gyro_y_max,gyro_y_rms,gyro_y_min,gyro_y_abs_sum,gyro_z_mean,gyro_z_std,gyro_z_max,gyro_z_rms,gyro_z_min,gyro_z_abs_sum,quat_w_mean,quat_w_std,quat_w_max,quat_w_rms,quat_w_min,quat_w_abs_sum,quat_x_mean,quat_x_std,quat_x_max,quat_x_rms,quat_x_min,quat_x_abs_sum,quat_y_mean,quat_y_std,quat_y_max,quat_y_rms,quat_y_min,quat_y_abs_sum,quat_z_mean,quat_z_std,quat_z_max,quat_z_rms,quat_z_min,quat_z_abs_sum,encoder_angle_mean,encoder_angle_std,encoder_angle_max,encoder_angle_rms,encoder_angle_min,encoder_angle_abs_sum,grf_x_mean,grf_x_std,grf_x_max,grf_x_rms,grf_x_min,grf_x_abs_sum,grf_y_mean,grf_y_std,grf_y_max,grf_y_rms,grf_y_min,grf_y_abs_sum,grf_z_mean,grf_z_std,grf_z_max,grf_z_rms,grf_z_min,grf_z_abs_sum,grt_x_mean,grt_x_std,grt_x_max,grt_x_rms,grt_x_min,grt_x_abs_sum,grt_y_mean,grt_y_std,grt_y_max,grt_y_rms,grt_y_min,grt_y_abs_sum,grt_z_mean,grt_z_std,grt_z_max,grt_z_rms,grt_z_min,grt_z_abs_sum
acc_x_mean,1.0,-0.3655386541178732,0.1929742178455949,-0.47829786984471295,0.5886744416682178,-0.4788427396691524,0.3101027666237552,-0.15026770682371246,0.010700869019531425,-0.12438686080302494,0.1760961333942946,-0.13312805316224627,-0.3137400945382062,-0.39265188162812426,-0.43637199033381974,-0.3726852185301902,0.12381547390268556,-0.3654302982384873,0.29639871509460225,-0.15595804142052191,-0.0016054670124587148,-0.053491224906765694,0.34543403575985904,-0.03264563922922643,0.16218141896809646,-0.5369318057638114,-0.20671144948384815,-0.207977273352784,0.3854789443989301,-0.14768623550233745,0.20442104510313747,0.07970106321232065,0.26881521673353714,-0.191282903456605,0.1367260711802352,-0.2272714647475162,0.06350032807903645,0.15431538546046494,0.09527593097921623,0.06359899861927155,0.01846399251534098,0.06350032807904613,0.18197874803672281,-0.051688497854035044,0.1573155372182275,0.18149023101755346,0.1976374369888197,0.1819787480367225,-0.20899032981594162,-0.03360560408620807,-0.20806860979962136,-0.20903304540082637,-0.18532842927386828,-0.20899032981594237,-0.14046823486601978,-0.1730531871347571,-0.16844989573138974,0.13170064985615887,-0.11559004473750735,0.1404682348660198,-0.04885889618097501,-0.06667544935805067,-0.07894177950814163,-0.06321255750560725,,-0.0488588961809751,0.08856717412000391,-0.30125269757601736,-0.0005658880976685615,0.07722078268744911,0.15155427087692322,0.0885671741200038,-0.34483882869730986,-0.12549926842265924,-0.40248672985751666,0.34183888068814017,-0.2606870143272311,0.3448388286973103,-0.07515690962688908,-0.46709251102946336,-0.22434275432215672,-0.10309086681568651,0.11082765048442476,-0.07515779544507944,-0.2244030370279981,-0.17514922983857747,-0.25613455589216405,-0.26808123766296804,-0.1720231974414376,-0.2628006836573926,-0.0865404624872707,-0.18668826145561593,-0.0986199152150975,-0.1308280735057062,-0.036999725241950436,-0.12026450455520114,0.3456725266125144,0.19991840770067268,0.3394863797624668,0.2980018715934381,0.2871657067990999,0.29434631279919926
acc_x_std,-0.3655386541178732,1.0,0.7984564113752078,0.9747368582264596,-0.9379269873585149,0.9651023264054431,-0.15738177300138276,0.6580777495860252,0.4981886340842987,0.5790814061320243,-0.6741454171430514,0.5348761780322779,-0.10642340673596806,0.8770563003701023,0.7881063358221142,0.869345468523478,-0.8327396655470785,0.8538245272855188,0.02209647990484016,0.6996288594252951,0.4803791156325133,0.6512668115646542,-0.7920976291556636,0.6358969095796932,-0.2176573527094561,0.6732346602694186,0.2038988300274683,0.47012950988457153,-0.5367369124917276,0.4132738069951691,-0.1002998113886924,0.4195118835695758,0.11182544093130578,0.4969321007128451,-0.26646583945497493,0.4921150313189534,-0.148807658697117,-0.15751663952176354,-0.1541698926089219,-0.14890302516175163,-0.09341789276348743,-0.14880765869710952,0.31727550017458767,0.5602215932541557,0.3703994858068273,0.31803748859653574,0.26656442621266613,0.31727550017458794,-0.24734804998224463,0.024264769281014363,-0.24219911276228134,-0.24735845914984633,-0.23672205370613397,-0.2473480499822316,0.27820698412418315,0.44564337593927134,0.33539967426653505,-0.2719813571217459,0.21485405225325344,-0.27820698412418293,0.2062935209867436,0.2251307216148057,0.23341788197520472,0.2222441583486207,,0.20629352098674367,0.2694331471694393,0.5463286523076658,0.3909901386625562,0.2828008716414825,0.15501927147412087,0.26943314716943906,-0.17894820056713284,0.35114126817343333,-0.06926962234045772,0.18266968911826093,-0.22126556925879967,0.17894820056713226,0.15080531302096362,0.7627954446030255,0.4518960544582353,0.1908653378004709,-0.10027324154716523,0.15081424483463332,-0.15515799976012762,0.6920488211048937,-0.024998299321646388,-0.14814676145008912,-0.2789146806908275,-0.1603301187086043,0.3050440983125438,0.7379575988858925,0.41253650851669627,0.13290075442613444,0.17932111055696395,0.09825877634867278,-0.16483709944136732,0.3342235098323452,-0.02890127436450773,-0.08764035167151549,-0.3092637828714552,-0.11621458132493727
acc_x_max,0.1929742178455949,0.7984564113752078,1.0,0.7243787209792137,-0.5924863956466999,0.7198327161681984,0.016125826510923296,0.6327520726625866,0.5694735495383402,0.57244301846273,-0.6275806912799081,0.5249179536434622,-0.2717650032495466,0.6695489408783976,0.5417191567859031,0.681081051364154,-0.8057886992264368,0.6597527001035769,0.24556521212086474,0.7181965315618358,0.5825408661731016,0.7201447282567435,-0.6455051654218725,0.7141647622194757,-0.0584178179981172,0.427016663733552,0.17484039585991443,0.4044189109960689,-0.29876530013799174,0.37833136936573336,0.008357284181122112,0.5243119689636981,0.29600731539286285,0.4398465425066178,-0.21852544416326206,0.41143860239782143,-0.09864191753683396,-0.06085429213597243,-0.09001310176402473,-0.09867323711118027,-0.07281177412375894,-0.09864191753681954,0.4792565249525682,0.6000460510473804,0.5252605570089345,0.47980539642358105,0.42885205610769744,0.4792565249525682,-0.4256660743966796,0.025192349201838087,-0.41802038773807326,-0.4256965295300609,-0.4072311892453807,-0.4256660743966672,0.2489937814290654,0.40813248288734844,0.29634538313855047,-0.2465787779095128,0.19036768998693723,-0.24899378142906545,0.2724571660308999,0.27283337595403895,0.26159183090044896,0.274109200787955,,0.2724571660308997,0.3515985557617452,0.41581951359839087,0.4235035069619377,0.35957305888279284,0.2600693390414442,0.3515985557617449,-0.4331181818427455,0.31142326559760325,-0.36404876121236707,0.4352896821233076,-0.42963918073929835,0.43311818184274486,0.11537366304897047,0.4945915896492988,0.3209098890105866,0.13866488708904756,-0.041902881387367315,0.11538777945590098,-0.30030720837045166,0.6115859829395838,-0.1869673698371254,-0.3170210985456897,-0.3998252672682009,-0.32608834262284075,0.31683863946758173,0.6166454861447664,0.40705130929650035,0.04684880956135186,0.2154855213156474,0.019422264477240627,0.034733426916107805,0.469051730490924,0.17641543460378784,0.08676252971284158,-0.15035320973275623,0.054694231806430994
acc_x_rms,-0.47829786984471295,0.9747368582264596,0.7243787209792137,1.0,-0.9471422920511549,0.9951802239829031,-0.140043265297911,0.6720005760672316,0.5250350390650596,0.5891200638567242,-0.6526787804487383,0.5525167150610867,0.010024874402328405,0.905633282060485,0.8360777107173588,0.9003040380650931,-0.8048647499087821,0.8803034761090847,0.001019271250677969,0.6965896738644104,0.46695034838002214,0.6405224764937352,-0.8055515458116382,0.6271862052019136,-0.2115645778299751,0.7683824500647222,0.26756968519796936,0.5055162075704429,-0.5825390137377936,0.43989043998104116,-0.16657701485057488,0.41115967071597453,0.03808327392479818,0.5323046918443248,-0.3120757976937327,0.5315794480792767,-0.14425669190660106,-0.1322225873759677,-0.14564843581101483,-0.14433254558209824,-0.09457177791647176,-0.1442566919065955,0.28739201892595956,0.5887159237995148,0.3449145432972947,0.2882789671221382,0.23281757094734815,0.2873920189259596,-0.21800442592543964,0.01984111738826494,-0.20719770871331475,-0.21801884420272896,-0.20616838272957758,-0.21800442592542787,0.3137657160281249,0.460510615312314,0.3719110853945698,-0.3055436158986954,0.24555004094005664,-0.31376571602812503,0.17973111218557014,0.19705260312997155,0.20468978089026352,0.19434665112860727,,0.17973111218556997,0.2640601193454972,0.6160358915189001,0.39840629661070925,0.2793694326785339,0.13029407250286837,0.26406011934549717,-0.1423468897291624,0.3389396329118695,-0.04502800585122701,0.1460811585224401,-0.19661943124698886,0.14234688972916174,0.17863654953488092,0.8109587813772112,0.48446137598030076,0.22039379426624423,-0.10647008120935596,0.17864462359418773,-0.09936491424511566,0.7011645801634235,0.03302457719790414,-0.0904473998661719,-0.23206584965771743,-0.10288603131983323,0.33316110957949585,0.7095719705312146,0.4321027882494761,0.1594843998326683,0.20573647886459215,0.12712297863573932,-0.19390992144982752,0.31114604692397657,-0.05508405454922523,-0.11014861518124448,-0.32516029211665665,-0.1368402474316423
acc_x_min,0.5886744416682178,-0.9379269873585149,-0.5924863956466999,-0.9471422920511549,1.0,-0.9326283736533091,0.21270014985679586,-0.6127749496550448,-0.43528587722641376,-0.5338955358348846,0.6410540009466023,-0.5014886226845321,0.026779569010356913,-0.8609163195001853,-0.7936139549138673,-0.854116432368797,0.7692570729095363,-0.8413410891023696,0.012458549740029372,-0.6580641056084884,-0.4491924636448404,-0.5941061985060027,0.7511235702919837,-0.5747261720582788,0.2484698762951246,-0.6800342506428356,-0.19207046888413917,-0.42629409322538653,0.5602833547435753,-0.3662667093474407,0.1258011398900717,-0.32824853816782057,-0.029415350513749335,-0.46985295738391203,0.257825664539264,-0.4774799199852639,0.10751027810457649,0.18601949496267187,0.12241045806781106,0.10763275446140314,0.04187792157778076,0.10751027810457316,-0.21272193479271423,-0.492551485401612,-0.26422792336710105,-0.21351679983235825,-0.16756078582549697,-0.2127219347927145,0.17022129900419902,0.00993389027067329,0.17500628504716287,0.17024841928835097,0.15772189484519963,0.17022129900418886,-0.2964777401760098,-0.4035550168282278,-0.34381381979121434,0.28897946256814405,-0.23425423219215505,0.29647774017601003,-0.2517447992207214,-0.28312369876692395,-0.3019428857040299,-0.2778696127067368,,-0.2517447992207211,-0.17938251082548634,-0.5583501414462219,-0.3107211090334451,-0.19426837386114065,-0.05790562333643355,-0.17938251082548623,0.04341072644852828,-0.3150012970218834,-0.06705837102982173,-0.047217567564415225,0.10176615293223266,-0.043410726448527566,-0.1150054554506764,-0.7761627806782724,-0.417376078322064,-0.15712190028701462,0.15088961470290405,-0.11501473091424132,0.04304509516858674,-0.5947689726028567,-0.07342645766902169,0.03052434294239769,0.15477553581469305,0.040958893633511864,-0.29651106743757993,-0.6802002359336972,-0.39770521434999534,-0.15646077577763243,-0.18111343352932338,-0.12493179533627881,0.2508592680115852,-0.193044731321531,0.14422640600973763,0.1750500097631264,0.34200853117805724,0.19664890380731878
acc_x_abs_sum,-0.4788427396691524,0.9651023264054431,0.7198327161681984,0.9951802239829031,-0.9326283736533091,1.0,-0.1322760668105727,0.6696735553499404,0.5259723794156969,0.5868814472094886,-0.6422730614524406,0.5525095963897189,0.02955373647590292,0.9009826112985044,0.826833994081722,0.8947834762110132,-0.7960090816029798,0.873263452799566,0.00215630593871245,0.705666620260542,0.4763313668477333,0.6473851499336051,-0.8132196203509591,0.633810687829154,-0.18510197607742362,0.7870480085049776,0.3015937992136411,0.5014232151615926,-0.5648878937005323,0.4324396676079358,-0.18159767431200072,0.4151645158058453,0.025091662381070426,0.5416091581594833,-0.3210514861817147,0.5410253462156849,-0.13984834856809344,-0.1306734588397748,-0.14358447502919697,-0.1399224355280789,-0.09167237540006136,-0.1398483485680867,0.2958391120651859,0.5949692043986511,0.35428238462819756,0.2967291291621043,0.2408110809341682,0.29583911206518604,-0.2220730752855353,0.03847084049924637,-0.20523664074464762,-0.22207516580015432,-0.2131576403625013,-0.22207307528552314,0.3091530964396923,0.4818683780556696,0.3714940802184081,-0.30057204313232105,0.23817913048168257,-0.3091530964396922,0.1731212485812223,0.18984928339678547,0.1961690404606468,0.1872292658568388,,0.17312124858122216,0.28404760378456084,0.6299612264280775,0.41814482014890075,0.2995235061439868,0.1463306376066524,0.2840476037845608,-0.1466411300142792,0.3493836339178415,-0.047342761464953476,0.15050642444549187,-0.20296352686506458,0.1466411300142785,0.20123354654394993,0.808594395424119,0.4999019097091564,0.24209755606320973,-0.08709173536652022,0.2012416057187297,-0.10158106221032917,0.7132691742584686,0.030771844571100885,-0.09199401530734669,-0.23828223099061221,-0.1048950759117619,0.3217595453218272,0.6981195248571466,0.41814995679450806,0.16255489588321895,0.19427442769306758,0.1310433386779703,-0.16231221650980124,0.3322856303013274,-0.022007403895259785,-0.07787595711817914,-0.2962461422032515,-0.10488498666613916
acc_y_mean,0.3101027666237552,-0.15738177300138276,0.016125826510923296,-0.140043265297911,0.21270014985679586,-0.1322760668105727,1.0,-0.07315194162741416,0.40489087100937565,-0.24328235315974997,0.4600592624752184,-0.21745576724482604,0.18059430081090264,-0.11661995155738918,-0.09749307462100883,-0.13790604913704058,0.08029079227514603,-0.1430483403961579,0.21112812466423553,-0.13011689880244007,-0.04470029669927814,-0.06235362312104436,0.22282495137910782,-0.04308227620903534,0.10145169428909545,-0.22664588250860349,-0.062147282236320815,-0.138369681457613,0.22061026713765935,-0.11136438570273935,0.07750165245152449,-0.10912208469217445,0.06368274747833169,-0.09731640110035664,0.1412356285306224,-0.090364684176999,-0.035837155661680185,-0.05905427183718533,-0.02467741750235906,-0.035863708762454365,0.02096996335323412,-0.03583715566167495,0.25269691170315245,0.1339404696695242,0.24140824316002724,0.25265243634433904,0.23727915171502792,0.2526969117031523,-0.23111250463887942,0.23956609903768417,-0.11185501438865898,-0.23098445861193892,-0.2292241395137424,-0.231112504638876,0.1278440406839189,-0.060902389303102517,0.09185827162530012,-0.12837548357488215,0.10633132617198476,-0.1278440406839191,-0.11482627861133758,-0.0994811043915924,-0.08036658626052819,-0.10297680305768508,,-0.11482627861133768,0.29358382594797205,0.03258941915473727,0.2581486775132237,0.2914133082745471,0.2859355088184293,0.29358382594797205,-0.18890329006038983,-0.10922078952843672,-0.25974451284849664,0.18696102027931824,-0.1661929359213489,0.18890329006039025,0.109075912087042,-0.15582957853875687,0.05014045298486105,0.10189292967927957,0.16847502537154999,0.10907018197392314,-0.11205479633277507,-0.09426319995120126,-0.15423831705088825,-0.1686828901652545,-0.10699064361615149,-0.16033009178020255,0.18751897878465268,-0.014380782759064114,0.1685642820886315,-0.11530118299914038,0.18532964769382224,-0.1089686798520067,0.12026672928657656,-0.3379092017679719,0.009198639229028163,0.08578296580567216,0.275546911287534,0.10923720188926994
acc_y_std,-0.15026770682371246,0.6580777495860252,0.6327520726625866,0.6720005760672316,-0.6127749496550448,0.6696735553499404,-0.07315194162741416,1.0,0.8402373908285702,0.9532505716780013,-0.8563321148951059,0.9452446489006343,0.1110517253857847,0.8235020826101898,0.7928999158628096,0.8122751289532225,-0.7159472647377094,0.8049255706328662,0.20360636439694912,0.6728031532476748,0.5645304204685332,0.6779947147729177,-0.5767141682212864,0.6782545100966318,-0.09943022657149914,0.599160752014978,0.2770326738596589,0.44669831213856487,-0.3906941852290235,0.4069731209166466,-0.47699519883673397,0.7777749293907388,-0.10156589309372892,0.8156955850783373,-0.6859697968199538,0.7899691632161956,0.034347145550298455,0.031746119461990296,0.052270203941738154,0.034359952390567175,0.03522423168387297,0.03434714555031282,0.4480941240351082,0.7314588063096893,0.5168854956436502,0.4490001424240329,0.39241544789117466,0.44809412403510795,-0.3826489151825823,0.039572315818608546,-0.39552273600234433,-0.3826533789818301,-0.3821316166857245,-0.3826489151825718,0.3402498929510862,0.7019676428372111,0.4403138858959095,-0.33124039373191183,0.23091973354587306,-0.34024989295108615,0.2161890759322151,0.219349490494335,0.21345987475131545,0.2195934590978579,,0.21618907593221534,0.37338303918466276,0.7411264532136214,0.5107002691568887,0.38973701558644086,0.20261492903134873,0.3733830391846625,-0.4677615016404785,0.21241192587244884,-0.4412172135431711,0.4684238290317945,-0.48280698203918776,0.4677615016404777,0.3182616838857665,0.6575280959961995,0.5503483349167285,0.35059956129934783,0.06701199874970135,0.31827379923904325,-0.15400350012232505,0.693795643844909,-0.00440827628067054,-0.17194363343140048,-0.26052279949258483,-0.18533724876727342,0.33577693581699314,0.757178548643308,0.4457744320336615,0.29762686213106887,0.20006961201679274,0.27020797888188064,0.23766680567665285,0.5246424591397423,0.3725739325004074,0.3162324796199846,0.09981678770575178,0.28897313398152824
acc_y_max,0.010700869019531425,0.4981886340842987,0.5694735495383402,0.5250350390650596,-0.43528587722641376,0.5259723794156969,0.40489087100937565,0.8402373908285702,1.0,0.7219118685182943,-0.5006797214909326,0.7354493246710591,0.19610316713727644,0.6975775197689419,0.6821533259639223,0.6818714130443647,-0.6263648391729383,0.6732797551029861,0.32094996293124706,0.5714060766138815,0.5154482366228766,0.6034443596533888,-0.4366679457660704,0.6176116797816789,-0.023422766592217776,0.42228497994674974,0.2443661513440659,0.37103894467317533,-0.2281180445175045,0.35295097659020797,-0.4027117735946256,0.6454819328118164,-0.06442444858173138,0.6913424166869433,-0.5452790621362301,0.6724087901495057,0.06356618787237904,0.010053211083221188,0.07657674608865885,0.06356358111903064,0.08239144218205739,0.06356618787239354,0.5619818486387425,0.7594220988789425,0.6226049164641303,0.562807053814185,0.5019228695215111,0.5619818486387421,-0.5562462610248732,0.15739222389905302,-0.5008576659886369,-0.5561982161337597,-0.5455180033274938,-0.556246261024863,0.479639423429883,0.5458465972462132,0.5395160463010443,-0.47219598088653825,0.3822771794901665,-0.47963942342988286,0.14225935149169242,0.15999136388592622,0.17062596423342488,0.15702231396744717,,0.14225935149169233,0.48536977414496124,0.6881130372504817,0.5913077370631413,0.4995195564557899,0.33023049987749875,0.485369774144961,-0.5763290635605001,0.12946564154981596,-0.5989840900769214,0.5756217848188994,-0.5766523024106546,0.5763290635604995,0.2979356010799315,0.5691884858121232,0.49131201154616816,0.3257371075275869,0.0717588197524819,0.29794275046993585,-0.18118898605131714,0.6017395816844522,-0.06509845175952664,-0.20637928246335682,-0.2825974795657309,-0.21463419790445837,0.5032212057552595,0.6854440265612055,0.5901111965532586,0.1618654129140603,0.3853218823187497,0.13997019894654616,0.20949134312992923,0.2466673835621946,0.26408632706729857,0.2610243567791881,0.16853143166638315,0.25115713779266363
acc_y_rms,-0.12438686080302494,0.5790814061320243,0.57244301846273,0.5891200638567242,-0.5338955358348846,0.5868814472094886,-0.24328235315974997,0.9532505716780013,0.7219118685182943,1.0,-0.890096497882045,0.9928890131794519,0.10219037709616875,0.7665741462323701,0.7402125860590306,0.7547581281259812,-0.6580079991387753,0.7537493969624618,0.163463310905333,0.6326564089965461,0.5340865809881524,0.626139553046386,-0.5400775474872332,0.6211767483468785,-0.04776451706485615,0.5829482809174499,0.306470449464747,0.4742517836152351,-0.3444446228047927,0.4373866106012729,-0.52836642577716,0.8831402799537248,-0.12431602735167774,0.840535897627679,-0.769246202644914,0.7988189190333393,0.08363037817454494,0.11674316243120728,0.11503634558876186,0.08369363927513712,0.05523454019810355,0.08363037817455965,0.3894413855322343,0.6623432408657934,0.4564941060431902,0.39027415881097716,0.34005252023612936,0.3894413855322341,-0.3598548381836795,0.014060836446562228,-0.38265447948933273,-0.3598761630075798,-0.3609701588535717,-0.35985483818367114,0.30926849642891285,0.7265234432943082,0.41751588859676764,-0.3004803474870052,0.1993724486746932,-0.30926849642891285,0.20107259435474248,0.19817405220947296,0.1873962076173041,0.19958637422452483,,0.20107259435474212,0.3210500505955847,0.6959953155948833,0.44938798189914075,0.3360462920340716,0.16248407411847365,0.32105005059558456,-0.47796086447220654,0.21074364399019563,-0.4496171117131022,0.4784553493693273,-0.4901564547217344,0.47796086447220587,0.3054436649404522,0.611843427248333,0.5180441421004294,0.3338281817318758,0.07059846524956083,0.3054556401255387,-0.1293818287676901,0.7129075042687253,0.02489456277631184,-0.12785582321990308,-0.23808009902671046,-0.14427709654490697,0.2703018101793025,0.7143838915549366,0.38116865586225357,0.3072069029272723,0.14396985186805542,0.2809649024740206,0.2785506523208599,0.6089531935609003,0.43085634232122666,0.3559955066579818,0.1141250753669436,0.32557767220843437
acc_y_min,0.1760961333942946,-0.6741454171430514,-0.6275806912799081,-0.6526787804487383,0.6410540009466023,-0.6422730614524406,0.4600592624752184,-0.8563321148951059,-0.5006797214909326,-0.890096497882045,1.0,-0.8519907693407384,0.10087420701528121,-0.7474844564329366,-0.6823920844093408,-0.757127129295833,0.7340103803391728,-0.7465843149935557,-0.18901498527241797,-0.6938124578630873,-0.5884334999615621,-0.6963956098679566,0.5824695076375216,-0.6788133864781429,0.08131599613272651,-0.5847614489959928,-0.27024796383551053,-0.46010867262209376,0.3903651845055622,-0.4216140471376993,0.2857414161988031,-0.6946048033317918,-0.042031681234704334,-0.6475158985551923,0.5368062831698748,-0.61720821604633,-0.06196903928304678,-0.07594924397256547,-0.08488745123265767,-0.06200118426202739,-0.03639116177042883,-0.061969039283055936,-0.28217254054796603,-0.5276463923546942,-0.33992424392667303,-0.2828713526074423,-0.24375908863148169,-0.28217254054796603,0.2840200555258003,0.10136107429832007,0.3477864480828611,0.2841097913795604,0.2686036391797174,0.2840200555257959,-0.22788504666640916,-0.6166418759467558,-0.3197046169623113,0.22108961706881752,-0.141194444233084,0.22788504666640913,-0.3693970931676696,-0.3580318301261115,-0.33744077575089326,-0.36167214180736224,,-0.3693970931676693,-0.12462934807715097,-0.6015446568702515,-0.2591668735994959,-0.1389667847356685,0.0197741619516508,-0.12462934807715076,0.3015712997404835,-0.29228092023705315,0.22186725564453313,-0.30394886536289994,0.33179567504095875,-0.3015712997404827,-0.1228743575516037,-0.5901887805729492,-0.35133962820354137,-0.1516137296706995,0.09158454063723706,-0.1228925562228174,0.07677484671790948,-0.5952562142875057,-0.05694086611795731,0.0847509834211313,0.16746013071799143,0.09850161818166706,-0.20717881511761443,-0.6178016276412688,-0.30426517006898524,-0.3171134768399794,-0.09951990766971804,-0.2924418480925183,-0.08905942803367792,-0.6184059501064373,-0.2678827265384399,-0.16499534680134853,0.11623671954081491,-0.12737269495624914
acc_y_abs_sum,-0.13312805316224627,0.5348761780322779,0.5249179536434622,0.5525167150610867,-0.5014886226845321,0.5525095963897189,-0.21745576724482604,0.9452446489006343,0.7354493246710591,0.9928890131794519,-0.8519907693407384,1.0,0.1509540873338814,0.7460728194396384,0.7286739836386991,0.7289748361196464,-0.6186885912317508,0.7296028748255914,0.18405857195332742,0.6155042309376964,0.5332968840248856,0.6094007268814634,-0.5050394870935495,0.6073692487991236,-0.05442009223960361,0.5622306590508894,0.29528726222247864,0.43917341517226754,-0.33218021830282346,0.4018405861011543,-0.5781154946481409,0.8850480241958872,-0.17340416263548214,0.8675563641300229,-0.8005746006227139,0.8290378032226684,0.1116912001762462,0.09275202981737955,0.12940636676560321,0.11173411608841069,0.08536946235457812,0.11169120017626168,0.39080720147731796,0.6738381716302785,0.4587347506270402,0.3916533550911531,0.3409514002272763,0.3908072014773176,-0.3600506093711707,0.029560829724520697,-0.38204722165692623,-0.36006090752608166,-0.36708908551790936,-0.36005060937116135,0.32438966689904575,0.7273282231344899,0.4329703455589378,-0.31559714070705164,0.21329469662503894,-0.3243896668990458,0.17838216982914348,0.17949367882706843,0.1729661881534427,0.17993534096326513,,0.1783821698291435,0.3443536083232499,0.7144711837080266,0.4731149775912538,0.3596183939260735,0.18198744182572565,0.34435360832324985,-0.4876965058680738,0.19497288609960223,-0.4680751709906524,0.4879354472191134,-0.4963757218029508,0.487696505868073,0.32843316376665904,0.595935824378659,0.5283090021461989,0.3559282073257849,0.09316231614001617,0.32844367294600635,-0.12012617203016801,0.6948787007868418,0.03011551648276678,-0.11510210400614751,-0.22532203841553344,-0.13135164881760303,0.2747173867481729,0.7127888267012319,0.3850714743885053,0.29108000780905546,0.14822087463429742,0.26572401510690463,0.3219119338009325,0.5784238143247639,0.45447236383907674,0.39668158591424874,0.17242755074692845,0.36986591806887364
acc_z_mean,-0.3137400945382062,-0.10642340673596806,-0.2717650032495466,0.010024874402328405,0.026779569010356913,0.02955373647590292,0.18059430081090264,0.1110517253857847,0.19610316713727644,0.10219037709616875,0.10087420701528121,0.1509540873338814,1.0,0.06885464309384728,0.29930635790960597,-0.020839003256416397,0.29840873833683124,-0.0681184661572874,-0.09590809352289989,-0.19022474200188175,-0.16556304139729808,-0.13659590266094493,0.12376258002426924,-0.11366765151685053,0.29883482233982245,0.22491848605475795,0.396796004780213,-0.020634261625083694,0.16017872794120336,-0.04688714767858552,-0.18752170218147204,0.07410720786110742,-0.12117499773819507,0.11297704310406798,-0.13164066523060422,0.11430646377853336,-0.06473217692022389,-0.15659032775717874,-0.1226506751587115,-0.06483349102820736,-0.053967154110395696,-0.06473217692021951,0.17029787508243543,0.11235703581287347,0.1861962204549741,0.1705368344792975,0.18002725615757753,0.1702978750824354,-0.09208871610837868,0.2350970834716396,-0.02166487214834577,-0.09194579034332952,-0.1352255418873345,-0.092088716108371,0.08973787997464636,-0.021264687303792534,0.08478624852243279,-0.08513952699433278,0.07773855388016358,-0.08973787997464662,-0.33981386257205615,-0.34170764074791965,-0.3334584378796167,-0.3425523858253555,,-0.33981386257205604,0.3429177728224885,0.2505660498656653,0.35087928742623686,0.346969057498884,0.2840339518051768,0.34291777282248886,-0.21088489466654542,0.19707701479235826,-0.15358099437480024,0.21273013307675806,-0.25413277273277324,0.21088489466654567,0.45665924804157604,0.14341300164824122,0.40777685336648706,0.4592055713087935,0.31429999660580177,0.4566484630854934,-0.01646354691265263,0.11816067243247691,-0.00790034893971235,0.0071613176811334564,-0.049257028042781856,0.004873403535733825,0.13323110751334408,0.06951069558876626,0.11143756343314125,0.15900583926279052,0.09102187970203249,0.16319173739486095,0.14962761674905367,-0.10506574394769502,0.09029192795318787,0.1572037038613547,0.21567949944947898,0.1704494257761952
acc_z_std,-0.39265188162812426,0.8770563003701023,0.6695489408783976,0.905633282060485,-0.8609163195001853,0.9009826112985044,-0.11661995155738918,0.8235020826101898,0.6975775197689419,0.7665741462323701,-0.7474844564329366,0.7460728194396384,0.06885464309384728,1.0,0.9443871919683693,0.9858536798444666,-0.8610103655812577,0.9784993940489912,0.10857759962376562,0.7158408514118949,0.5297448321775446,0.6812602463641813,-0.749782116965875,0.6702523102202573,-0.20790359990244736,0.7455877172186447,0.27099352489416484,0.5500906955722684,-0.5579025200842367,0.4954111919244101,-0.3635446411613465,0.6087164535795508,-0.09082176277047624,0.6991864165507555,-0.5381807312710933,0.6878354430970298,0.015874040775615394,-0.022975780914427472,0.023011092983039903,0.01584864295570944,0.030350614525126277,0.015874040775622468,0.3226328189881369,0.6792616516074765,0.3921702661933449,0.3236117204664207,0.2625766695498597,0.32263281898813684,-0.3420348956003624,-0.038402073584870196,-0.3497894418938472,-0.34209920360508533,-0.31390423856704436,-0.3420348956003552,0.4359985660782301,0.5692394478389662,0.5105182771598703,-0.4270466811462443,0.3524832387105048,-0.4359985660782302,0.21581173503788353,0.23011304747879371,0.23577679501937807,0.22810259878658012,,0.21581173503788337,0.26290864589511087,0.7742432811259533,0.4278748650854971,0.2816698254408949,0.09290679629350199,0.26290864589511076,-0.27524468718318706,0.24273504227756526,-0.21769126822097956,0.27703086136369637,-0.3117974794213666,0.27524468718318645,0.1795824402301261,0.8824340232909016,0.5079737023070903,0.22505700475428975,-0.13569792775391795,0.1795921474814555,-0.029454038970537683,0.7694314956086545,0.12097186334841445,-0.02946588038821606,-0.17148329745741692,-0.04447518296400961,0.41238948743389353,0.802847489341376,0.5259931635441991,0.2326715856030686,0.2790168163956973,0.199943929590883,-0.08038006085824552,0.36238611532442644,0.05228279228306046,0.00814197226509946,-0.2011764050507316,-0.016391450607853734
acc_z_max,-0.43637199033381974,0.7881063358221142,0.5417191567859031,0.8360777107173588,-0.7936139549138673,0.826833994081722,-0.09749307462100883,0.7928999158628096,0.6821533259639223,0.7402125860590306,-0.6823920844093408,0.7286739836386991,0.29930635790960597,0.9443871919683693,1.0,0.9108097279396026,-0.7162308864319944,0.8947261369951285,0.07557631083405913,0.5676506577616562,0.41394014378312616,0.5689994341477131,-0.6039552285445575,0.571197473191998,-0.15706496487051583,0.7396289791546051,0.3136779031471875,0.5443019450508716,-0.5068236903919554,0.4908479729540189,-0.3813631596214353,0.5694749842605553,-0.1255749691579968,0.6568587206561965,-0.5324216021214643,0.6456118454452838,0.01960448331187752,-0.012372892972779161,0.02377831453831154,0.019583038244958717,0.02106395551821521,0.019604483311882692,0.3144090987772182,0.6469341359752345,0.3838535662886706,0.3153739934441022,0.264304375998941,0.3144090987772181,-0.34009628527197133,0.0019817583269332232,-0.34298979159131243,-0.34013130657255247,-0.3225922651805404,-0.34009628527196567,0.45438419018961396,0.4882965597884515,0.5183265763832724,-0.44577902845254375,0.3828210549992178,-0.45438419018961357,0.08285612954022585,0.09318378744488959,0.09937769888031694,0.09145452337839875,,0.08285612954022571,0.2765479690554967,0.7608775720740921,0.43535949814153374,0.2947204585550207,0.10926036779819105,0.27654796905549656,-0.30695456065878524,0.2719644501894237,-0.23438958616841885,0.3091124958248155,-0.34838237491248175,0.30695456065878496,0.231159587863085,0.8746072796806377,0.5436569931798725,0.27568847341285674,-0.09691562692151084,0.23116422390953092,0.007402723352732541,0.7286351568182555,0.15142863413013916,0.00827423053436866,-0.12887860460773623,-0.0059906536731084556,0.4500475838330343,0.7630127768683652,0.5501329643515979,0.2689410744055116,0.3191243386697537,0.23872011975340676,-0.08295857475360151,0.31024835723675576,0.0332812369732849,0.002651742258453316,-0.1833831303222821,-0.018109504535538248
acc_z_rms,-0.3726852185301902,0.869345468523478,0.681081051364154,0.9003040380650931,-0.854116432368797,0.8947834762110132,-0.13790604913704058,0.8122751289532225,0.6818714130443647,0.7547581281259812,-0.757127129295833,0.7289748361196464,-0.020839003256416397,0.9858536798444666,0.9108097279396026,1.0,-0.8851846234185811,0.993899394050665,0.12840867699362518,0.735270299275092,0.545522429546781,0.6969247383314943,-0.7554256736013937,0.6849053681229115,-0.2421472694623891,0.7454807737083231,0.23701491098967262,0.5860378948806988,-0.6005076002049485,0.5349688446330131,-0.3640244133931874,0.5733885554128655,-0.11617697816072212,0.6907170993833778,-0.5341290579180982,0.6826478229184189,0.04713013622835701,0.026813360864096237,0.06826941839856564,0.047136356526582955,0.055236986918632366,0.04713013622836219,0.28428842095221807,0.6813202272788542,0.35538114596358034,0.2852963485740944,0.2224276344499297,0.2842884209522181,-0.3326588743014129,-0.07486070274366195,-0.3533828276099867,-0.3327450452891636,-0.2984201621841461,-0.33265887430140895,0.4647084215269373,0.5710350943555053,0.5357812184091744,-0.4557013532346385,0.3827396063802636,-0.4647084215269371,0.2551693034229391,0.2663451374751468,0.2682344491797018,0.26509704328405026,,0.2551693034229388,0.20485660157804572,0.7459331793157173,0.3687197982900562,0.2232156608005526,0.0374837736040538,0.20485660157804544,-0.24810207110012544,0.2095673206477789,-0.20399464713548732,0.24956170366979918,-0.28149303667572545,0.24810207110012475,0.10445567462648898,0.8631463034076459,0.43743199372428454,0.14858794430071093,-0.20260335430434845,0.10446674924044484,0.009000305606032141,0.7391828506463866,0.1575694414577162,0.006323733640728501,-0.13005863212324914,-0.007862236182238774,0.4366032860033002,0.7576459619607482,0.5457452089445224,0.20106116750075478,0.3137152420276939,0.16948680898613921,-0.13147493009488342,0.36230989339747477,0.01248762662497979,-0.042589065623091914,-0.25764308195658725,-0.06841156917846368
acc_z_min,0.12381547390268556,-0.8327396655470785,-0.8057886992264368,-0.8048647499087821,0.7692570729095363,-0.7960090816029798,0.08029079227514603,-0.7159472647377094,-0.6263648391729383,-0.6580079991387753,0.7340103803391728,-0.6186885912317508,0.29840873833683124,-0.8610103655812577,-0.7162308864319944,-0.8851846234185811,1.0,-0.8747767368183137,-0.3044115706744354,-0.8220870106168029,-0.6933770365848557,-0.8046745351612611,0.7297006621525965,-0.7878367927397468,0.12684477402677008,-0.5658061590921528,-0.2175292694154866,-0.5381498112318762,0.4221809333878947,-0.506280033012467,0.10586517120695806,-0.5400600704510691,-0.14151891985874548,-0.5186434308765657,0.34261449357362006,-0.4990455906457005,-0.08577095672763387,-0.07053481636066436,-0.11437516935420855,-0.08580208705742658,-0.08161842168953894,-0.08577095672764339,-0.3831083856149999,-0.6271474522527379,-0.4384754601395293,-0.38385127558466636,-0.3303152391040272,-0.383108385615,0.49045372153443817,0.0839359234235787,0.5023822979428176,0.490570197219302,0.44000927801816786,0.49045372153443423,-0.449148522211485,-0.49296184064271203,-0.4969429691992732,0.44393741230014344,-0.3779670218791329,0.449148522211485,-0.43401286506851294,-0.4588106604541645,-0.4714464475841583,-0.4552503792888065,,-0.4340128650685129,-0.19207699332978972,-0.6140701000299149,-0.32512728123882906,-0.20664189907106922,-0.049780801568590015,-0.1920769933297894,0.3049983515529285,-0.2521290975513234,0.2466992285491949,-0.30671231243571545,0.3274706717205065,-0.30499835155292787,0.01180150383556144,-0.707631276967836,-0.28192294466423473,-0.024265868611631613,0.24798355505657102,0.011785939520525522,0.07686256681007748,-0.6519975295757034,-0.0479959676793246,0.08889742238842675,0.19838540313989447,0.1003656239839946,-0.4155312373146246,-0.6582741681120903,-0.5155107617503337,-0.16811222355019245,-0.31819005513524784,-0.14070003002015008,0.12454042368929782,-0.3638535851008063,-0.011533126920346226,0.058833912103754146,0.2680635516751124,0.08666037721517181
acc_z_abs_sum,-0.3654302982384873,0.8538245272855188,0.6597527001035769,0.8803034761090847,-0.8413410891023696,0.873263452799566,-0.1430483403961579,0.8049255706328662,0.6732797551029861,0.7537493969624618,-0.7465843149935557,0.7296028748255914,-0.0681184661572874,0.9784993940489912,0.8947261369951285,0.993899394050665,-0.8747767368183137,1.0,0.12632976560423018,0.7288204714341728,0.5405315361164559,0.681878449623856,-0.7483695816556464,0.6680539806343642,-0.2698291226355992,0.7256596368392927,0.2035994073891862,0.5865115114735812,-0.6104934281997587,0.5371031771649598,-0.4019054522091305,0.5846502552146217,-0.15847491696061553,0.7066514325994324,-0.568235597156392,0.6985188840782831,0.058461853224378545,0.03138280480751251,0.0822093413036795,0.05847004342998333,0.0694406809445034,0.058461853224383326,0.26361653478933883,0.6687718399334575,0.3338807175661879,0.26461112297770756,0.20092383615677897,0.2636165347893391,-0.3108226014414387,-0.07792357631034454,-0.3315520322427228,-0.3109087148740107,-0.27695632501647105,-0.310822601441435,0.45749855032022285,0.5824621782143407,0.5319137562848262,-0.448601831629765,0.37472090458819385,-0.45749855032022285,0.26215210842322606,0.275846424820146,0.2789984102209992,0.27412580821598503,,0.26215210842322634,0.18589990891464608,0.7394208298640144,0.35237628538689186,0.20432800703740456,0.02318680673054565,0.185899908914646,-0.22947416040280552,0.17177363700689124,-0.19682046935176573,0.2304852918069874,-0.25752980737551495,0.2294741604028049,0.08944068084529547,0.8599934036384567,0.42749963176681793,0.13434023030540876,-0.20766690078276212,0.08945175583845735,0.015709452471107666,0.7336091270681889,0.16424951298843282,0.01354834017775821,-0.12006745606737998,-0.0008906093133176603,0.41758744796646313,0.7613729309649295,0.530342772272482,0.19197224966379128,0.2975595226903261,0.15973063432967124,-0.11217001319828507,0.35889066761902666,0.02759082104450327,-0.0230024881403348,-0.2338276442732562,-0.04765263827621273
gyro_x_mean,0.29639871509460225,0.02209647990484016,0.24556521212086474,0.001019271250677969,0.012458549740029372,0.00215630593871245,0.21112812466423553,0.20360636439694912,0.32094996293124706,0.163463310905333,-0.18901498527241797,0.18405857195332742,-0.09590809352289989,0.10857759962376562,0.07557631083405913,0.12840867699362518,-0.3044115706744354,0.12632976560423018,1.0,0.435941610068507,0.7117098545066326,0.6505950665305357,0.1566107290205843,0.6761222689800572,0.21387760347142967,-0.04938906877563914,0.17363032910310922,0.13130216572610515,0.18865084820279235,0.14807993194838176,0.061746821863938366,0.1351488903300273,0.1450076177077151,0.07751099230438219,-0.042183422934424376,0.07726567919629582,0.44269488667180484,-0.028218924594332246,0.38922867063257305,0.44260727312112635,0.4445872408946307,0.4426948866718184,0.4016929752293458,0.30435009973006505,0.41528365049581634,0.40176616132815085,0.38624340065573537,0.40169297522934566,-0.6715249334221934,0.04102983232796532,-0.6480405337583517,-0.6715837959744521,-0.634877764397168,-0.6715249334222007,0.5042278396193879,0.03909319575369949,0.4688832882859626,-0.5087724633950992,0.4949010317904425,-0.5042278396193876,0.49219622281106185,0.5080099910359599,0.5024502376820404,0.5065102244837981,,0.492196222811061,0.10892479420999135,0.3636785095424438,0.1782547510349778,0.11583495820970459,0.0077509503572296,0.10892479420999104,-0.34136525272660223,0.38827656068791705,-0.2801391489182472,0.3456375439658484,-0.3881334195846489,0.34136525272660195,-0.2051790573623325,0.13890946884179473,-0.1306369868026714,-0.19799619138135086,-0.2789109096157459,-0.20516101219740135,0.026626786714818048,-0.002887719416326547,0.016325573957231283,0.0030183724612835566,0.023205376230355033,0.005802944235546658,0.42608502276647964,-0.008460014742720416,0.4112498678246865,-0.010526217884134324,0.45009891627862814,-0.003935287240813618,0.1251604966259871,0.08193338390011,0.10886739359546278,0.11321295376795697,0.06771873664594583,0.11223970147017089
