,acc_x_mean,acc_x_std,acc_x_max,acc_x_rms,acc_x_min,acc_x_abs_sum,acc_y_mean,acc_y_std,acc_y_max,acc_y_rms,acc_y_min,acc_y_abs_sum,acc_z_mean,acc_z_std,acc_z_max,acc_z_rms,acc_z_min,acc_z_abs_sum,gyro_x_mean,gyro_x_std,gyro_x_max,gyro_x_rms,gyro_x_min,gyro_x_abs_sum,gyro_y_mean,gyro_y_std,gyro_y_max,gyro_y_rms,gyro_y_min,gyro_y_abs_sum,gyro_z_mean,gyro_z_std,gyro_z_max,gyro_z_rms,gyro_z_min,gyro_z_abs_sum,quat_w_mean,quat_w_std,quat_w_max,quat_w_rms,quat_w_min,quat_w_abs_sum,quat_x_mean,quat_x_std,quat_x_max,quat_x_rms,quat_x_min,quat_x_abs_sum,quat_y_mean,quat_y_std,quat_y_max,quat_y_rms,quat_y_min,quat_y_abs_sum,quat_z_mean,quat_z_std,quat_z_max,quat_z_rms,quat_z_min,quat_z_abs_sum,encoder_angle_mean,encoder_angle_std,encoder_angle_max,encoder_angle_rms,encoder_angle_min,encoder_angle_abs_sum,grf_x_mean,grf_x_std,grf_x_max,grf_x_rms,grf_x_min,grf_x_abs_sum,grf_y_mean,grf_y_std,grf_y_max,grf_y_rms,grf_y_min,grf_y_abs_sum,grf_z_mean,grf_z_std,grf_z_max,grf_z_rms,grf_z_min,grf_z_abs_sum,grt_x_mean,grt_x_std,grt_x_max,grt_x_rms,grt_x_min,grt_x_abs_sum,grt_y_mean,grt_y_std,grt_y_max,grt_y_rms,grt_y_min,grt_y_abs_sum,grt_z_mean,grt_z_std,grt_z_max,grt_z_rms,grt_z_min,grt_z_abs_sum
acc_x_mean,1.0,0.15876727032479507,0.3903825845702218,0.013722795727867538,0.4661301820597383,-0.09035823701321109,0.9133484244506042,0.16489802058447056,0.5186893632451054,-0.05028427569892733,0.5575544880889152,-0.124289213593355,0.3211565787887563,0.07674529893911697,0.1889524895445908,0.06936872070676273,0.10202656268798506,0.022500335220470406,0.46552513824463654,0.050279145456368725,0.23847930515149243,0.06840731658788446,0.17503232439882963,0.0663147468755,-0.469675353371363,0.16163173441295164,-0.31929079395547266,-0.16476390699622107,-0.46442805443743185,-0.19810615966179104,-0.7588077848084919,-0.2009841453361993,-0.4959559938699301,-0.34249839421342815,-0.5638751119733241,-0.3134787207441097,-0.5499915160370467,0.0058855496382310525,-0.5209795669773218,-0.5532036331256905,-0.29202476112035164,-0.5499915160370477,-0.4396581752166013,-0.32500541525273874,-0.664567448969694,-0.22151265986907268,-0.14459687191190987,-0.18150395725556084,0.2916618019432332,-0.07052142589519025,0.25013560294896925,0.2915534509020465,0.30603005489509816,0.2916618019432303,-0.2681819279224016,-0.3592252964567209,-0.3416722184193306,0.22240675273099195,-0.06227932331461462,0.2635873404047127,0.009953773376346666,-0.050179989719612086,-0.011953898010830653,0.004943920656644929,0.0033991671670918753,0.009953773376346748,-0.1232693710434258,0.3356710717270242,-0.06720938353792048,0.27503596949352216,-0.28589006185962185,0.21389056232588535,-0.02396050119115352,0.19628363515432062,0.0808466868760975,0.15399869907942493,-0.11870299093529169,0.11908076916138864,0.09039726344945298,0.31496906713267814,0.2193758166368949,0.03211388842271105,-0.008455794255700672,0.010262620448342225,0.014493913538488695,0.2922131950898574,0.1634999543515427,0.10873953858762017,-0.16299870170802488,0.07542122052963583,-0.053599817820813085,0.24482914943368025,0.035938265706245254,0.08985836027777609,-0.15953274963291808,0.06498114823743897,-0.015607645937331112,0.20116975500950157,0.12045287374438916,0.09211994390297071,-0.15537080255162863,0.06669784683495618
acc_x_std,0.15876727032479507,1.0,0.9045333258785998,0.9348943631331706,-0.6855769669727723,0.799251149848248,-0.04964266414141736,0.9614380709160409,0.8460739879485525,0.824076857910285,-0.5968434197967227,0.7415260809331149,0.09567058608159314,0.9489824215528068,0.8476755219549424,0.9618968127849443,-0.8645408322972709,0.9408082876470263,0.012122502108945915,0.7520989452446182,0.5464704906840596,0.7369339462902175,-0.7179073705436998,0.7172969287707871,0.29972421870223853,0.7531895094534676,0.6836760001332955,0.6450417726681189,-0.4083071161077676,0.6241144417402177,0.11111839518435593,0.5546209159974641,0.436742483580758,0.49421649903060755,-0.5242897378401902,0.47517613497999645,0.12827522221992385,0.4839547000969279,0.5543857476696307,0.13341537684602975,-0.14914585576234188,0.12827522221991985,-0.16202370168949112,0.4679187973295208,0.14538102648082085,0.2817790885296367,-0.28670344950199494,0.227517445062558,-0.23841554949994484,0.5796110559197903,-0.010948994621552218,-0.2372593213574132,-0.46481488283826794,-0.2384155494999187,0.31721611765556645,0.41291397200579144,0.49318417225062344,-0.22987647636722824,0.1507064640584769,-0.2518420747492731,-0.5382270541797671,0.376811015348335,-0.49923667739685706,-0.5325475755444897,-0.5792422545676014,-0.5382270541797671,0.3048747144286333,0.3224935106301086,0.41326484797289054,-0.3392184344480779,0.21593609503795141,-0.4128594208541941,-0.007922683212606021,0.2278319217834308,0.07639831209155938,-0.1198262547558825,-0.1598929184917353,-0.12878023568549335,-0.2562925532372569,0.23752335262510518,-0.10425587993510448,-0.08289889646955158,-0.4006738235811611,-0.09736939290492488,-0.21847811700260614,0.41817472024793767,0.011309952171571595,-0.008298520274541464,-0.6352293704877083,-0.08259439899821457,0.1895073963876356,0.1509965834061832,0.31384109533298604,-0.12051796055507573,0.051185642386411025,-0.14015008845071042,-0.3368788377665858,0.15528179324959468,-0.13154754813402153,-0.15513580369191535,-0.5542537097400746,-0.19474275909312339
acc_x_max,0.3903825845702218,0.9045333258785998,1.0,0.7578583586559374,-0.373891343387044,0.5331608064241826,0.1522707821976498,0.8502936888624631,0.931341630772416,0.5980541965802187,-0.30108868380276876,0.4798813589454134,0.3944801687979205,0.9042279042612282,0.9447319868694837,0.8857629902006594,-0.6836889047350033,0.7940147784877651,-0.01031227504010789,0.5663864623785241,0.3785545435488502,0.4925121314270475,-0.606416101801246,0.4660096562066553,0.17272269212487548,0.6050486551146453,0.4669151109913972,0.4227618208129913,-0.4258659818787381,0.40237131579529156,-0.1476632892849048,0.21819286575747643,0.10297557679356967,0.14672595290134077,-0.42595793581359814,0.14050993944924783,0.1566324298984267,0.21802366162524392,0.38230537736742254,0.15921136940004,0.02172129713897029,0.1566324298984227,-0.03710699096105954,0.15416505337044414,0.10446150759133306,0.2592585680638779,-0.05837485091879755,0.24220725398253934,-0.1302386148233264,0.36042926109567086,-0.010797468382995024,-0.1295747282519512,-0.28615091599876014,-0.13023861482330654,0.33983869270564454,0.09877468753754813,0.39595918763067595,-0.2937655619743826,0.30329824048057435,-0.2956606175097667,-0.41960676833914,0.12609108997107657,-0.4201943159196084,-0.4214499146575176,-0.4289108886236246,-0.41960676833914007,0.2581317718044605,0.2872260525961823,0.3431332414721421,-0.20961167046110843,0.178935776174987,-0.276500168708562,-0.07804610002735475,0.20324883796697876,0.011102731876690107,0.06863270318999282,-0.25194263088605684,0.04281265895842581,-0.19578015334128904,0.23930160973652365,-0.054059393278022456,-0.10571561197179123,-0.32645251425784094,-0.1191173177768788,-0.21166032922194647,0.42104872132429405,0.005186763747471461,0.011649309004146405,-0.6469308260019472,-0.0651017212122958,0.18237539308348705,0.09765774339013199,0.27543942254400416,-0.12463804309934018,0.07403573794710397,-0.1396431903734665,-0.2898957130149779,0.14205673627773224,-0.11598958910970159,-0.1271129560167904,-0.49787003912231165,-0.16141404593831024
acc_x_rms,0.013722795727867538,0.9348943631331706,0.7578583586559374,1.0,-0.7820590523741431,0.9484512602014212,-0.15516145029879141,0.9251591434669126,0.7069051592609564,0.9454631454749467,-0.7087524328570548,0.9045174014679859,-0.08946972814060329,0.9067006648738626,0.7176777221079605,0.9273554171249092,-0.9154244041169454,0.9548382018614211,0.029799001073607088,0.8136232927005934,0.6256416569480475,0.8224092092757017,-0.7272974288801575,0.8063226193718678,0.36621075391967256,0.8032597567836419,0.7765242563761642,0.7272875192662733,-0.3839703356104817,0.7038473740093331,0.26965642626485353,0.7358535746742887,0.6284602769971849,0.7065469476831473,-0.5312996091743074,0.6826256774815908,0.09348644344504092,0.6152956669472114,0.5800399876816734,0.09941279652117989,-0.26765887003537403,0.093486443445037,-0.24205848611327585,0.646770582240992,0.12405920467470258,0.3061156069404567,-0.43739194647473256,0.22716639841843614,-0.32489531938491156,0.7163772171325229,-0.02399815668212518,-0.32335645647501626,-0.579410164863314,-0.3248953193848838,0.2550342901980759,0.6313218318279376,0.49501415303309076,-0.14208541107734513,-0.007619000483524161,-0.18064357003251472,-0.5497367824766738,0.6301776169065406,-0.46581459402690767,-0.5341209627938138,-0.619664712501209,-0.5497367824766745,0.29574089557795996,0.33341504590820803,0.4088208554949911,-0.40096608682806406,0.19522614081595024,-0.4813881642993097,-0.007207727536769369,0.183625951388318,0.06753646358564452,-0.2356783033506889,-0.11799683516043506,-0.22619558480218116,-0.32558852432614505,0.2109909247376196,-0.1608654586208628,-0.11278781575103984,-0.46278904263023385,-0.12757852065398176,-0.260152159510928,0.3522598376186528,-0.03328325180073211,-0.07058886550212186,-0.6030429622807497,-0.13690861174864682,0.22339835432017247,0.16382638081532944,0.35079359333337384,-0.15388865739770297,0.05907759398185546,-0.1771599972405811,-0.384388779000771,0.11464679132399654,-0.1801291066204046,-0.2055458524791317,-0.5682744471611358,-0.24420360121021406
acc_x_min,0.4661301820597383,-0.6855769669727723,-0.373891343387044,-0.7820590523741431,1.0,-0.8013324547769131,0.5735202002249203,-0.7008590598227654,-0.305535487763608,-0.811289665177641,0.9567842881240531,-0.8083675190200289,0.3148635102526149,-0.6708737074030838,-0.42297508739718276,-0.7108986120677696,0.8464434679588984,-0.7719666024433246,0.22437413301522416,-0.6418892804620132,-0.40583929358015963,-0.7087666784177029,0.6720135508404915,-0.7073866290334413,-0.5350113565119744,-0.586127632330625,-0.8121946658974232,-0.7602313641198643,0.07487829798326692,-0.7651986829638613,-0.5218857334123983,-0.7219143167219187,-0.7448511740830468,-0.7317220546006671,0.23292102643689963,-0.6942406061899422,-0.3483566609284925,-0.48312223228872303,-0.7563232387834005,-0.3545321478511504,0.04977028467392163,-0.34835666092849077,0.007591118995094074,-0.6646660127928535,-0.4004738286356393,-0.31172879590388913,0.2919055262481317,-0.23414754135967078,0.3764724296671471,-0.6479659251691471,0.09273713098008834,0.3751044671785947,0.6048674757854475,0.3764724296671249,-0.35919405009730393,-0.6456444199302295,-0.5803937951509482,0.2584103469949483,-0.06114727780985263,0.30380622412837693,0.5275088632974804,-0.46281701754783994,0.4647281052233623,0.5161831611054273,0.5710877129460933,0.5275088632974801,-0.3074856766926802,-0.1401356927652191,-0.39475557864563904,0.44138610689276664,-0.29212682929751904,0.47691216864780467,-0.10040288675716956,-0.1009264692499169,-0.10269863082578497,0.29418900318504837,-0.050211454852543455,0.27301835157976945,0.24054283483608838,-0.049384424457175426,0.1805035511236571,0.029308601441427932,0.3205070294660118,0.03145158484454863,0.10699107086361875,-0.17734226603224046,-0.0030273106338735587,0.02768196403638287,0.3269307376727882,0.05906704901287272,-0.11910201741153263,-0.07372523415045443,-0.20447913926792577,0.07449088697871475,-0.041510441353990644,0.0814047952622226,0.2457293095977701,-0.05105712519578275,0.13724254441529618,0.1414837172249714,0.37922160548281764,0.16458970112928548
acc_x_abs_sum,-0.09035823701321109,0.799251149848248,0.5331608064241826,0.9484512602014212,-0.8013324547769131,1.0,-0.19590161859258734,0.8153863157877953,0.5128103730761459,0.942189594962362,-0.7327541332951968,0.9442053814876381,-0.32889613917744653,0.74151076273891,0.4764426843826707,0.7794577347880228,-0.84409884859303,0.8684228303287108,0.14928286893537648,0.8078655066856025,0.7014730461059919,0.8581497444505627,-0.6054193132599976,0.8482247176759592,0.3429161117442298,0.7743441679465314,0.7528633198177103,0.7111116820135818,-0.3449965035121383,0.6842763780053488,0.4027559083274637,0.8721799507433547,0.768408354193123,0.8633518464353135,-0.5418180808491536,0.841881601981954,-0.044329358217250626,0.7617572108019213,0.535865214193321,-0.03756389607985845,-0.4430202511064229,-0.044329358217253964,-0.38248689671008157,0.7916185647096522,0.034707209488052344,0.2458633082136016,-0.6048063885660048,0.1498183379057699,-0.34240307901184114,0.7599661844662337,-0.008095048172180522,-0.3407404133623872,-0.5961182420364427,-0.3424030790118141,0.11040177329865648,0.7919429852814034,0.41720127170917726,0.014653504146919558,-0.20557994351497094,-0.03432895681321289,-0.5097677599599841,0.799580585594404,-0.3984178454140352,-0.4883120740269924,-0.6068611533827684,-0.5097677599599832,0.2587355344468128,0.3193532234288849,0.36356747086011265,-0.4311251698463414,0.1511948168175919,-0.509871223065353,0.02634080453010897,0.14055202837555328,0.08120972331781234,-0.3523342948960955,-0.03592146077146612,-0.32619539889406635,-0.3367664824945529,0.17085927986425145,-0.18061773816186924,-0.09871410464126668,-0.4539980393324851,-0.11215967450045494,-0.24525930895686912,0.2555209311600089,-0.04765395468090055,-0.10500140811228345,-0.48203222995273093,-0.154846855768399,0.21031882978164448,0.17290933258851154,0.3344095672414127,-0.14439503141968177,0.04210764961034775,-0.16856173358822754,-0.37307031401385654,0.07758543745401289,-0.18696611099177501,-0.21186634685501154,-0.5142341826587649,-0.2461973929098973
acc_y_mean,0.9133484244506042,-0.04964266414141736,0.1522707821976498,-0.15516145029879141,0.5735202002249203,-0.19590161859258734,1.0,-0.020476991711836277,0.3539562368446784,-0.18429162700178556,0.7033414867066604,-0.24046546463493496,0.35646673991914435,-0.14830290174972222,-0.04154579027430707,-0.15280589467741398,0.3025489575433745,-0.1710391620215648,0.5873760668801997,0.047018726480941506,0.2909408137713813,-0.0264181137129493,0.28654822155939297,-0.03540505290225339,-0.7065531397048156,0.13405581525329968,-0.49775890023272884,-0.23893465730918165,-0.5557762592983784,-0.2930005761463333,-0.7308760778647208,-0.28317847025391996,-0.58185452919761,-0.3066500412607394,-0.5150583609937461,-0.25887060796310923,-0.6703082489645615,0.023008461249526442,-0.6869016913187773,-0.6739969159706455,-0.41083907287551175,-0.6703082489645625,-0.5622732418357038,-0.2541585387869697,-0.7896630689168183,-0.4800816231703852,-0.27621768504961947,-0.4497644100889247,0.47749774088793884,-0.11427389715814573,0.396121134148988,0.4773171786445143,0.4831761027718115,0.47749774088793145,-0.403418602352921,-0.26399245071216526,-0.4379562725300985,0.3415093963928593,-0.22952134419276404,0.37567380419284746,0.039934895764160414,-0.0023678075261742483,0.031224682129959467,0.03811053260793524,0.03035766902720547,0.03993489576416054,-0.24387690391075648,0.379033868262342,-0.1604124652045586,0.48246238040882716,-0.42442780251916007,0.4294979736772898,0.12046947044075144,0.33909873276170865,0.24391378767093425,0.11401640716353428,0.003975089172913152,0.06558281048458507,0.2629793967540341,0.4141892972124761,0.3789068664924039,0.18728023709076946,0.1314216717878737,0.15915458818876405,0.19492310781363434,0.37262912597773273,0.3322994123904212,0.2559190330809681,0.03276857825040529,0.23001660921406575,-0.23329394604382886,0.4145813851119205,-0.08241818953762631,0.27001788738002475,-0.34489878988426903,0.23816170731929504,0.1515336775958822,0.3669336941765729,0.3144643166210456,0.2750145648612041,-0.0616058223594571,0.24241605052066117
acc_y_std,0.16489802058447056,0.9614380709160409,0.8502936888624631,0.9251591434669126,-0.7008590598227654,0.8153863157877953,-0.020476991711836277,1.0,0.8681365733495064,0.8752776879085412,-0.6291639821419279,0.7864809905491441,0.05165167175814119,0.9073764340248271,0.7823832057313647,0.924093807965987,-0.8701223599605352,0.9214880240968449,0.013841571133741537,0.7808632410286829,0.59727150092097,0.7680635841478195,-0.7097634592102537,0.7520948228277466,0.26617807258587994,0.7977045148380689,0.6838636754199976,0.6991981481303108,-0.45054369744810857,0.6767354197749224,0.10510087176038335,0.5847896920149267,0.45030145851609327,0.5363131812671911,-0.5624127726280783,0.5216362452611127,0.09120086421944455,0.5177514494339804,0.5278716580284144,0.09628632880071736,-0.1963511383832243,0.09120086421944078,-0.21921855421405168,0.5091148773264509,0.09764765625136078,0.255247633263064,-0.3490754458787501,0.19485047469177186,-0.22998848616351927,0.637900871838311,0.02556757318715338,-0.22866392319541146,-0.4736704231755327,-0.22998848616349432,0.2936041578049628,0.45610827698570783,0.4857868531573757,-0.2011957867069234,0.11174220769873329,-0.22611176351816228,-0.5638213326760606,0.4345495464803711,-0.5165316441826808,-0.5562151205847667,-0.6111572393676932,-0.5638213326760598,0.28755734967861674,0.33696800094993673,0.40995677015082355,-0.2933282641279933,0.1906007197141007,-0.36821793583012064,0.025373183552062722,0.24241174653172828,0.10195416833654894,-0.132167667574713,-0.1323158373219861,-0.136902162482926,-0.24802223086893993,0.2655440270913955,-0.08977234901040244,-0.06707338768201061,-0.40794832882034504,-0.08389599470648586,-0.18037368886054342,0.42970915412877075,0.05679797463416879,0.00873884302303365,-0.60413873944615,-0.060516944627498515,0.1587899540541333,0.18602882758718986,0.2962461107464719,-0.08695963854301753,0.012775077098882079,-0.10823776251320558,-0.3355653620900766,0.19050155793387488,-0.12489358028514454,-0.11475329228290833,-0.5946371872993907,-0.15722901904112854
acc_y_max,0.5186893632451054,0.8460739879485525,0.931341630772416,0.7069051592609564,-0.305535487763608,0.5128103730761459,0.3539562368446784,0.8681365733495064,1.0,0.6045748463532303,-0.20941310437076663,0.472167870529384,0.40983750973519406,0.81186391112723,0.8429269263185233,0.800109742908873,-0.6178267473913123,0.73047032441073,0.11519047040632331,0.6147453150963241,0.49049524283665275,0.5213208838835357,-0.5521548415913227,0.4973817546647669,-0.021732275126589838,0.6791690362814903,0.3598934244470392,0.44343762379799456,-0.5861437467521436,0.40939930297376154,-0.2590363984064372,0.20854971045089726,0.016046668316847337,0.16473779883514966,-0.5598024487335092,0.1713802040470004,-0.018870968252826886,0.27425363073589487,0.2235239890748296,-0.01679870833537658,-0.12225244939691107,-0.01887096825283032,-0.21762513548074902,0.18421909633740408,-0.09185952350048535,0.08555967594335212,-0.2028633232471962,0.06463612291328173,0.016502702953355278,0.3956020623283357,0.1432340652012255,0.017294636804722777,-0.1606189479671661,0.016502702953372896,0.23768988094422094,0.13022991599978986,0.3181496201640595,-0.19569466438251473,0.2016609207108234,-0.1959387628770727,-0.45857564591753514,0.1848732709086315,-0.4508792153556575,-0.4586858540357537,-0.474504177417754,-0.45857564591753514,0.18851258706306656,0.3908311275714354,0.3122375055140417,-0.03893060688631645,0.06286643721321693,-0.11470971800294881,0.03208679837729872,0.325551173640878,0.14093373436751117,0.06384366063653601,-0.17734069845828676,0.027483853570066098,-0.08371313228019317,0.36098966742067096,0.07512251101450328,0.0019215664183639116,-0.26104813796202914,-0.018810095168690113,-0.08296382425924785,0.5337800016670782,0.16377997880485604,0.128646444294434,-0.5671937696877649,0.05277335743717958,0.05223156216219678,0.24858575374476266,0.20093993105617033,0.016339719202297535,-0.0818462149444089,-0.006588760995846801,-0.21509539595227173,0.29014252663565165,0.006039639188315398,0.01960060708196075,-0.5267570492113509,-0.024570678994793364
acc_y_rms,-0.05028427569892733,0.824076857910285,0.5980541965802187,0.9454631454749467,-0.811289665177641,0.942189594962362,-0.18429162700178556,0.8752776879085412,0.6045748463532303,1.0,-0.7560723085548743,0.9827659869564386,-0.19500821160294252,0.8014326129165258,0.5614489903167121,0.8320427454158601,-0.8915090889760656,0.9029052846763926,-0.04339908589637511,0.8038029972504137,0.6013593607666607,0.8471878536750117,-0.733637480791899,0.8406059984850794,0.3518444383253404,0.8245285666318396,0.7842585830535269,0.8379417739537524,-0.39215253047822246,0.8213233085978312,0.24526453889880775,0.7914197001973807,0.650235191571801,0.7700558801864639,-0.586829260372706,0.7390861803278279,0.0715995223606971,0.6249481648790319,0.5359929108773884,0.07716831190620653,-0.30251964329355463,0.07159952236069411,-0.28790539266407694,0.6881730310740207,0.07114292049406228,0.26683813261602707,-0.5067773110270863,0.1811173307780236,-0.3118193838001681,0.8137449996747148,0.041235865783464984,-0.30997429647749997,-0.5960810652642312,-0.3118193838001418,0.23301611946293194,0.681345228635709,0.47442804387508336,-0.11230118247764434,-0.06730172194020435,-0.15282177063782015,-0.5801381741655075,0.6951152717290446,-0.47712310647381184,-0.560434065985983,-0.6495543298571953,-0.5801381741655076,0.22568667931504768,0.35545661637976467,0.3664254677343631,-0.32647461522892934,0.1198942261906831,-0.4066221973293891,0.06198900330734318,0.23806687050586336,0.13937161540723259,-0.32061305564473463,-0.05347608080523993,-0.30388742351647624,-0.3003615080395267,0.2690658267210706,-0.12129765996750942,-0.07126733325519258,-0.4631141959188287,-0.09212013425792223,-0.19874056200789622,0.3793068950623385,0.038333932975350184,-0.03872900554932949,-0.5263989126603273,-0.10010493599913911,0.16021261570887982,0.2572000541530863,0.32166854427547303,-0.08890279239014227,-0.025828706779030004,-0.1188569045150759,-0.349284530025437,0.18769927483145998,-0.12344347756910982,-0.13895560467404755,-0.5779374230699833,-0.18317175522711132
acc_y_min,0.5575544880889152,-0.5968434197967227,-0.30108868380276876,-0.7087524328570548,0.9567842881240531,-0.7327541332951968,0.7033414867066604,-0.6291639821419279,-0.20941310437076663,-0.7560723085548743,1.0,-0.7635289392772729,0.38814627321151535,-0.6091352219613577,-0.37112344075662723,-0.642669839364385,0.8113034453154402,-0.695576870795409,0.3544509511373898,-0.5131429892992194,-0.25948933458439655,-0.609974670006256,0.6350786899270012,-0.614396805508198,-0.6443792479299599,-0.46282039082950904,-0.813319741226227,-0.7123169772839838,-0.07376254314082752,-0.7350380488631537,-0.5828274022241676,-0.6920855791366947,-0.770361058678724,-0.6765087368712528,0.10621264581093975,-0.6324556117668302,-0.43180547278234155,-0.40747470820959025,-0.7877546527796148,-0.4378182550945878,-0.04518372901684157,-0.4318054727823406,-0.1177167564621814,-0.6000949402727735,-0.5035845613296385,-0.4323571161330532,0.17593822838363002,-0.3605125928984387,0.4831936886739286,-0.5949683962244575,0.2068340600394939,0.4818990035705397,0.6721670300083173,0.4831936886739091,-0.38051774424245977,-0.585048300856415,-0.5672415348318347,0.27588393095541913,-0.10022654447132305,0.32052350708730587,0.42902109650972453,-0.4108222411402253,0.37195973743397237,0.4184190041997432,0.4683747562706327,0.42902109650972414,-0.31640814989335214,-0.011136433996517314,-0.3639196484934291,0.5086424164530269,-0.3478400599785326,0.528024924046898,-0.011919186539178141,0.04593864290236733,0.023700505150497382,0.24863112327667608,-0.011728419130506542,0.21218713892905455,0.31467340352260714,0.07756129987383088,0.282601503822352,0.11886401888556157,0.3428006710343017,0.11391216162455917,0.18155469929552606,-0.03458587154119905,0.11949536346844501,0.1266679793503083,0.31349190787530223,0.14659253924934773,-0.19339365277256734,0.07880252701333505,-0.2070957967396527,0.16673027484364028,-0.1546993581021618,0.16401230700603503,0.2868744103578642,0.08700137571508726,0.2443151608323501,0.22247319587746345,0.3239188455132135,0.2316153810683342
acc_y_abs_sum,-0.124289213593355,0.7415260809331149,0.4798813589454134,0.9045174014679859,-0.8083675190200289,0.9442053814876381,-0.24046546463493496,0.7864809905491441,0.472167870529384,0.9827659869564386,-0.7635289392772729,1.0,-0.3000345641402011,0.719572858626905,0.4484843621802898,0.7557808602478336,-0.8423531729261775,0.8553196404086614,-0.04573226197208716,0.7702119826714238,0.5796552708326155,0.8420330407307416,-0.6946616767295147,0.8391057146110203,0.36828469381789625,0.7911819784734155,0.7793324247322665,0.840601109815662,-0.35026351498404096,0.8267311330745744,0.2901208314298164,0.8366858373558239,0.7005153109541727,0.8222227956490705,-0.5734212767014266,0.7889423933139827,0.0391312824144559,0.6515460431928715,0.512370235764108,0.044775944431431285,-0.34499294952082243,0.03913128241445298,-0.31232348642754637,0.7309956378348254,0.05584659160474932,0.25908087828070897,-0.5491733328920188,0.16783161730652346,-0.3333846132275448,0.8366322240138807,0.03617911081043919,-0.3314495243054572,-0.6193502733177658,-0.3333846132275192,0.18162401262192834,0.7329536134777556,0.43678695016865976,-0.053985284935942485,-0.14270349047066672,-0.09801665778511484,-0.5470656057865487,0.7505493616886424,-0.4314960893544473,-0.5246079582999399,-0.6233684163865842,-0.5470656057865486,0.18774418808946536,0.3412127361750444,0.3270692353767996,-0.3441392801920032,0.0873394085527816,-0.42337980465127856,0.07816024394546484,0.2213988998008908,0.14667996125511712,-0.3866997665873057,-0.016174862137530957,-0.3623707952766124,-0.30877555404167184,0.24599763378274156,-0.13317783765356064,-0.0686945446147764,-0.4571512848001379,-0.08875527165352096,-0.1962602839846149,0.3336981625209296,0.02440314356197188,-0.053513944399237685,-0.46799509304965503,-0.10937370809833903,0.1509078906381334,0.2592997176417807,0.30860672673640166,-0.08437267466046885,-0.034029655974139206,-0.11479298345599104,-0.3308201061557074,0.16609241640343966,-0.1170093588397549,-0.14508941410881462,-0.5285284495388681,-0.18653711273159673
acc_z_mean,0.3211565787887563,0.09567058608159314,0.3944801687979205,-0.08946972814060329,0.3148635102526149,-0.32889613917744653,0.35646673991914435,0.05165167175814119,0.40983750973519406,-0.19500821160294252,0.38814627321151535,-0.3000345641402011,1.0,0.220994887212133,0.4820048151041644,0.15204613240180184,0.12348208954386101,-0.0009603305265010606,-0.18556856084003653,-0.022131222276592758,-0.17652245684595683,-0.31847047499045134,-0.18214295660727042,-0.3536016795797122,-0.36562855723516485,0.10224681050515703,-0.24804366622277385,-0.08440908830511186,-0.36054564133312234,-0.1098808011536555,-0.4868220224694551,-0.6269440162202558,-0.6806220328784266,-0.4837968362286648,0.08448746663294483,-0.4550403223113534,0.22362960440826515,-0.47858783493524815,-0.20196587955756126,0.21949721124083166,0.3689169120731535,0.22362960440826415,0.2253353107952002,-0.38837431443079345,0.008760231354865457,-0.2242474384894129,0.31451462329692065,-0.1784788454564872,0.40062556706407004,-0.20226687825548156,0.2328920366945318,0.4001570813137344,0.3916026237188579,0.4006255670640657,0.2498582151381151,-0.38379165738470333,0.07612775687472469,-0.32255470743653,0.3740319781618493,-0.2995174670438447,-0.08796992569791898,-0.4163711665448058,-0.14533540032030584,-0.09905641053341242,-0.006748598372529105,-0.08796992569791909,-0.0796615201621542,0.20375297445741458,-0.003728646416949362,0.46031993869326826,-0.12518649876935722,0.4481912165979497,0.11458124735701622,0.39607260576232134,0.23269227526477715,0.30446362319088394,-0.09511765532736001,0.2240509170828622,0.3325936692207327,0.36067746311591264,0.36506235451563723,0.2153387363245707,0.18931264811087373,0.1984901884686054,0.2399994779862021,0.4800776668136761,0.3565172809018742,0.3631564932909183,-0.11338160218566844,0.312481368752291,-0.2497105918984369,0.2914942847635171,-0.12424775528840608,0.2703256491585412,-0.2748930284313505,0.2548906664009211,0.2223534151282359,0.3720111702126175,0.33939399367622736,0.30047318234978854,-0.040633161849654424,0.2725453506618272
acc_z_std,0.07674529893911697,0.9489824215528068,0.9042279042612282,0.9067006648738626,-0.6708737074030838,0.74151076273891,-0.14830290174972222,0.9073764340248271,0.81186391112723,0.8014326129165258,-0.6091352219613577,0.719572858626905,0.220994887212133,1.0,0.931375362704787,0.9939566473439923,-0.8807448670032545,0.9472512876530361,-0.1503048005657627,0.6756634077689014,0.4112598535445162,0.633524622391239,-0.7768581654834427,0.6116237530519675,0.3612237406384932,0.70611821567763,0.6877310197474515,0.6460946592075226,-0.362113326932764,0.6349595092921159,0.10363061262416542,0.4560719934086153,0.3842783417311865,0.41462616172390904,-0.3924825945234688,0.39139637131183214,0.2919944316641542,0.32447712508076826,0.5814416859910305,0.2961256217268077,0.026895538365936087,0.29199443166415034,0.004067556081276501,0.3766880134632923,0.2574031287548853,0.3453530601879411,-0.14317427033318197,0.3012534711118428,-0.24642239561661988,0.5537937300583378,-0.033142031098098566,-0.24531639948877693,-0.45595104781550183,-0.2464223956165936,0.44233997809797065,0.34791986948613557,0.5632813473995283,-0.3578070455784703,0.2760906954775989,-0.37934601382929745,-0.5422979624785083,0.31252757903611594,-0.5090815417657871,-0.53717818771665,-0.5657942415468195,-0.5422979624785081,0.32227235605840837,0.28328987964589825,0.4172165694979439,-0.31644486940011846,0.25283091301882765,-0.3835989666130726,-0.021648051250488902,0.20922970797363913,0.05098895846428016,-0.07349794536734011,-0.18652337145285913,-0.08672935620587967,-0.24179322647799462,0.22300217649039256,-0.10346365101141422,-0.0881359164250193,-0.3851660489542155,-0.09944042858847783,-0.2153752827714272,0.4155434747109929,-0.005083606174554514,0.005735070876676818,-0.6538029403135578,-0.07074727405019367,0.1897864574730613,0.11337851453286867,0.3029248615788937,-0.12819380304323705,0.07163444168941423,-0.14320643647989154,-0.31582306229092055,0.14089218837050144,-0.1370744694619196,-0.1496061456044701,-0.5383920413025488,-0.18493062323634932
acc_z_max,0.1889524895445908,0.8476755219549424,0.9447319868694837,0.7176777221079605,-0.42297508739718276,0.4764426843826707,-0.04154579027430707,0.7823832057313647,0.8429269263185233,0.5614489903167121,-0.37112344075662723,0.4484843621802898,0.4820048151041644,0.931375362704787,1.0,0.8998428751215415,-0.6893263533243352,0.7890889368538814,-0.19696405685700247,0.48863692003034587,0.2230100633559006,0.3799529355849541,-0.6775507506959038,0.3520101331594052,0.26526731672813464,0.5337347563080079,0.4930073791713148,0.4306819546048072,-0.3272974500280771,0.42232679160593656,-0.06641176289859167,0.14286107001953607,0.1010052000664846,0.104088311606501,-0.23743884140263039,0.08990911599956256,0.3667719194118474,0.06546281666506339,0.46616137614122466,0.36879757148575204,0.2212754060055362,0.3667719194118436,0.1717502290465075,0.10019428475882393,0.2928184577711626,0.3212205173852482,0.09938558552658149,0.3102863202468649,-0.14089801166246713,0.31433549491918966,-0.04510872291515785,-0.14035943153071379,-0.276884749431685,-0.14089801166244625,0.4961562858233331,0.06640959457178036,0.5089145713809745,-0.446456583421573,0.44222877794426946,-0.4509430950057808,-0.43409565727369753,0.035233574800460986,-0.4433168374663597,-0.4373381200384504,-0.421717743161447,-0.43409565727369825,0.2932253476137418,0.22299557981641735,0.36288597516764015,-0.204315059233945,0.24879100671647758,-0.2564456477058152,-0.06450785636668302,0.18446933605744711,0.00681240421249484,0.1031639845022134,-0.2425776582864204,0.07242082713293606,-0.15955605114092292,0.19188351543005977,-0.05437789004968775,-0.08381765305811441,-0.2773778715518528,-0.09130148737778566,-0.18344833508977615,0.40015265275035033,-0.0024389930355061024,0.04014631677840797,-0.6294505085951204,-0.03552532132365557,0.16243437520468043,0.04624084538201119,0.23708748019568351,-0.11394041421036742,0.08844847205172285,-0.12166352024597857,-0.2486960595410742,0.12109430401809498,-0.10458403824766968,-0.10630335434601591,-0.44955216745829846,-0.13337519382226834
acc_z_rms,0.06936872070676273,0.9618968127849443,0.8857629902006594,0.9273554171249092,-0.7108986120677696,0.7794577347880228,-0.15280589467741398,0.924093807965987,0.800109742908873,0.8320427454158601,-0.642669839364385,0.7557808602478336,0.15204613240180184,0.9939566473439923,0.8998428751215415,1.0,-0.8992859967986119,0.9702871445104992,-0.11587216169185231,0.7027993553952714,0.44970853585542764,0.6834114854621849,-0.7730652220712992,0.66407618891323,0.36099359989824686,0.7241994619651476,0.7058554272773077,0.6751265762497696,-0.3655780014155041,0.6633120457194631,0.12604013496464284,0.5220714189405146,0.4396184117661906,0.4645500028868837,-0.43773740968921815,0.4387661849679364,0.2532021318868776,0.3750020705343623,0.5898171266616091,0.2576657201832809,-0.020571357297343724,0.25320213188687335,-0.04647505565972582,0.41702372954531197,0.22743331779200449,0.3277717157666006,-0.19511707524006483,0.2796864126668789,-0.2596515335930578,0.5796948643118599,-0.029552632943955163,-0.25850514248579265,-0.4748953531234776,-0.2596515335930312,0.41079667716043744,0.38284204962711393,0.5513254586845173,-0.3216222819369541,0.23439075084866895,-0.3441272730607027,-0.5544577296112488,0.34437978159363336,-0.5173201024127704,-0.5488154840003416,-0.5842906441528664,-0.5544577296112486,0.31433588271305757,0.28373243105296714,0.41058726748810415,-0.33652642673657684,0.24292060103280644,-0.40398779186002926,-0.0046593318362489825,0.21673869302019144,0.06637752906596477,-0.10878873581296752,-0.1678451074819091,-0.1183269682548927,-0.2515945372578639,0.2262588971109681,-0.11145174829193444,-0.08332892433855753,-0.40094739816093045,-0.09509650502190829,-0.2107148681200267,0.41774286061006377,-6.147320437568723e-05,0.006620129107831273,-0.6446490439295798,-0.06933353299508084,0.18567927029761,0.1291853688009526,0.30888630133635725,-0.12155092925798806,0.06387665629733918,-0.13761245063938946,-0.31601865118459466,0.15063540791552227,-0.13393239743296922,-0.14739255536069742,-0.5473826597851013,-0.18438664301491958
acc_z_min,0.10202656268798506,-0.8645408322972709,-0.6836889047350033,-0.9154244041169454,0.8464434679588984,-0.84409884859303,0.3025489575433745,-0.8701223599605352,-0.6178267473913123,-0.8915090889760656,0.8113034453154402,-0.8423531729261775,0.12348208954386101,-0.8807448670032545,-0.6893263533243352,-0.8992859967986119,1.0,-0.8943643260607793,0.19132361019049154,-0.7161063771713411,-0.4589700179392116,-0.7673279020104804,0.7839890601743316,-0.7611193853195999,-0.501933174096133,-0.7042745631539274,-0.8153747637943999,-0.7500901153888402,0.23098224555836522,-0.7462136626068393,-0.28589560371864503,-0.6667805439554051,-0.6083698140324025,-0.6087388627962077,0.4083836546129912,-0.5742730399747659,-0.25665214951419757,-0.4763447417008519,-0.6584553544384256,-0.2620999316510891,0.08409300610784667,-0.2566521495141943,0.06305161883271145,-0.5375661785962492,-0.2723365311269196,-0.397016884628041,0.26370971252335973,-0.3301346703394568,0.37964134523017795,-0.6662085059411089,0.09268778178216486,0.3781764720508004,0.6134079601522066,0.379641345230153,-0.36033329047473056,-0.5211433376762409,-0.5436695516367189,0.2608224917598173,-0.12549739930744028,0.2943751168290638,0.5246941756759865,-0.48418422379405907,0.46266694228741057,0.513370022812808,0.5731074349688491,0.5246941756759869,-0.33517355749140393,-0.2323418775492453,-0.4272548143084731,0.40671009379679984,-0.27601881472613643,0.4671396285252913,0.04619239595842395,-0.0970779123959967,0.002567426301098862,0.1580911066115211,0.13119851921392459,0.14564286012781388,0.3266399996946481,-0.13259818782542077,0.19836185030049244,0.1377863293724468,0.43746049847955637,0.1467350294516454,0.2624036469448116,-0.27415061959285686,0.08479244391602694,0.0967793856625257,0.5726263340186036,0.15208055593335054,-0.24550770138126837,-0.06251790135229505,-0.331951360685965,0.18884577167249422,-0.11997304008559281,0.2024771258099667,0.37416084225886925,-0.05658616299298177,0.22213641675910656,0.22148717188321917,0.5293539626421966,0.25101644204306167
acc_z_abs_sum,0.022500335220470406,0.9408082876470263,0.7940147784877651,0.9548382018614211,-0.7719666024433246,0.8684228303287108,-0.1710391620215648,0.9214880240968449,0.73047032441073,0.9029052846763926,-0.695576870795409,0.8553196404086614,-0.0009603305265010606,0.9472512876530361,0.7890889368538814,0.9702871445104992,-0.8943643260607793,1.0,-0.030403790099222613,0.7561930662091698,0.5427607835721291,0.7698980976849019,-0.7399500814210992,0.7538438690258006,0.3332111578389774,0.7783369181343552,0.7277710265800256,0.7425640467286679,-0.40121380544682966,0.7286038883247621,0.1902706219606951,0.6641463286215835,0.5576458271190271,0.6156912714769829,-0.5237044221045705,0.5891572160922627,0.15311828279882583,0.5127011897034354,0.584206031090806,0.15844273527865557,-0.16302987594174329,0.15311828279882203,-0.18225945547761824,0.5552339083700165,0.14539699812472526,0.27003645484287625,-0.35623455557412,0.20744416104742053,-0.2594267695683393,0.6775385952535765,0.02109960268887807,-0.25807196311580777,-0.5016851903154191,-0.2594267695683109,0.3329839738632402,0.5190682972518205,0.530867365872298,-0.22956615387571527,0.10518753980568027,-0.25913368505243173,-0.5916356200960114,0.48019477922256115,-0.5323824294455736,-0.5818205484905893,-0.6401978536655385,-0.5916356200960113,0.2868633291314262,0.31819867201452745,0.39479702587671195,-0.3574657670002843,0.1997802326701243,-0.4312315292711691,0.05971012810766647,0.26197779406802274,0.1322328321056652,-0.2435138546802144,-0.10240849413634992,-0.24400371298983203,-0.2538531038681376,0.265294964800148,-0.09828746011261866,-0.046405008614106145,-0.420546484292072,-0.061533982231152085,-0.18124885097585272,0.43489650295543325,0.04089470195456086,0.021306308806015355,-0.5979744430512921,-0.05357896571244639,0.15340703419429008,0.20481228364808837,0.30972642712144166,-0.08339157238959197,0.010396784340749556,-0.10524044430873176,-0.3051589606010925,0.19184087988903892,-0.1022567273255313,-0.12745045283874748,-0.5571727497494672,-0.1702959960434307
gyro_x_mean,0.46552513824463654,0.012122502108945915,-0.01031227504010789,0.029799001073607088,0.22437413301522416,0.14928286893537648,0.5873760668801997,0.013841571133741537,0.11519047040632331,-0.04339908589637511,0.3544509511373898,-0.04573226197208716,-0.18556856084003653,-0.1503048005657627,-0.19696405685700247,-0.11587216169185231,0.19132361019049154,-0.030403790099222613,1.0,0.23329510527576253,0.6697513938445603,0.24546427695233616,0.46482328494961245,0.23152363785778735,-0.44800148563448283,0.11105942850575419,-0.2562626579067058,-0.2526898210328287,-0.3220174005971114,-0.3064667457414337,-0.059820957227254896,0.18490310153030484,0.050860119592574485,0.20841077110950265,-0.3787463097560926,0.2561488417000935,-0.6725471603962904,0.49280613714790444,-0.2818007392948135,-0.6707729825206977,-0.6596677401691852,-0.6725471603962915,-0.6736278505290477,0.25071100649775124,-0.5948804594148235,-0.3968027285838713,-0.5509142105630525,-0.41616917571745116,0.2836797547505763,-0.019199642639730386,0.2651651232130668,0.2834619883748584,0.29163579281078933,0.2836797547505786,-0.4413143683289917,0.24326165521939108,-0.24990526167667806,0.4167764300055977,-0.4389753100857482,0.41017689091253035,-0.04579907956063541,0.35250632512489594,-0.019022089649687542,-0.04126692193578393,-0.12341047059093044,-0.04579907956063525,0.003761190296131092,0.23357479306738768,-0.005052042079004719,0.04362691222332706,-0.13986599126499086,0.004978678162576044,0.13725415285004788,0.06876765900951932,0.15717164595640148,-0.12100641418683464,0.17552709129306338,-0.12038298034100002,0.11678348095752307,0.14941575386130107,0.16836429204762252,0.15215489075479433,0.08430693670564982,0.1440484737057171,0.11107903692086485,0.05859391852388575,0.14016167206942545,0.09886384844013697,0.1582101551549632,0.10632510520502036,-0.09683034183965392,0.17640874053786493,-0.039798060100151224,0.12984118318777638,-0.1514129530961883,0.11737403634913651,0.06530695088465102,0.10953709200351244,0.11101246922006702,0.11078432276840368,0.0041324161277311675,0.10297039694800388
