,acc_x_mean,acc_x_std,acc_x_max,acc_x_rms,acc_x_min,acc_x_abs_sum,acc_y_mean,acc_y_std,acc_y_max,acc_y_rms,acc_y_min,acc_y_abs_sum,acc_z_mean,acc_z_std,acc_z_max,acc_z_rms,acc_z_min,acc_z_abs_sum,gyro_x_mean,gyro_x_std,gyro_x_max,gyro_x_rms,gyro_x_min,gyro_x_abs_sum,gyro_y_mean,gyro_y_std,gyro_y_max,gyro_y_rms,gyro_y_min,gyro_y_abs_sum,gyro_z_mean,gyro_z_std,gyro_z_max,gyro_z_rms,gyro_z_min,gyro_z_abs_sum,quat_w_mean,quat_w_std,quat_w_max,quat_w_rms,quat_w_min,quat_w_abs_sum,quat_x_mean,quat_x_std,quat_x_max,quat_x_rms,quat_x_min,quat_x_abs_sum,quat_y_mean,quat_y_std,quat_y_max,quat_y_rms,quat_y_min,quat_y_abs_sum,quat_z_mean,quat_z_std,quat_z_max,quat_z_rms,quat_z_min,quat_z_abs_sum,encoder_angle_mean,encoder_angle_std,encoder_angle_max,encoder_angle_rms,encoder_angle_min,encoder_angle_abs_sum,grf_x_mean,grf_x_std,grf_x_max,grf_x_rms,grf_x_min,grf_x_abs_sum,grf_y_mean,grf_y_std,grf_y_max,grf_y_rms,grf_y_min,grf_y_abs_sum,grf_z_mean,grf_z_std,grf_z_max,grf_z_rms,grf_z_min,grf_z_abs_sum,grt_x_mean,grt_x_std,grt_x_max,grt_x_rms,grt_x_min,grt_x_abs_sum,grt_y_mean,grt_y_std,grt_y_max,grt_y_rms,grt_y_min,grt_y_abs_sum,grt_z_mean,grt_z_std,grt_z_max,grt_z_rms,grt_z_min,grt_z_abs_sum
acc_x_mean,1.0,0.08926624409053197,0.42381179392131446,0.02497577614876771,0.35379644830897705,-0.011696083153748076,0.7539851033436294,0.2947233680196662,0.6121341459031915,0.0676453938465963,0.41056035371231736,0.012145975938068408,0.6446521097126212,0.10152049213383034,0.25629443080819864,-0.061716968954762766,0.3117417437702478,-0.1585006690430961,0.2290697567536618,-0.0012121801321283339,0.16688812310602677,0.06855323290983481,0.12424550943842058,0.07144703251943935,0.07311391367297468,0.15783751354227604,0.10416668171853695,0.05672833111307169,-0.08338298321105263,0.06310325210179481,-0.5035849012171744,0.07254057851330878,-0.21473056817319336,-0.23992547570450393,-0.5359254001081394,-0.2507958302609154,-0.4697160758937954,0.12151041463205196,-0.3219557956310641,-0.46953396360163413,-0.3576179943908023,-0.4697160758937918,-0.36410432725127717,-0.21167114403001616,-0.39478061407135406,-0.2543530556499909,-0.18687990759091228,-0.2355376204496787,0.3352119720361302,-0.4221087076682601,0.14236587508662424,0.33191095789005887,0.3966116046358406,0.3352119720361292,-0.2901458659780691,-0.3186481014331152,-0.3333082966189463,0.22848955031577406,-0.12157756670691312,0.2538737264921035,0.012457798051677588,-0.012547220539106639,-0.004322876003565758,0.010120729156714357,0.0016141911605200635,0.01245779805167764,-0.0035327578700105173,0.1778809123993605,0.03293220784961956,0.03056906420220957,-0.09740556719363402,-0.001546806871718271,-0.08032233666631965,0.10630941858576645,-0.02432366907483242,0.06455014827734655,-0.1774052962271717,0.045794781298896324,-0.04294925187685566,0.14714025874288364,0.06142796031101765,-0.05785261290489733,-0.07836122785706712,-0.07050487303837406,-0.11823641172964383,0.14420845812289307,-0.034922765114311305,0.0013161372143510753,-0.2227950509975862,-0.0196910307419406,0.0471594888076673,0.1286685186634517,0.08704252245631706,-0.008379465388557645,-0.04737679220727844,-0.027081298763338188,-0.071863593226523,0.12793850765814105,-0.01989450790938984,0.011649442891728574,-0.14791162004805594,-0.01970049526702313
acc_x_std,0.08926624409053197,1.0,0.8357847032992665,0.933085618389356,-0.8337213736771937,0.8769124249855446,-0.030371872248472345,0.8793440685830822,0.6136838192466841,0.7817995487588354,-0.6746341433333543,0.7538904049740972,-0.08636893808852537,0.7273886275638416,0.5661323905587717,0.7532432060894368,-0.6620820637637356,0.7489039922263576,0.2941471559387013,0.5487561659197475,0.642340688137989,0.4623109869437258,-0.21127261242839918,0.45880379277685374,0.2658087809852321,0.7132524895853604,0.6688307708038911,0.5929730987181003,-0.3816706240591504,0.5634439301473853,0.3573145160941876,0.7409377943321355,0.6672049800696161,0.7495639163554023,-0.4124450772948099,0.7318689170662936,-0.31996833881888437,0.7778524549595316,0.21889795490135558,-0.31344415079599225,-0.6301459291442328,-0.3199683388188732,0.03870849282912475,0.6998390998764524,0.3596847008003273,0.4235972623817457,-0.21354164082052626,0.37895573107610525,-0.4651117221373476,0.651327715514437,-0.20609872239637153,-0.4632404378844497,-0.6303941430493066,-0.46511172213735325,0.1500813947409666,0.6744280294987339,0.3976871457997211,0.3304057047317247,-0.07833466853926394,0.29076568175150036,-0.25215525475382805,0.5644844794079247,-0.16436649238081666,-0.23604256423305447,-0.3471729012181277,-0.2521552547538278,0.08158148061594074,0.24150116825176943,0.15319270184927167,-0.20189921489147056,0.004051240918398892,-0.2503052439189572,0.011982163898335205,0.15110649629427264,0.07859019727481956,-0.163184012788685,-0.07784004219431302,-0.1676526524497195,-0.3350970355239797,0.13693070507317526,-0.1984039041523078,-0.13876197499727355,-0.41373454253916037,-0.1533578025642227,-0.2499922886809693,0.214427070044755,-0.07035022841512026,-0.18107943034745957,-0.39832175055588964,-0.21657239019162713,0.159750459738326,0.15309272697455878,0.26415945803859125,-0.10237011322252766,0.04478891908289899,-0.1268763800246102,-0.16829231116303256,0.08151258412365678,-0.11476784006616869,-0.1321170701534458,-0.21683151781251958,-0.15724904694058783
acc_x_max,0.42381179392131446,0.8357847032992665,1.0,0.7296937194733434,-0.5680356067236448,0.6111978063457177,0.20751108916182928,0.8139810033539047,0.7873610687419185,0.6086733915910607,-0.41155910851317157,0.5545752128880141,0.31041702987709596,0.8559552084424098,0.8501964973061968,0.7574330751900091,-0.4466509331908926,0.6393253172785703,0.28108083484282437,0.390353019940781,0.5183562112414364,0.3253370807128916,-0.1151853301955219,0.32061333250031837,0.22280232170733938,0.5550798406883605,0.5077926292547615,0.42886234442002014,-0.33340002465149954,0.4111144446179149,-0.01993906354469527,0.4845031162312281,0.3262410589290674,0.41235355173498617,-0.5138964647352902,0.4018728445329605,-0.3862488630165246,0.4891755590863496,-0.032017470368725626,-0.38287297491088573,-0.5240044721805979,-0.38624886301651445,0.06759086320349346,0.38542158568430385,0.2668962685934032,0.3833985681994535,-0.05680891966745764,0.36046545490210846,-0.32367451188841584,0.3970006750348238,-0.19103449020393554,-0.3234318243830768,-0.42899504170116626,-0.3236745118884211,0.17263365017926774,0.34516974419951424,0.31041367215410126,0.2692175155053875,0.07808479247626392,0.2530074552376605,-0.2562133869055687,0.3541054843439691,-0.20522971724800457,-0.24635700611760902,-0.31459746323012955,-0.25621338690556894,0.10258876645303348,0.35524024871599513,0.21312138020073937,-0.1074002706867783,-0.01070474282778091,-0.1677205217692604,-0.03369006392788888,0.19272386774809996,0.05507358273110183,-0.07670729076068523,-0.16609351835123246,-0.09104957997479134,-0.2730928217252504,0.23233854524329364,-0.0961510022599515,-0.13730081038983122,-0.3747665564307193,-0.15833536253847444,-0.265902535757047,0.25602302052624903,-0.05742139800426528,-0.15356878472375105,-0.45683988836433836,-0.19551437361122836,0.15123299240080548,0.1904675970668516,0.27077273213887054,-0.08451748478123994,0.020552484779024504,-0.11272939949776808,-0.16586475055024655,0.11820354438811329,-0.09246472881016914,-0.11045572608230965,-0.2377798472645902,-0.140037583578853
acc_x_rms,0.02497577614876771,0.933085618389356,0.7296937194733434,1.0,-0.7943344558652401,0.9791518833467592,-0.03637427698623604,0.8479829124484564,0.5615908732780464,0.8628334554355258,-0.6456042784890241,0.8477989509006062,-0.1938475338607807,0.6522426327074243,0.4412744216802509,0.7244798448984451,-0.7093192454894043,0.7660872317828469,0.25704276368672196,0.5784927938621443,0.6674340768917676,0.47460840716034397,-0.23127779593044306,0.4711330553662243,0.2877641155633918,0.7837307687429954,0.7136216917195815,0.6350469352440533,-0.4229164503318971,0.5961485433739231,0.429460576769193,0.8030586411376602,0.739566701213127,0.8215536615877072,-0.3984957698442121,0.8054685310354582,-0.33353733899679844,0.811837950734224,0.22973585388196993,-0.3271951465049067,-0.6627629311886682,-0.3335373389967875,-0.014201165412805767,0.7394969174892422,0.3088635225644564,0.3896542386098441,-0.2879213951886889,0.3391889449351614,-0.45888552302022884,0.7242205559888755,-0.1374873351422418,-0.4558494442676015,-0.6337319341029575,-0.45888552302023466,0.10537432497607375,0.751844232682966,0.36999626205428526,0.353587614906286,-0.16098292299471598,0.3122394494999822,-0.23628680299348137,0.697315890803398,-0.12805699252693997,-0.21488421491750517,-0.3503765689149527,-0.2362868029934812,0.04980707821995099,0.18186764741663464,0.10002885139885156,-0.2455772272218722,-0.01971691070252933,-0.29091593018586337,0.027417777402356354,0.14571139257886762,0.08634828271277076,-0.16816544803698452,-0.05896147308220236,-0.17107529263288876,-0.3516567317803555,0.10218782447472399,-0.22336138211861545,-0.14457493537556812,-0.4163116931285681,-0.15664563819537333,-0.2495895638087412,0.20596828782143206,-0.08676776166599996,-0.17537368624963812,-0.3909813419283078,-0.20983271262224476,0.15568320631322094,0.14480823786600974,0.24822845898629747,-0.10555255431106264,0.037553337978583706,-0.12976640330178896,-0.14784272620429936,0.09191376779071582,-0.10129024841170133,-0.12432943509565572,-0.2042663964391735,-0.15405534358539866
acc_x_min,0.35379644830897705,-0.8337213736771937,-0.5680356067236448,-0.7943344558652401,1.0,-0.7398203119258538,0.40357243074458204,-0.618675212255686,-0.22998922904515318,-0.6373816908232712,0.8462658700207725,-0.63817129292362,0.37292885440758416,-0.6742735874644477,-0.47348493548285403,-0.760234457670218,0.7466884057884045,-0.7825243136475888,-0.13944438432307693,-0.44644462387208317,-0.45796428122890825,-0.365724316808256,0.22789921015864895,-0.35883322074127605,-0.24364024268686374,-0.5568493471337055,-0.5550019720065963,-0.5261931454387032,0.2780713877676663,-0.4982241542381525,-0.48648751708974447,-0.6361514440436802,-0.6768234285617337,-0.7327916003631882,0.1697742759240516,-0.7180088090002213,0.05840895601612365,-0.5556290071971365,-0.3312363731504029,0.053759061917986815,0.3242075705848901,0.058408956016116155,-0.2762456763925772,-0.6527378207657282,-0.5520273280025895,-0.5761143802377882,0.010625421501815406,-0.5351824645995609,0.6438734913156273,-0.7457111753775781,0.3549009131554029,0.641433380151143,0.7839987340887501,0.6438734913156328,-0.34609456009686884,-0.6783587641306982,-0.557043446561024,-0.17246356289879797,-0.08828136842233988,-0.13196401190038876,0.25731297648576473,-0.4537611216385916,0.1813122511464299,0.24466471589910557,0.32960408563806026,0.25731297648576446,-0.09250821140217914,-0.1873732543356524,-0.16049967369207735,0.16303342929284795,-0.051669816338246834,0.19535941718331193,-0.07788017286246567,-0.0971771871295843,-0.10162417986868308,0.19064856927061233,-0.030638060881078337,0.18740670409463941,0.25034959427950476,-0.0335990103831104,0.19320337486792308,0.07651438579024873,0.2994300334215656,0.07945001186363766,0.10908218836367255,-0.13072596545072018,-0.005912721090922356,0.11908468862080274,0.22170427008727014,0.1430472956984441,-0.09603745450744076,-0.06237030679407662,-0.17062555652867856,0.06398827762357366,-0.0541681407585603,0.07093191244718695,0.10150642733276939,-0.029971486385507187,0.07771812860043148,0.10406281404785633,0.13304245821220131,0.11322915625680768
acc_x_abs_sum,-0.011696083153748076,0.8769124249855446,0.6111978063457177,0.9791518833467592,-0.7398203119258538,1.0,-0.022806096467565484,0.7987543261870216,0.4965613949511841,0.8353662896762272,-0.599401088326474,0.8265029772104574,-0.24403652700051862,0.5063205847466619,0.2776516726328987,0.59312153265479,-0.6531752468587306,0.6648588713495177,0.2637578444892341,0.5885583397439642,0.6822804375541988,0.490233757169728,-0.22495502487413863,0.48938751799408164,0.24628374348546883,0.7812112036539953,0.6910672302268993,0.6163707178240887,-0.4342383258755784,0.5737747929792723,0.5043940311774932,0.7997774456638626,0.7666880131755656,0.8474357873612074,-0.3367774023492217,0.8363146716823463,-0.3179240080569766,0.8562748027006111,0.26894984632569163,-0.31092733709747866,-0.6809286431200855,-0.3179240080569665,-0.1055846531529088,0.7819249423988072,0.235370155906165,0.2921537922105453,-0.3839916121352043,0.23757826772321347,-0.3848118110097555,0.7180432626533491,-0.05571863073257341,-0.38124619296042767,-0.5769165673872937,-0.384811811009761,0.014168351392316586,0.7886821676065386,0.30133020689860146,0.36012871997628826,-0.26279068280310136,0.3154691024829237,-0.19155358497169775,0.7303891569391752,-0.08168879625920183,-0.1697914521368997,-0.31589695466679113,-0.1915535849716974,0.03180232624837273,0.11777853914074214,0.05794793564452399,-0.2550418170326865,-0.023427742656033444,-0.29216690531583456,0.03429817403215073,0.12160367390901959,0.08125136670730612,-0.16842069889712896,-0.03463485532852196,-0.1690141202796925,-0.335597268182238,0.059744065500010914,-0.23045339527638292,-0.13208299695402664,-0.38356190943364316,-0.14090325460056316,-0.22414932274794516,0.1794242797491744,-0.08748745616088874,-0.16000799266659282,-0.34109100796242253,-0.18983716267542225,0.14448281586177372,0.11856038407284242,0.21994603917997504,-0.10176368131668836,0.03857868587657736,-0.12258346814308999,-0.13173568106788083,0.08410058124893918,-0.09428693345677545,-0.1114105165653622,-0.183164144197592,-0.1402839453362696
acc_y_mean,0.7539851033436294,-0.030371872248472345,0.20751108916182928,-0.03637427698623604,0.40357243074458204,-0.022806096467565484,1.0,0.23370923020195064,0.649398369311887,0.030758218577256753,0.688376348147535,-0.03571440584624283,0.7015849671796273,-0.12107268442958653,0.016699662301574856,-0.25341769870198566,0.4413571360218907,-0.30185553884063043,0.2888688855722367,0.06657867796701636,0.2833035448318091,0.1378884449284769,0.13025089069663015,0.14343336355678307,-0.24340893649641668,0.24802925012750696,-0.02588311455152265,0.037022968093011116,-0.39793859435795575,0.02708093692706784,-0.6236238906339913,-0.07074038742796206,-0.42571558804815707,-0.25021446323039664,-0.5885992929442431,-0.24510407303800907,-0.30853915918836095,0.11239492337531397,-0.22522619544240768,-0.3081196474744379,-0.2915789299262209,-0.3085391591883606,-0.6831137686515444,-0.20661825723938754,-0.7253869350848032,-0.483525292461747,-0.4840209018414119,-0.4705929783741391,0.44815475151852263,-0.3317988317598969,0.3500460003873159,0.44644691135482856,0.44822221451358657,0.4481547515185229,-0.4949425380691852,-0.25240328711597754,-0.5121643365252179,0.19378215618871936,-0.3599954176263987,0.21402687757757316,0.02199807874648289,0.08833675175539463,0.02932670509078445,0.02554151999444621,0.005521424963453404,0.021998078746482973,-0.1053846338969388,0.3166081566132117,-0.024821633415346777,0.21038141912100977,-0.2650178281303304,0.17355891494384995,0.04660017018979465,0.40042252446729326,0.19499368864141897,0.15089993243540656,-0.1654337397333668,0.10005830873144592,0.18524351125572994,0.3689990041658868,0.32461032316585153,0.15028578025246409,0.0668640692064319,0.11979765332838793,0.04168505005383719,0.4335414898821658,0.2317274881935051,0.2717431262110609,-0.1962337383180858,0.23844346031687005,-0.19419646793039005,0.45120493442039816,-0.048537534761474044,0.2536303848570201,-0.349725340759752,0.21310283925594156,-0.01373360623654336,0.43052282357050603,0.1560856716663591,0.24536554104894798,-0.2150313571133416,0.1990331736493265
acc_y_std,0.2947233680196662,0.8793440685830822,0.8139810033539047,0.8479829124484564,-0.618675212255686,0.7987543261870216,0.23370923020195064,1.0,0.8333563117026036,0.8657619442840437,-0.5028498591587952,0.8175788179704633,0.10124728992640726,0.696283763323547,0.53080147408429,0.6886487908102548,-0.6049233688424184,0.6903213026060397,0.3768761033799222,0.6272402878101258,0.7936840176679427,0.5375538962916855,-0.19592329784641932,0.5345055207162587,0.2420593180971085,0.8143531182158578,0.7255187341456116,0.7196648728844309,-0.46951690115610734,0.6969523428048574,0.17443672511896274,0.7273224721133202,0.5434781184563727,0.7257610054216146,-0.5991715040210902,0.7157404903328092,-0.3724955569795249,0.7465480068721235,0.14726529759333765,-0.36709069438510916,-0.6743295148208092,-0.37249555697951087,-0.18454226183185746,0.6904998518001819,0.13845501639207833,0.2812787263131347,-0.4044806527369752,0.23486151492162274,-0.3229661880722113,0.6067712901422975,-0.06005812742675843,-0.32121576083633346,-0.5047484742715539,-0.32296618807221616,0.03837203847359484,0.6551947186678452,0.28909538009860936,0.3600428706339961,-0.1827681872165751,0.3243853666128541,-0.3012965395575103,0.6498798638063602,-0.19737333005606808,-0.28211227151368173,-0.40726353234288803,-0.3012965395575101,0.043221760422869,0.34382826997345073,0.14534219045009447,-0.1071931663313502,-0.07937569672411325,-0.16377981505428363,0.04282616695287572,0.3600271405579487,0.18321808260268238,-0.13901513666663598,-0.15826417391640232,-0.16342975614650426,-0.2652491434686073,0.3373185747190186,-0.07070137936979211,-0.05239692663779642,-0.4261201817714515,-0.08362148491193602,-0.23006663870909858,0.44259371530827357,0.039096931668851274,-0.07318679681850797,-0.5053543167252208,-0.12610102736013334,0.07928291328658642,0.37643043781617086,0.27950160275224484,0.010196616833826942,-0.094672771664994,-0.034166451287335635,-0.20670483501246203,0.3098232428815468,-0.051386770114089014,-0.031454443176772734,-0.34350383237422677,-0.07521343080103617
acc_y_max,0.6121341459031915,0.6136838192466841,0.7873610687419185,0.5615908732780464,-0.22998922904515318,0.4965613949511841,0.649398369311887,0.8333563117026036,1.0,0.5842423001265321,-0.00570306504122597,0.5059505116656535,0.5299067312161909,0.5707296311452641,0.5708811082897639,0.4593995418900299,-0.21251364642487144,0.38173700914812464,0.3830632891496573,0.4358586290506098,0.6576096265624674,0.3948081934487534,-0.07153104803762007,0.3929069170806723,0.019983359066042983,0.6346346307667534,0.4341763594458124,0.47434981647200203,-0.53096059724893,0.4564683481322991,-0.2789745853835134,0.4036842980808388,0.08531935168954355,0.30720915193338116,-0.7355436286769099,0.30491885524482293,-0.4164723970535508,0.4713162438910463,-0.07243845320152398,-0.4135192541955364,-0.557219900017637,-0.41647239705354033,-0.3830506361440578,0.31184539431513275,-0.20577188878788777,0.012970553105491169,-0.42053622911306443,-0.007524065090213834,-0.009966723433932165,0.25144683544255003,0.11405018707071375,-0.009744557369134465,-0.13562502312912886,-0.009966723433935242,-0.1347971770112353,0.25725323689342144,0.0006632470067067684,0.3011131457645538,-0.1932056012805137,0.2924958001714199,-0.24090698773177846,0.39879850479124485,-0.1802865352184763,-0.22866572476954128,-0.30465322555744434,-0.2409069877317782,-0.010705817590350738,0.4338331910275769,0.12372996748304418,0.04456252757113742,-0.17947372588100377,-0.016097125897810004,0.06655533295094677,0.4839484633333122,0.2401057733113001,-0.0005207551465251774,-0.2041066025222676,-0.04539547364237665,-0.07812443977015777,0.46066220392090024,0.13827956076601428,0.043706389566026835,-0.27076219210405705,0.004165343752204508,-0.147195379268972,0.5582832169576777,0.14646727501870108,0.09370906776055052,-0.4899837071511607,0.03661841293420166,-0.06187955333472543,0.49274520427629437,0.16292458213203403,0.15603856916347045,-0.24762883986141312,0.10646739546118833,-0.14679778231130816,0.4488347290839259,0.05204467832063206,0.10833453734357819,-0.3499075164969501,0.05600556383722389
acc_y_rms,0.0676453938465963,0.7817995487588354,0.6086733915910607,0.8628334554355258,-0.6373816908232712,0.8353662896762272,0.030758218577256753,0.8657619442840437,0.5842423001265321,1.0,-0.5811302496348668,0.9940915612388166,-0.2550623763439508,0.620203254169177,0.33814505720703186,0.7279343420521265,-0.7945191904897273,0.8221012443636138,0.2961340703617862,0.6279223826603854,0.7510096109710975,0.5246156150738837,-0.2316375354916874,0.5210944032214949,0.39497221647202757,0.884324671424802,0.8532100008297357,0.8217126231094661,-0.40735319924030394,0.7931813804577343,0.31146641265093955,0.8679145392934141,0.7117120801569428,0.8510737627601587,-0.5515790620820638,0.8269126309938549,-0.31645010061865636,0.7777900382860365,0.2244142145768326,-0.3113701889813546,-0.6422401088001372,-0.3164501006186424,-0.11449873541417468,0.7159124051804682,0.18136596348949008,0.3760960081536178,-0.3857387929457407,0.3265021254159124,-0.4761745141459321,0.7187399866653206,-0.1304143990246593,-0.4736330953637776,-0.6212815540217538,-0.4761745141459367,0.09612830328957322,0.7771848777067388,0.34755934126511145,0.38503151980674966,-0.2033052139860643,0.34393316281457537,-0.28828120919986344,0.8246504898617321,-0.14531205372891404,-0.25972862709802413,-0.40789635909111865,-0.2882812091998632,-0.017246492216255405,0.234826763239253,0.05075559226881934,-0.22759486606765486,-0.11494263591474058,-0.28019983660577624,0.0530028939411668,0.2848358444916763,0.16745847094088734,-0.18569848933820043,-0.09639072465246588,-0.2004227723881792,-0.34998353557532497,0.2327317175018368,-0.1717492266595339,-0.11037777120788357,-0.46497761864819454,-0.134870617662414,-0.25970408726965555,0.3504544017546834,-0.02277878144283714,-0.13763221918470656,-0.47114752033714863,-0.18340808759486554,0.10004128034741741,0.3310119989364974,0.2637783955936023,-0.0319166607019663,-0.07748637114117565,-0.07577346983649232,-0.1859925835039126,0.2355674943580309,-0.06704285883146789,-0.07717801195243808,-0.2894977656351467,-0.11968923947321292
acc_y_min,0.41056035371231736,-0.6746341433333543,-0.41155910851317157,-0.6456042784890241,0.8462658700207725,-0.599401088326474,0.688376348147535,-0.5028498591587952,-0.00570306504122597,-0.5811302496348668,1.0,-0.60665434436864,0.5522186635596243,-0.6061433278637632,-0.3693530627136318,-0.7144188354466887,0.8157714559354793,-0.756978469493894,-0.0318305934623871,-0.37481615088729026,-0.3183655901357356,-0.27568556972519714,0.2351198664358826,-0.2710446665626234,-0.4117226193957077,-0.385782200524019,-0.5626927518410677,-0.4924784520611239,-0.015168435566253904,-0.48344701779177635,-0.6577993568824321,-0.612185566117341,-0.7761138078102592,-0.731892487358484,-0.05035974390314562,-0.7171160868009124,0.009414718742028915,-0.4570098084913584,-0.3079623326365136,0.005734651901100953,0.23567673397229175,0.009414718742019074,-0.4707107220195217,-0.6612447210759719,-0.7387959624449028,-0.6407186051409822,-0.1484768668901895,-0.5990084033105151,0.6504312981897249,-0.6984464770182844,0.39229932241792254,0.6481104133290061,0.7588470844252777,0.6504312981897298,-0.4559664585273274,-0.6732174951784444,-0.6490600001367468,-0.10812537922992795,-0.19029760810420993,-0.06641150204059895,0.231071567026298,-0.3854370413479254,0.16578637191491372,0.2214706349479598,0.29501266827705996,0.23107156702629766,-0.13865111960733034,-0.00120200471898514,-0.14747130050815885,0.24643832720163725,-0.1757998135914305,0.2582643394946291,0.011826355595528434,0.11823230298526875,0.05089929521466642,0.23970546738764717,-0.04056331420952428,0.21286729579716823,0.34313258071226044,0.11978369607333206,0.33772540409769,0.16494984104750418,0.337355739602386,0.15626218877237988,0.17497063154524245,0.08641329524123993,0.16052303240617874,0.2776115911240648,0.15760168021012683,0.284439490878502,-0.2288311037202765,0.14401663810628293,-0.23306336055973667,0.2149769274560691,-0.24238331910596284,0.20762651882089625,0.13776892106922786,0.16790165583283007,0.18482292072474096,0.23351450067620486,0.06729552908705039,0.22627460328928595
acc_y_abs_sum,0.012145975938068408,0.7538904049740972,0.5545752128880141,0.8477989509006062,-0.63817129292362,0.8265029772104574,-0.03571440584624283,0.8175788179704633,0.5059505116656535,0.9940915612388166,-0.60665434436864,1.0,-0.3331974138083034,0.5921278942222453,0.29360091794856596,0.7175008292715865,-0.8184792814867579,0.8271338896201663,0.2729442604895065,0.6136498978371858,0.7203940935773417,0.512504207322884,-0.2359944818612212,0.5098054915557398,0.4276956346340655,0.8704658825895818,0.8615439086736268,0.8206598542797502,-0.3710072945134408,0.7917780027040487,0.353403557225882,0.8764382825418768,0.7439200540214342,0.8630484121989669,-0.5075121864475372,0.8372450533008566,-0.2917199142369183,0.772211708136664,0.24478308582046365,-0.2866461493943432,-0.6170176923606157,-0.2917199142369043,-0.08218083534274648,0.7172814825217415,0.20839070307676202,0.3979356033029823,-0.3616856896897762,0.3485110618660108,-0.5048807752434687,0.7321525994947994,-0.15293317584200644,-0.5022332520519556,-0.6421388909052843,-0.5048807752434727,0.11573808930093742,0.7930034696362723,0.366085129402291,0.3769546376398693,-0.19305724458456494,0.33459218945936803,-0.2768796637554953,0.8336534741217259,-0.1319473769568559,-0.24783687557334583,-0.3969177268406894,-0.27687966375549466,-0.017365799822419543,0.19952103034911983,0.0374901758496147,-0.2530713407346764,-0.10341197067562301,-0.302972644672265,0.04763223317540523,0.2367176676869636,0.14513197260128427,-0.19630589771535079,-0.07744694042730879,-0.2063725681821909,-0.3649403516273562,0.18499670109928773,-0.20092721068449357,-0.12469876614770606,-0.4589073212745043,-0.14500897572233915,-0.25988815858962566,0.2989787242638612,-0.04614122443076051,-0.15764377177070923,-0.44227775783699363,-0.19956389456722945,0.11603412659597351,0.2858303708170196,0.25833221763796693,-0.05510237656876386,-0.051811540987393816,-0.09527037002687702,-0.18100688746361304,0.1920364553022448,-0.0809848393510313,-0.09349257795154968,-0.266236322383555,-0.13313787276328462
acc_z_mean,0.6446521097126212,-0.08636893808852537,0.31041702987709596,-0.1938475338607807,0.37292885440758416,-0.24403652700051862,0.7015849671796273,0.10124728992640726,0.5299067312161909,-0.2550623763439508,0.5522186635596243,-0.3331974138083034,1.0,0.08029357522779877,0.37091512487769124,-0.16185671533667564,0.5934573544458167,-0.3545240734710761,0.08429052815142803,-0.09408308246095337,-0.010567061103857984,-0.11454240165191852,0.10608511670413072,-0.12308937462088104,-0.425617624077072,-0.056273846227454884,-0.32330662076643146,-0.2343690836591722,-0.3027232161392462,-0.23201011805200591,-0.5992513713353943,-0.46123506340931114,-0.6360798147094399,-0.4424287363629171,-0.22936702014354238,-0.4132389473706162,-0.20469932222197995,-0.19437715686279874,-0.3632942343897222,-0.20644794970204203,-0.07624215454148449,-0.20469932222198028,-0.3181272063366918,-0.306285061666196,-0.4072225748381373,-0.39167620488165866,-0.12855955474930703,-0.3733672342496673,0.5523726121964103,-0.43515564889798536,0.35533098894405024,0.5504194684353002,0.5343114168611565,0.5523726121964097,-0.2410660138992367,-0.3936295127507347,-0.32243245612139143,-0.05206608084971149,-0.05314680639539593,-0.02602839412100379,-0.010695501472610431,-0.252244564040538,-0.058760145264250864,-0.019675487825981892,0.027295860943765602,-0.010695501472610497,-0.027312926577158208,0.3321465020156575,0.0776810828610621,0.32237414671074655,-0.15062028973345873,0.2957282738258516,0.060049733835257475,0.3518364891206567,0.17486632020162995,0.1621602690122677,-0.14020941759166375,0.1163089132891629,0.2906680543886405,0.36480471431678757,0.37811468061849635,0.1986708075930521,0.15171918718403213,0.17484593018396788,0.1308353064925633,0.3649098198709446,0.2706126278947667,0.2920567579027976,-0.09478902531663465,0.26856860570189695,-0.21421457500992044,0.3570276124780531,-0.07351554458625482,0.266542170597765,-0.2917437605994735,0.24160392635954098,0.04270748637570081,0.35313218203934493,0.18307597396059466,0.22129430222121035,-0.12789511460860833,0.19810751306987584
acc_z_std,0.10152049213383034,0.7273886275638416,0.8559552084424098,0.6522426327074243,-0.6742735874644477,0.5063205847466619,-0.12107268442958653,0.696283763323547,0.5707296311452641,0.620203254169177,-0.6061433278637632,0.5921278942222453,0.08029357522779877,1.0,0.9234934331518518,0.9534268996814766,-0.6806614294171502,0.8481303677165422,0.17353952109324652,0.3502514932631785,0.42344805227343857,0.2639103983895013,-0.15058684253424887,0.25669233286799265,0.25586198608502686,0.5042900152569652,0.4955029878593681,0.47474509686695887,-0.2961351791071125,0.46010704109100264,0.019989614658081366,0.46308281579586424,0.35122807792541727,0.43364390142429265,-0.42568274343365275,0.4200696665104286,-0.24151775313300924,0.30857763853318926,-0.0068853123303447535,-0.24038139287424745,-0.318134568006907,-0.24151775313299736,0.30487181202613206,0.3495357609621955,0.459592236776699,0.5950734676403109,0.13806619978917192,0.5751042611925353,-0.5207591056469824,0.5564441517688103,-0.31435893873561555,-0.5198037318350833,-0.6143651669895935,-0.5207591056469879,0.4180091016866855,0.376289389824303,0.5194332866561078,0.16724207762539758,0.28235877707400353,0.15116695687406553,-0.32249880401282055,0.30701304175460403,-0.2689833378728328,-0.31217751751240885,-0.36021911864918876,-0.3224988040128201,0.08293293669472701,0.3398073806157103,0.21000987140662408,-0.08984227229197136,-0.010472745769002008,-0.14398434048962375,0.02936830950367448,0.21457784590855977,0.10492994566070495,-0.13112193208221196,-0.11981265528656747,-0.14201044561957113,-0.2502402294354847,0.22971565968404928,-0.09690764242431416,-0.10303840725003179,-0.3734763557456817,-0.12015370674948216,-0.20072415418945022,0.26127417261886704,-0.008305525284983602,-0.1193062825075783,-0.42029774973637135,-0.1615521280549885,0.10387302742212645,0.17992245062450646,0.24081101208251224,-0.04845992036416778,0.008105762507163073,-0.07011376126590338,-0.1104624801537989,0.1430067246903093,-0.03399999442565812,-0.12543124848601522,-0.20086562937973257,-0.15144257336827305
acc_z_max,0.25629443080819864,0.5661323905587717,0.8501964973061968,0.4412744216802509,-0.47348493548285403,0.2776516726328987,0.016699662301574856,0.53080147408429,0.5708811082897639,0.33814505720703186,-0.3693530627136318,0.29360091794856596,0.37091512487769124,0.9234934331518518,1.0,0.7895221305907489,-0.3660564726653784,0.6028193250735289,0.1302832947298359,0.1712220830137854,0.23894170934089592,0.10823449813196294,-0.06177109865940248,0.09989332738788789,0.11226667283881785,0.28233682998261106,0.2411552068734477,0.22000024715919317,-0.2452645323700226,0.21138724079284157,-0.1867352336358735,0.17763776134314685,0.06363043477540334,0.1296800039822508,-0.35445353317088996,0.12528293931141812,-0.23008322894891278,0.0838145680265298,-0.14947415518355164,-0.23055305400852935,-0.19008534233268706,-0.23008322894890423,0.30854977635690406,0.09424831403209948,0.3670617182014055,0.4742631414739377,0.25090053412598795,0.4720535937949668,-0.3268363527054324,0.28619510369394346,-0.25518723242005037,-0.32718772645426003,-0.3773099146922938,-0.3268363527054366,0.3751362349734046,0.0929616655080453,0.39262238459455456,0.07199701152067445,0.3577754937848653,0.07236295606324442,-0.2571037229443872,0.05490126679912941,-0.2490469080162055,-0.25560576737880986,-0.25823265391389383,-0.25710372294438716,0.10244616951933357,0.35481991251073197,0.234295362444164,-0.0027632016164331106,0.00895480894740389,-0.05338128034551724,0.005289776316686041,0.17910648046303154,0.06941090259763792,-0.04518383638018625,-0.13173616668947824,-0.05835460059287888,-0.1476085721076912,0.22046840552947308,-0.013722107909441792,-0.07837082285634232,-0.2547974347464444,-0.0928583656811335,-0.14639670450719414,0.21391123115780108,0.014623512389583388,-0.06964034533355017,-0.342350118201568,-0.1063727188868794,0.0795710757752606,0.12865472908506972,0.18540343267570092,-0.03146923243636278,0.01113686733837656,-0.04603643283232069,-0.0638884930882586,0.10896679822798908,-0.004278556383075312,-0.09122319413515695,-0.14437394374894716,-0.10966736590659207
acc_z_rms,-0.061716968954762766,0.7532432060894368,0.7574330751900091,0.7244798448984451,-0.760234457670218,0.59312153265479,-0.25341769870198566,0.6886487908102548,0.4593995418900299,0.7279343420521265,-0.7144188354466887,0.7175008292715865,-0.16185671533667564,0.9534268996814766,0.7895221305907489,1.0,-0.8274650734206125,0.9605899738262281,0.13446587587238112,0.39566883992028995,0.434003980517611,0.29638391194807906,-0.20049252492010086,0.28807353910915984,0.33384335400036214,0.5610554259893412,0.5863940399273017,0.5626373524408903,-0.26807816127154904,0.545829356281662,0.14562119498044898,0.6102230766736078,0.5016334119518009,0.5638461319386359,-0.426279153059796,0.5371210129737484,-0.21164518895320034,0.3878150840868249,0.08099336765452472,-0.20996003312373415,-0.33210936332636637,-0.21164518895318804,0.345895294973962,0.4268516629665484,0.5181954729067085,0.6611801351389514,0.12846063853590192,0.6361344535302459,-0.6382110599900461,0.6616015161589135,-0.36469203578878917,-0.6367876135147387,-0.724995249379174,-0.638211059990052,0.4562852641614944,0.4851840077314992,0.5761036511771022,0.19339937577270694,0.2606507299380077,0.170678670283616,-0.33728720166005344,0.4012030029788709,-0.26063839974827335,-0.32218460774784247,-0.38327798787405637,-0.3372872016600528,0.06428766795480269,0.281047476392379,0.17319391674828494,-0.15491169042442993,-0.010917943152032612,-0.20473720555400593,0.04347425986341859,0.19690919887278058,0.11283248435843317,-0.16837156647118778,-0.0855999636252514,-0.17460644990718752,-0.29923096449599607,0.1924117080285014,-0.15604989813264905,-0.12352432181538103,-0.41424615331864595,-0.13939204742091726,-0.22076694072821357,0.23779358528230465,-0.03881223989962601,-0.1555674167937412,-0.4168743355181072,-0.19457299613686424,0.11300218238604938,0.17541977169784895,0.2455335613039282,-0.06407530086495282,0.016395236144030306,-0.08682853820301922,-0.11299515160904279,0.11653184041896325,-0.05007567247314824,-0.14918345958162307,-0.1867690893673799,-0.17330614320581916
acc_z_min,0.3117417437702478,-0.6620820637637356,-0.4466509331908926,-0.7093192454894043,0.7466884057884045,-0.6531752468587306,0.4413571360218907,-0.6049233688424184,-0.21251364642487144,-0.7945191904897273,0.8157714559354793,-0.8184792814867579,0.5934573544458167,-0.6806614294171502,-0.3660564726653784,-0.8274650734206125,1.0,-0.9208150835943703,-0.12654460248074945,-0.44958508837778083,-0.47435362638973383,-0.36575706831825594,0.22883979825633066,-0.3649159978471841,-0.4513231378197114,-0.5850159485742816,-0.7020255793328813,-0.6472600115761151,0.1469730780254153,-0.63082099691079,-0.4220868612786374,-0.7417737612406242,-0.7273166134473641,-0.7539830897876916,0.275109068750769,-0.7274148249583454,0.10136243755047378,-0.5061076714462184,-0.2598227383388519,0.09830928133012003,0.32587101789183465,0.1013624375504622,-0.29447877849925197,-0.609000526401023,-0.5288078128776593,-0.6323433388168587,-0.0032309184486988955,-0.5934308838736236,0.7182594940817666,-0.7978739894529506,0.3680602334899333,0.7154155500230605,0.8233891652872714,0.7182594940817705,-0.3819661369674985,-0.6860512708973157,-0.566394997239696,-0.2320044897721044,-0.09983272553302582,-0.1947455783749384,0.2713399537321738,-0.5654163547662581,0.16831019070224784,0.2514505575004629,0.3478790212048187,0.2713399537321733,-0.037698624327780754,-0.10991256938715614,-0.08345668062411825,0.24809752085881973,-0.0122481757517966,0.2798789537451093,-0.01965858343271819,-0.060216798900406696,-0.05182928037366136,0.22309774210026947,0.011826962169068115,0.212953072804203,0.36317898199661985,-0.057796125578621994,0.2611572942067845,0.15333143933977114,0.41347938013282753,0.16214353447732538,0.23628609257052843,-0.10873610949701552,0.11412236377815557,0.22245767993030696,0.3187276275962326,0.24770559431319414,-0.1567624266467277,-0.0741525813323006,-0.23014242508905636,0.1270595395787576,-0.08150577022663494,0.1434018277273474,0.14597143569872287,-0.014056340625142404,0.1178684575164907,0.18911876552925466,0.15074343452997874,0.20634866624948492
acc_z_abs_sum,-0.1585006690430961,0.7489039922263576,0.6393253172785703,0.7660872317828469,-0.7825243136475888,0.6648588713495177,-0.30185553884063043,0.6903213026060397,0.38173700914812464,0.8221012443636138,-0.756978469493894,0.8271338896201663,-0.3545240734710761,0.8481303677165422,0.6028193250735289,0.9605899738262281,-0.9208150835943703,1.0,0.1226640509011001,0.45049147784619176,0.47436085517993404,0.3463520360118265,-0.23812451834168905,0.33832997173815904,0.3731011702187754,0.6435042412010925,0.6758039666642883,0.6475584146722623,-0.2802937271052492,0.6267749540540895,0.23705185134235648,0.7243991442404708,0.6114860789827727,0.6734034290234345,-0.4396734109946169,0.6395706852853272,-0.19742619795503014,0.4884073692250491,0.1616055636397285,-0.19489641420154777,-0.37703685810703647,-0.19742619795501795,0.2967366184708059,0.5094209437793396,0.49454650797722777,0.6457266814208358,0.045280163112133516,0.6145974644125731,-0.6872206127140827,0.7348431605722642,-0.36468647359364653,-0.6852934018619947,-0.7777086960131908,-0.6872206127140882,0.41731410977257427,0.5880657227126115,0.5653555106018915,0.23987594687088573,0.1719969746178584,0.2108267028025981,-0.33122605160829294,0.5143775128274244,-0.2318291765837033,-0.31156878590650605,-0.3923877312852932,-0.3312260516082928,0.02795932815931355,0.2305544458363158,0.11791350664869699,-0.19158467828597814,-0.03665297204298318,-0.237607155556741,0.054386133936846416,0.20233347976562419,0.12655525275369728,-0.19425433800444605,-0.06762756473523795,-0.19968000551294532,-0.3191517875296165,0.18461297481096992,-0.17754037002702144,-0.11696725976255852,-0.4287192631701544,-0.13334429205395373,-0.22014936813677957,0.2456628999573596,-0.03500612203834626,-0.15677888733613024,-0.40688683776188384,-0.19420848297080334,0.10597589434938236,0.20566086894374339,0.24450331050385463,-0.057742959137407575,-0.0031855012176686247,-0.08473335221418227,-0.12903892931111,0.13062164121576522,-0.058321763559336555,-0.1387286416431842,-0.20115837069534187,-0.16472419037043756
gyro_x_mean,0.2290697567536618,0.2941471559387013,0.28108083484282437,0.25704276368672196,-0.13944438432307693,0.2637578444892341,0.2888688855722367,0.3768761033799222,0.3830632891496573,0.2961340703617862,-0.0318305934623871,0.2729442604895065,0.08429052815142803,0.17353952109324652,0.1302832947298359,0.13446587587238112,-0.12654460248074945,0.1226640509011001,1.0,-0.16062785120293332,0.608839414751433,-0.21287453945716944,0.7106251592432921,-0.1971693231743309,0.05852586342744776,0.27917176768376506,0.21931524258806437,0.25408848781089804,-0.19688834829476098,0.2481644433413737,-0.04665033548194319,0.315976895060811,0.1644096313319979,0.2845053825368805,-0.381429884127402,0.2894875490362776,-0.4336862574792984,0.3475218098886815,-0.1857204039439734,-0.4320703374009374,-0.4789067540368824,-0.43368625747928957,-0.3081168483093143,0.19844172006958932,-0.1854167568370933,0.055014533812722935,-0.3168219431185404,0.043586918764244545,0.03883182624232572,0.19297127752664703,0.1547751790212826,0.03978632595768832,-0.07084850546936824,0.038831826242321475,-0.23332591086965174,0.1701751866418675,-0.12020600062115645,0.2834075560060384,-0.2618487811008336,0.2748383821072522,0.02698545777080692,0.21698325212069092,0.047521250537748166,0.03345845910026138,-0.02228914264317304,0.026985457770806878,0.0172584359772499,0.07372133142954185,0.02191316242086874,-0.038074090081316514,-0.030657529647750613,-0.05321163790022317,0.2168608337141803,0.12792556254293674,0.22747878717559414,-0.354522541573958,0.19362016765581894,-0.356049383228106,-0.023648118447692254,0.00675115235704455,-0.009242906385184064,0.05537028836168587,-0.02279779651607319,0.060736110911979134,0.11214291200981119,0.1496112127755977,0.15826795919450198,-0.04543053409015618,0.004700668865698509,-0.07490870003445972,-0.052991306257506414,0.1345015799554854,-0.02458775233169289,0.07248254610541542,-0.12168058572435635,0.05901461131534864,0.3125406133567196,-0.017047954556993594,0.2793216016595458,-0.21549379679199096,0.28533078557609065,-0.23293670042073958
