,acc_x_mean,acc_x_std,acc_x_max,acc_x_rms,acc_x_min,acc_x_abs_sum,acc_y_mean,acc_y_std,acc_y_max,acc_y_rms,acc_y_min,acc_y_abs_sum,acc_z_mean,acc_z_std,acc_z_max,acc_z_rms,acc_z_min,acc_z_abs_sum,gyro_x_mean,gyro_x_std,gyro_x_max,gyro_x_rms,gyro_x_min,gyro_x_abs_sum,gyro_y_mean,gyro_y_std,gyro_y_max,gyro_y_rms,gyro_y_min,gyro_y_abs_sum,gyro_z_mean,gyro_z_std,gyro_z_max,gyro_z_rms,gyro_z_min,gyro_z_abs_sum,quat_w_mean,quat_w_std,quat_w_max,quat_w_rms,quat_w_min,quat_w_abs_sum,quat_x_mean,quat_x_std,quat_x_max,quat_x_rms,quat_x_min,quat_x_abs_sum,quat_y_mean,quat_y_std,quat_y_max,quat_y_rms,quat_y_min,quat_y_abs_sum,quat_z_mean,quat_z_std,quat_z_max,quat_z_rms,quat_z_min,quat_z_abs_sum,encoder_angle_mean,encoder_angle_std,encoder_angle_max,encoder_angle_rms,encoder_angle_min,encoder_angle_abs_sum,grf_x_mean,grf_x_std,grf_x_max,grf_x_rms,grf_x_min,grf_x_abs_sum,grf_y_mean,grf_y_std,grf_y_max,grf_y_rms,grf_y_min,grf_y_abs_sum,grf_z_mean,grf_z_std,grf_z_max,grf_z_rms,grf_z_min,grf_z_abs_sum,grt_x_mean,grt_x_std,grt_x_max,grt_x_rms,grt_x_min,grt_x_abs_sum,grt_y_mean,grt_y_std,grt_y_max,grt_y_rms,grt_y_min,grt_y_abs_sum,grt_z_mean,grt_z_std,grt_z_max,grt_z_rms,grt_z_min,grt_z_abs_sum
acc_x_mean,1.0,0.010650041386604284,0.3999928799534154,-0.0690132802784197,0.5804120187150417,-0.10966124346396133,0.886241649850609,0.16342621957198636,0.6171513621275394,-0.052670875186915836,0.5802063048913128,-0.10995457717091069,0.5664519641654218,-0.023312121211495136,0.09794517028250967,-0.11033813598073546,0.21248839698514735,-0.19549760750735432,0.33429493541233807,0.02885312658596136,0.21049050360244564,0.06694145776127476,0.20137217923458559,0.06033304879977611,-0.16143860417781375,0.1550788114571316,-0.02108298715375746,0.016819216043457548,-0.24588287961922214,-0.016575164038884458,-0.5649947706159397,-0.15624450619248906,-0.3925915185613647,-0.33638579223586373,-0.5598359915345182,-0.31547065528619345,-0.3758942806017672,0.06829939231113219,-0.3670615850367835,-0.3767907782508656,-0.27629051316926234,-0.37589428060176444,-0.4093770988824966,-0.27939732111854954,-0.47388916867254544,-0.3624008555757637,-0.2235300806122869,-0.3331821500531129,0.38227920716729685,-0.43109941008891656,0.24641222805797233,0.3798178371606726,0.4277561304977043,0.38227920716729313,-0.39058475368070633,-0.3582914992014581,-0.4881911479937678,0.3037681996784311,-0.1838013471613938,0.33844111163129637,0.10808952213435283,-0.10300518079207037,0.037583223246814026,0.0983807489556941,0.11893776898393037,0.10808952213435273,-0.08331950170272581,0.26652998501180886,-0.04110308662775207,0.11287777920876274,-0.1665774891219344,0.08944122658291227,-0.04738944118311538,0.2698458248405082,0.06931853128445557,0.15039362722491398,-0.19603805514788045,0.11613977646099684,0.08694234712972028,0.32515571860512205,0.2281771066616125,0.04619560657810871,-0.006231057273109443,0.020659536625255135,-0.04417271084991413,0.31951745347439386,0.09960099146252528,0.11712613466395695,-0.20936765906445987,0.08475094413750732,-0.05283731390748842,0.2881169346679661,0.05669653908889613,0.12213603043807733,-0.16539048459691766,0.0934413819489716,-0.024477201859541466,0.3084915188014274,0.12609268350111794,0.14885631519633777,-0.1652495321573293,0.110312947949724
acc_x_std,0.010650041386604284,1.0,0.8144818070251382,0.9075836456890205,-0.6871618626179274,0.7995069871902789,-0.11040703005227527,0.8545721259413311,0.6090049505284539,0.7367315175327688,-0.5611191933817833,0.669408658213934,0.006487434715897805,0.8136904416193416,0.7247462251664837,0.8338944466447985,-0.698508898379298,0.8175828507733388,0.10419153251410422,0.5116236451041501,0.5013777141530182,0.4145526983198059,-0.34596656476128546,0.38759191874474497,0.264195292808941,0.6078614372918693,0.6290535274499273,0.5742054666007155,-0.3125607257525522,0.5569318750803165,0.30669166741418435,0.5881359588093531,0.5355440111782673,0.5405214624422258,-0.2557934703574399,0.5145713475862287,-0.01794932223273621,0.4109166182976385,0.16740973623823643,-0.01456370221273701,-0.15937746786828552,-0.017949322232736178,0.08133797839516374,0.4766475834677452,0.2740658515099237,0.31324827879716577,-0.0687584803047002,0.27223372553316705,-0.5140533542297147,0.5728295313809155,-0.3701537646398196,-0.5128754934506127,-0.6194823159041224,-0.5140533542297103,0.049831892067063455,0.4666446974263882,0.24252908669016585,0.1006907467494665,-0.09861332527738638,0.0728666586871872,0.07345868773608524,0.39883656027341324,0.1740983817838737,0.0957618486780155,-0.05049792422601009,0.0734586877360854,0.10119309879844342,0.009391458615026941,0.12683581251306095,-0.26847869471295777,0.09566933499605418,-0.2844538832722666,-0.17596523984044143,0.060787401799493566,-0.12072018310029245,0.012850432224916553,-0.2485539169965249,0.010323432502767248,-0.5503065794598156,0.013945118836351427,-0.44694674662304634,-0.46501881793699174,-0.5843388501757025,-0.47330922416473903,-0.40579726354217815,0.11810236538291627,-0.2717811122383111,-0.3889644960258555,-0.5274904609127785,-0.42350196605933216,0.2625250912126198,0.006038000559312112,0.3075644917662389,-0.22669658761231504,0.18682249007633006,-0.24572225493778738,-0.28409890267291593,-0.0722609358989647,-0.24414792386675596,-0.41246832336643124,-0.23489765728735912,-0.4326847617315687
acc_x_max,0.3999928799534154,0.8144818070251382,1.0,0.636907001859606,-0.24735854212800643,0.46558125609530365,0.2095576411492677,0.7015849101539242,0.7929698191721818,0.4605554470577353,-0.16498698645404355,0.3729015166320104,0.37929000380154815,0.7674248545184316,0.8244656856828456,0.7211068966607903,-0.48821067815647046,0.5971569917866798,0.16818694547544394,0.36791678152247115,0.40553923771944483,0.2797154167763479,-0.19449074539248962,0.2516285817978096,0.18017577418902464,0.3985737903740841,0.4011613023209342,0.35911107183013774,-0.258149068899764,0.3372832939973714,-0.10914022734149324,0.20759788840235666,0.10613129410404176,0.10971337577550357,-0.376931965857186,0.10465596631267887,-0.07774175391229998,0.1477475072388442,-0.0024998047068715045,-0.07677020035801711,-0.09700632710985874,-0.07774175391230022,0.04125705638618135,0.09996466118507215,0.11632279053829417,0.23831970941688843,0.03162063428698611,0.22931196870741846,-0.30882174275220986,0.25464065647841616,-0.28078533027169866,-0.3091835680075646,-0.3531734746512379,-0.3088217427522061,0.039827494568424514,0.06160299668145958,0.09799250374457423,0.0570640373583478,0.040068512311494296,0.05690584904609812,0.011869252829637977,0.08525398565009813,0.024848450810344893,0.01637538913099271,-0.02772682631373163,0.011869252829638102,0.08280680261620994,0.13754464392164792,0.13694803471850925,-0.15147977188248182,0.04012287796457441,-0.1739123568254958,-0.18232359583201127,0.15771572910986265,-0.094630300664939,0.13080329863641732,-0.3288762505692918,0.11586539744513248,-0.35210772356247844,0.18965601143386204,-0.20225841817684714,-0.32884639658090253,-0.43389098522687003,-0.34637466318778315,-0.31452622106449335,0.22629094264202346,-0.1528870133188866,-0.2411358813903833,-0.525530313288733,-0.2864449235791161,0.20229688469349646,0.0840072354777874,0.28357059318192496,-0.13478253440979684,0.11999646769553085,-0.155798452073394,-0.21305576412277152,0.0542049489147129,-0.1172953740161626,-0.2732214508540774,-0.22651589920337076,-0.3009084161702789
acc_x_rms,-0.0690132802784197,0.9075836456890205,0.636907001859606,1.0,-0.698022867804438,0.9669194985196797,-0.15511771075162034,0.8224143247654055,0.4941454302424416,0.8864783750973404,-0.5910361318659922,0.855976919372726,-0.1764093150436959,0.72029077789817,0.55285291003431,0.7827694146548051,-0.7265726391566611,0.8334763943876966,0.10106566010009743,0.5373711102330176,0.5342175307444061,0.4561060032795619,-0.3476914234862394,0.4325100060120178,0.3281337992232981,0.718457240750819,0.7358038444401854,0.6854704640195265,-0.34096749234608537,0.6641085176405178,0.4247363486208223,0.7578449218895942,0.6785734543437746,0.6984235822819963,-0.26805788337622155,0.6657599893283394,-0.0497170552643688,0.4856651699697914,0.1554179581520417,-0.0462517001910436,-0.21764879857026512,-0.049717055264368454,0.0459410445561499,0.5861713806632578,0.25841553456013155,0.2929954633036083,-0.1479405758767877,0.24157112975144207,-0.5621366072804086,0.6863846659776058,-0.34287626110748726,-0.5600306790879187,-0.6682024756340395,-0.5621366072804063,-0.007777689812990547,0.6093484818332234,0.21389573850548166,0.1744890534434246,-0.21040251929564077,0.14035239305920463,0.10259557812586981,0.6020609362647752,0.2570578647781863,0.13964436176423187,-0.07191756834287813,0.10259557812586992,0.0862563478549772,-0.03746412377421424,0.08654775107313678,-0.3011295959636891,0.08788614616692281,-0.31637405756861064,-0.16339056447294925,0.03693590061805196,-0.11827563015361336,-0.04672800064873828,-0.20870090123953988,-0.048536177324657204,-0.6187374534280705,-0.05661223213414556,-0.5269867658813588,-0.5106730812047002,-0.6247421240277253,-0.5156162383837917,-0.4382049351872547,0.08372186229999617,-0.3205120136587254,-0.42274605692950146,-0.512110858694619,-0.4524141084367372,0.2644009073559364,0.007886902361925565,0.29502157102747983,-0.24948040785363879,0.17337414815455304,-0.2716334345851579,-0.30702871601209913,-0.08971152212430047,-0.28201250919131293,-0.4323368735957663,-0.24485740557743874,-0.4555662297592957
acc_x_min,0.5804120187150417,-0.6871618626179274,-0.24735854212800643,-0.698022867804438,1.0,-0.656315657254088,0.5846364833844684,-0.5478609958657876,-0.007869005052674032,-0.5833996112022846,0.877842867423889,-0.5560321941356667,0.35164919073002576,-0.615687961014917,-0.4472129809777777,-0.662440066253194,0.6674602394056335,-0.722292974782306,0.164238741689726,-0.35561638181735983,-0.2441019755592219,-0.2814562233709734,0.4167343008892454,-0.2676889976316792,-0.32563592911574046,-0.3401641618843837,-0.48084037027968357,-0.40030026562069443,0.04636937807451654,-0.4083360974344096,-0.5845734865160817,-0.635483509137621,-0.7185457885874694,-0.6580405792001969,-0.11388268236461765,-0.6107322667828451,-0.20085093773249957,-0.31235212996237577,-0.35576634957384484,-0.20430084907435897,-0.020009175093238053,-0.200850937732498,-0.2522519930772294,-0.546223911652828,-0.4340699801674445,-0.3742905476286356,-0.024529784144631295,-0.3271248059842381,0.5636764765423481,-0.5931178534399419,0.403121316908415,0.5620883967593676,0.6391320419818628,0.5636764765423401,-0.21746165207218482,-0.5848431323846377,-0.4181043656246322,0.08265878182036446,0.02238887750663991,0.12912728168244222,-0.03474614013957688,-0.43520927005009846,-0.16808352126191575,-0.05873127865562831,0.08095800135570226,-0.034746140139577074,-0.10733514818091945,0.13146750421900102,-0.10946146811925343,0.262572298739437,-0.14620588463146522,0.26325617127629547,0.11968962865523655,0.15298643606262308,0.15824130535779363,0.048596550314221165,0.06626197246823104,0.027424805791187973,0.46321197131715325,0.22398681729916384,0.48391754768449236,0.369372243069245,0.4188635056528254,0.35729758692672303,0.2719991329471934,0.15264023992073325,0.2713860292576984,0.37861673487826475,0.22700657775314798,0.379999833375056,-0.24034168441406345,0.17751767550673708,-0.19942976835736986,0.24561552991983743,-0.24105845485550167,0.24030383573654202,0.20424785207322907,0.26327509761417967,0.29161413968112904,0.4092421247954205,0.08919863425875474,0.40265121247015506
acc_x_abs_sum,-0.10966124346396133,0.7995069871902789,0.46558125609530365,0.9669194985196797,-0.656315657254088,1.0,-0.16374649617284032,0.7429574233819644,0.3768110542268787,0.8872836512248814,-0.5566903749016399,0.8856024255489743,-0.30931670950821577,0.567997859291156,0.3606162038763646,0.6518642723715415,-0.65677325342209,0.7497742319182965,0.11894254521130634,0.5244990365286253,0.5336337466059281,0.46670322348126375,-0.3124214418658918,0.4489088259943375,0.3096529959723729,0.7492407785151667,0.746292810683384,0.7054521774230286,-0.3541834275905549,0.6831810294072824,0.5077347368633204,0.8147294130119989,0.7381640352015612,0.7723493177750188,-0.2331276146630561,0.7438318521031545,-0.09367491510001404,0.5603420340973617,0.13885171797031726,-0.08982577748608281,-0.27686427068743547,-0.09367491510001281,-0.02080086043361134,0.6609071961479649,0.21344557447560036,0.23243932389628255,-0.23119215209019078,0.17480396815256527,-0.5346237699896547,0.7196836030718264,-0.28745887004110804,-0.5319603327883535,-0.6536125691564593,-0.5346237699896539,-0.0876525309189999,0.6865061807887978,0.15894876695698262,0.24608367035419684,-0.3060276197151164,0.2095101141018621,0.15084319935178797,0.6851795980664243,0.3167794282489328,0.1918323393585559,-0.050284805182558664,0.15084319935178797,0.06693218513644542,-0.06889825541682973,0.047628667266709813,-0.3004229272139643,0.07357148077156939,-0.3134292675091118,-0.13158029645480435,0.004571064811898216,-0.10464234732837294,-0.10433277180198972,-0.14845180042926148,-0.10356875071895218,-0.6193411912612539,-0.12094901881882238,-0.5518049486238693,-0.5013823067542403,-0.5978547637797029,-0.5020317052522593,-0.4194473662271099,0.04200776688091985,-0.3280351155656466,-0.4138791055846303,-0.4470976924990547,-0.43675160681241215,0.24460780579343464,-0.009816626546917076,0.2574455050860243,-0.24773185537241227,0.15991189269623646,-0.2682578003711842,-0.298635831906934,-0.10549887032208949,-0.2924947319604227,-0.4091050814614683,-0.23239230120673587,-0.43159278966024456
acc_y_mean,0.886241649850609,-0.11040703005227527,0.2095576411492677,-0.15511771075162034,0.5846364833844684,-0.16374649617284032,1.0,0.053149581820963646,0.5418085790119004,-0.11318700148255642,0.6884621580999457,-0.16359726793028975,0.5663352785370589,-0.1963480624130664,-0.07838094141770723,-0.26887762877756016,0.3473161641063831,-0.3149259185395727,0.3329269953367412,0.09093697527496701,0.2500611348480141,0.08085560023725764,0.16918296149633144,0.08003114531983238,-0.3904783024158612,0.21796618387888692,-0.1336518057497767,-0.0007435746322813773,-0.4344082881402441,-0.04095648603130478,-0.5527877400359371,-0.21831965391845848,-0.4461157927900618,-0.2895974411559341,-0.5149082026022745,-0.2559974114556926,-0.3921354896124615,0.1218225942680104,-0.38682795459612296,-0.3926364431405908,-0.3266619027973181,-0.3921354896124593,-0.5345608637285019,-0.21665698941401665,-0.5944395007909,-0.5009762990368206,-0.3627034806817323,-0.4765444372281626,0.5016864052003067,-0.40556301024908403,0.4114812169398477,0.500229505255507,0.5173461716046733,0.501686405200302,-0.49424160948409074,-0.2592518963079427,-0.5713481688812371,0.353888692034828,-0.3147555427584231,0.3826057001406221,0.11500609375196963,-0.002455705342919381,0.07708543155042422,0.11242834443031151,0.1051995556246611,0.11500609375196967,-0.13571322022156865,0.31947732783186733,-0.0796838156636364,0.17874505447519418,-0.2270074023317437,0.15630547849020215,0.08274398397952491,0.4198656822725211,0.23939125357279456,0.15815256022195073,-0.10519251565659317,0.1092243230295635,0.23603308777943163,0.42048233109037253,0.37916797856718115,0.20404777319827339,0.1033185328488945,0.17072621619415682,0.08059272965118396,0.4519996389669652,0.26510952542558697,0.26956015870715977,-0.12350299652474965,0.23734942911782186,-0.21230730027583783,0.4570455537296943,-0.04970888827998893,0.2926409886616235,-0.34924273816258783,0.25591498310788113,0.051726070302668514,0.4785090167574873,0.2545595175008256,0.2975577907532829,-0.17086546348758402,0.2535461903740095
acc_y_std,0.16342621957198636,0.8545721259413311,0.7015849101539242,0.8224143247654055,-0.5478609958657876,0.7429574233819644,0.053149581820963646,1.0,0.761224007403476,0.8384764894088954,-0.5739356673137488,0.7386505943546982,0.058269427929444007,0.735221601233006,0.6061933839651794,0.7368086725036699,-0.6888587342038196,0.7491045857029941,0.1895090147226734,0.5302863751366658,0.5984032144222236,0.46108604678310133,-0.2839724779457074,0.4304295893040723,0.23430605342740565,0.6179758696795624,0.6153022725725673,0.6104517901919828,-0.3158608130944798,0.5902224334564921,0.26247113320945453,0.6350478619844668,0.527451844549747,0.570318894211566,-0.3595495172197148,0.5478153238139544,-0.034100078897007516,0.4329327998863275,0.15484787620493817,-0.03085507470692728,-0.18383224684020336,-0.03410007889700702,-0.022733249905006987,0.5131552343969507,0.17890152993916217,0.12023632313285187,-0.17005396095108927,0.07966403688399816,-0.3366580294372188,0.4432023031294124,-0.2186082614379315,-0.3360483238346357,-0.43088965739802765,-0.33665802943721707,-0.02895174755269702,0.4906792424320601,0.16871657316574945,0.14211941424890293,-0.1756517749048581,0.1134022496368631,0.06841260697313145,0.48284541461998487,0.1898317793292326,0.09568357660442922,-0.08361837348268587,0.06841260697313155,0.10093157673805687,0.0020610567304474585,0.1151761786387573,-0.2727850145761018,0.09228469455339966,-0.2893313665163681,-0.1557727027585083,0.1677425778302449,-0.06903271825298757,0.033086559603579646,-0.26957250784027464,0.02079489042456119,-0.5172425585366331,0.07224524287867864,-0.4060808015879247,-0.41230545781567823,-0.5757425853954964,-0.4254150178516782,-0.38845869055005794,0.21827787168372334,-0.23687764563585523,-0.3484773990184492,-0.5338047269747654,-0.38681739483531163,0.21605300701165892,0.12958114161179596,0.3125593143191634,-0.16130971598164323,0.10184482823526184,-0.1901103470308507,-0.2997515930764615,0.035768486838118216,-0.22891669411715743,-0.3959828473851319,-0.2981408583723442,-0.425494981850272
acc_y_max,0.6171513621275394,0.6090049505284539,0.7929698191721818,0.4941454302424416,-0.007869005052674032,0.3768110542268787,0.5418085790119004,0.761224007403476,1.0,0.48626152010270096,0.01953392356053144,0.3661682735433241,0.4658847675442961,0.5123230399298455,0.5454448736967601,0.4660736543530834,-0.3265756169648712,0.39308472634238767,0.29683408139851986,0.38206910245527625,0.5037673421286846,0.3201845715528856,-0.07901222587145271,0.2959777439047957,-0.03492716341912167,0.4813259229851134,0.3128193805249396,0.380646646677724,-0.43117255652147773,0.34772738267086645,-0.20785908167266204,0.19168013722710897,0.00785733328126024,0.09806342847885212,-0.5231326758536735,0.10491387384968506,-0.18784813196262826,0.2317765315459279,-0.10049255048668726,-0.18677148820977071,-0.21305911957808768,-0.18784813196262706,-0.20146016517708754,0.11427544051734709,-0.12734430783389564,-0.09507565166769437,-0.17998047104470444,-0.10096308109296781,0.009857388786227102,0.08026406298033814,0.026558319657910986,0.00940322802811799,-0.04452202229581973,0.009857388786226188,-0.17900357255084026,0.07125140030468312,-0.11999907228112452,0.19470634678112944,-0.15040099866245457,0.19863874599587575,0.03692386293981717,0.17087979011725532,0.06583774655590113,0.04697850909090421,-0.030452557073471106,0.03692386293981731,0.02424772811241815,0.17718770047126667,0.0721932775804502,-0.09358147861831531,-0.03147649900565589,-0.11652552967136931,-0.08642536747523817,0.3518991202081278,0.05732089291282882,0.16439485933472106,-0.29106061347696277,0.1301652261845276,-0.21097549664766754,0.3253287666911431,-0.04376919202654065,-0.1758616388879923,-0.3452993146443696,-0.20348324630834363,-0.23030377714525666,0.41495749418301336,-0.022113025003427808,-0.08691988563648911,-0.4844223379917094,-0.13688096028736096,0.05115546850218408,0.303689184235387,0.21010452563117182,0.03936938101097341,-0.0801709911164205,0.0033935467632170316,-0.17207958844498697,0.2904164161260387,-0.0029044329784809197,-0.12019527161259169,-0.28873581889674593,-0.16231617186796002
acc_y_rms,-0.052670875186915836,0.7367315175327688,0.4605554470577353,0.8864783750973404,-0.5833996112022846,0.8872836512248814,-0.11318700148255642,0.8384764894088954,0.48626152010270096,1.0,-0.5876761616960136,0.9822896743343973,-0.2660091358336823,0.6103429502463243,0.3785093561225197,0.6874391564646601,-0.7318322077144008,0.7869282842453492,0.15602455952041147,0.569164876876659,0.6065088439742661,0.5089597477622684,-0.3128517432810016,0.48576774960430924,0.3220149017889296,0.7083392344793161,0.7244619369575491,0.7631057158542498,-0.32091680294285296,0.7484598328157078,0.3667637792371102,0.8078457740854152,0.6639577889355774,0.7214658219286729,-0.37279469720042385,0.6824087434817003,-0.022487997260551545,0.44798217555444214,0.16298588812496995,-0.019564222187877348,-0.18660190059953127,-0.0224879972605506,-0.0012992003815977416,0.5875426505146015,0.19747389875380988,0.20507240866878151,-0.20111680958532435,0.1548531923221191,-0.49300584439517986,0.629314531572479,-0.2688236709416717,-0.4913491275719189,-0.5797334743337911,-0.49300584439518086,-0.008852914089251962,0.6217746762277861,0.20211186278978743,0.17988394650617884,-0.2280700802100482,0.1473050881975087,0.049716644057542995,0.6559381518787376,0.23703471043066368,0.09487721323622322,-0.13147639306730166,0.04971664405754302,0.062454829826014364,-0.061717909895752564,0.048847467772329144,-0.30868403562772845,0.07151767468326443,-0.321918650418352,-0.09810569099656921,0.15084829219050158,-0.01741392680621969,-0.0700720143074588,-0.17656306551933104,-0.08229271276329937,-0.5861806531998146,-0.010016269592184174,-0.48932370906825695,-0.455112211202996,-0.610736239125733,-0.465276744298142,-0.40104449063208336,0.18342551885229624,-0.2540114428958507,-0.3640024302214481,-0.49499856255549646,-0.39649680611546595,0.17617837878825038,0.14485105966145176,0.2529199599214842,-0.15831552929208664,0.04986810624181227,-0.19111799266303853,-0.29859232241364053,0.021933338933296256,-0.23498663760555694,-0.3874274538768397,-0.28272302562506896,-0.417051767848387
acc_y_min,0.5802063048913128,-0.5611191933817833,-0.16498698645404355,-0.5910361318659922,0.877842867423889,-0.5566903749016399,0.6884621580999457,-0.5739356673137488,0.01953392356053144,-0.5876761616960136,1.0,-0.5498692613124582,0.39831086483838746,-0.6152764539392396,-0.42581640212656485,-0.6498290027370348,0.7232951697121249,-0.7098121763720724,0.15830890017839205,-0.23827282062242186,-0.17126003580239754,-0.20667703889113512,0.3311849239905159,-0.18673955156839114,-0.41773494306014286,-0.19015163468169044,-0.4430057916135124,-0.3264164150127274,-0.14578076780235977,-0.3440517654352694,-0.5993654270979617,-0.6241108475918004,-0.7255092854406505,-0.6385269619873086,-0.16312108371075576,-0.5892792243035053,-0.26757473975257773,-0.23920120645412046,-0.4006957763351924,-0.27052424707147843,-0.09729216216142492,-0.2675747397525751,-0.3335948408483562,-0.5304726194221708,-0.5091947042801251,-0.3672765865301542,-0.098553925540295,-0.3219767958565479,0.5102111687814513,-0.5139759500263095,0.37690655815838725,0.509120533362824,0.5652020008253344,0.5102111687814418,-0.30401838748412063,-0.5590768049759721,-0.4949111736787878,0.15539233865214877,-0.0593191522325656,0.20257162557669042,-0.00545258272638575,-0.39579736937103016,-0.13214051986382505,-0.026824646129709754,0.09943406390393451,-0.005452582726385944,-0.142662892071278,0.20258678531045515,-0.12382480890650541,0.2902199856579898,-0.19676096752225083,0.2870621876389194,0.1745030339994246,0.23171328296848379,0.23867090801472468,0.06008697344756604,0.09036900926836212,0.030454417418366415,0.4732297252267972,0.29031784453944187,0.519846997768983,0.37807753736799216,0.4013810554201747,0.3599043655172882,0.29176063604277586,0.2476742806137101,0.3568341749626635,0.4326187102007047,0.1958720359040976,0.42617343445494854,-0.30104155948378447,0.23873885468952352,-0.24479483911499536,0.3019598497959863,-0.31129289277041927,0.29235978849347516,0.21914842712954796,0.364470016767959,0.34396082950996454,0.487491712034963,0.04460406522366855,0.4711386894105056
acc_y_abs_sum,-0.10995457717091069,0.669408658213934,0.3729015166320104,0.855976919372726,-0.5560321941356667,0.8856024255489743,-0.16359726793028975,0.7386505943546982,0.3661682735433241,0.9822896743343973,-0.5498692613124582,1.0,-0.3636096266077851,0.5374006658143684,0.29028573802852686,0.6316668919567263,-0.6896096983410634,0.7513630581234763,0.1456536437282472,0.5544953086814053,0.5796899433975151,0.5084504703333391,-0.3037154630509599,0.4898777338080758,0.3425959209949669,0.6972753761807601,0.7254734912108157,0.7705427214296606,-0.29771433496273136,0.7587755644961413,0.382738207981562,0.8161121269881525,0.6707854320284217,0.7310430551310863,-0.356193084356868,0.6917004886624637,-0.014817129804098918,0.4405996770584493,0.1697418862650912,-0.011973705351395646,-0.17564987040595448,-0.01481712980409743,0.01318526657867451,0.5891272601939608,0.20940892898777066,0.2286459689546265,-0.192356465219361,0.17755660614483473,-0.5279257486373993,0.6618458320090455,-0.28738199529776165,-0.5260398072995591,-0.612666583757441,-0.5279257486374014,0.001794427158490908,0.6322775029369322,0.21268413575881284,0.18254344855384888,-0.22545272174375386,0.150908448006461,0.04300829341816536,0.6664694547706567,0.23528167874518408,0.09007917492261049,-0.1399761700098447,0.04300829341816556,0.054191204185472,-0.08544795864470568,0.030010212050216138,-0.3058368645753605,0.0700202743395077,-0.31686390059077024,-0.07431079405543362,0.12684894219457968,-0.004816950007109766,-0.10872048086721374,-0.136832308434976,-0.11954721424438144,-0.5823401163448086,-0.04852210837733005,-0.49789812608327866,-0.44905721573175916,-0.5873385913420421,-0.4566936672354569,-0.3837396531995667,0.1557472067086481,-0.2480978027721349,-0.35207010686763945,-0.457103000131073,-0.3821345082216086,0.15912625835776678,0.12713673499092648,0.21953146565431306,-0.1571634434049227,0.04042758390959968,-0.1883283634264201,-0.28824915806718726,4.805706566271545e-05,-0.23638527280804034,-0.36796377990752405,-0.2643704838672148,-0.39542522216237813
acc_z_mean,0.5664519641654218,0.006487434715897805,0.37929000380154815,-0.1764093150436959,0.35164919073002576,-0.30931670950821577,0.5663352785370589,0.058269427929444007,0.4658847675442961,-0.2660091358336823,0.39831086483838746,-0.3636096266077851,1.0,0.13602059764179883,0.37805500127409764,-0.012921244245262595,0.25386930634456967,-0.2163586131050376,0.05231652586494691,-0.013423833077323874,0.010551589507119773,-0.07839609373843356,0.04086682397791952,-0.09359276003374604,-0.2795242827011615,-0.024751011038692886,-0.21590316219249162,-0.1563656099367701,-0.20676863971940077,-0.1807533333828502,-0.5668726375231367,-0.5006130751658846,-0.5899752345349352,-0.45705143425010203,-0.23822547283403545,-0.4281260326021887,-0.061334353682793136,-0.29105854293328826,-0.23097355098830125,-0.06424836245522197,0.04383260564744402,-0.06133435368279274,-0.10430681978232624,-0.3670601506646943,-0.22683892457495508,-0.25171563364642013,0.03862777661868149,-0.21705436322134744,0.41684673687803653,-0.4064097188068302,0.2716782247930991,0.4150305191982637,0.4343213543447793,0.416846736878036,-0.0676114121379453,-0.3811963438777196,-0.20129473411092988,-0.055498075601373084,0.07967616335772863,-0.036774711812279266,-0.10529746865677185,-0.3067992744157882,-0.17253272348890417,-0.12076946157065921,-0.007230419322176902,-0.1052974686567718,-0.043547663290649824,0.3532306577424339,0.07045667989032738,0.18987589050143625,-0.12455176602892527,0.17106385951685776,0.05509388405481688,0.3708863301657064,0.18431252396529987,0.24863703682625563,-0.15066518860520167,0.2089878917029545,0.34096090345178764,0.4768914864605934,0.4652017273202014,0.27045708738289986,0.16993033501424298,0.24078084579471284,0.1631591155842809,0.38294801982524435,0.3095806164927166,0.29603178269423797,-0.08658344334799249,0.2675342283766205,-0.1755354579336675,0.3649410236662309,-0.015979725418727456,0.2901100115543921,-0.2525098076098236,0.26751854387831786,0.11070244882296536,0.396353697235501,0.2845757608019792,0.26349504559295134,-0.08129220935808122,0.23893127357677243
acc_z_std,-0.023312121211495136,0.8136904416193416,0.7674248545184316,0.72029077789817,-0.615687961014917,0.567997859291156,-0.1963480624130664,0.735221601233006,0.5123230399298455,0.6103429502463243,-0.6152764539392396,0.5374006658143684,0.13602059764179883,1.0,0.9325242651863627,0.9745695999961186,-0.8258373219303673,0.8950970439456827,0.028516363682238366,0.3718769313658354,0.3648481411036963,0.26053659786997985,-0.3230723089272867,0.22490420747415416,0.3099333427255337,0.35810810242893354,0.456534253172787,0.38565138502632124,-0.14413772418681636,0.3743409780630793,0.1563108610977448,0.4534951555711798,0.4097206968288696,0.3794506609525262,-0.23285644892549456,0.34301718750586946,0.08272274468381442,0.1588345246426831,0.16753790007985847,0.08433072320872062,0.0024434862327548353,0.08272274468381281,0.21033528908372082,0.2927973497470327,0.32225689442247235,0.38527701825853944,0.08719056802230005,0.36060344011464357,-0.47532923488484413,0.43257764139392674,-0.3764059397758514,-0.47529933404556934,-0.5210569849539408,-0.47532923488483403,0.2204231841474414,0.3063448513566009,0.33722905324018493,-0.06335200401275971,0.08840472687264678,-0.08804953932492146,-0.005126309782218842,0.2628260897042558,0.08004378842894189,0.010485347495042062,-0.07391113682124535,-0.005126309782218625,0.1153760907474781,-0.01650363422397676,0.14862240044050415,-0.2672160988674086,0.11724603037610427,-0.2813723236526409,-0.17914152980715584,0.04704752032332957,-0.13932809848818828,0.08319432710764628,-0.2756381047045679,0.08100616837279302,-0.4796064387138398,0.04224297044125531,-0.37643550281223115,-0.4123335743249609,-0.5261317722776209,-0.4174483297455927,-0.3484474214634209,0.0509153273853764,-0.2642843679048542,-0.3706084336532199,-0.4762067475921144,-0.40086862425954317,0.2644805322775259,-0.022867518139022706,0.31295986971172424,-0.18938012977294494,0.20604837197231265,-0.20209977192767536,-0.212458287045092,-0.10325383756398393,-0.19532904472329451,-0.4153219087548342,-0.16417736696491736,-0.4289329959496058
acc_z_max,0.09794517028250967,0.7247462251664837,0.8244656856828456,0.55285291003431,-0.4472129809777777,0.3606162038763646,-0.07838094141770723,0.6061933839651794,0.5454448736967601,0.3785093561225197,-0.42581640212656485,0.29028573802852686,0.37805500127409764,0.9325242651863627,1.0,0.8655571638725842,-0.6130325454673295,0.7126076470149946,0.007436362058816508,0.27181486525296095,0.2530011318510242,0.1603225256541839,-0.26945870153089935,0.12483864349767128,0.23647495093903348,0.2373744762740473,0.3158157726837448,0.2315833897518682,-0.12063775791486604,0.2194726864834215,-0.033485147951327524,0.19041858206733103,0.1653043124498885,0.13439878104403363,-0.20550711554316972,0.11250730261282164,0.12902325770828763,0.002116934559005218,0.14996728745893806,0.12968644557104014,0.09566080599294773,0.1290232577082858,0.2570565993533221,0.0856221157756828,0.30657113634049615,0.3420525126575105,0.2021877472743063,0.3347166133012923,-0.34046116375923563,0.253671875316055,-0.3140096209377998,-0.34102140906780765,-0.3673775223001964,-0.34046116375922675,0.27386327940699523,0.09488357965318509,0.3249681764780472,-0.15832953013535936,0.2145585336264484,-0.17183977339571146,-0.08221583928304985,0.0555337296447633,-0.047950589013355124,-0.07884714324769977,-0.09809042836272962,-0.08221583928304975,0.12458074171811932,0.033544880257284374,0.17679126049401261,-0.18523896105782184,0.11712692584195629,-0.19840251666420086,-0.16629573407224643,0.06700911932113998,-0.12118176635012573,0.14720300200858094,-0.282731142585094,0.1414174850398961,-0.307984304545455,0.12761868000718427,-0.1952545742324906,-0.2837738306647669,-0.3743762375861632,-0.2924904747982715,-0.2546822752529957,0.08550077982225833,-0.1684382405742231,-0.2472629926946307,-0.4208422083840774,-0.27899478311606046,0.21587559726661462,-0.011680720410257544,0.2651697325224365,-0.1294587597450738,0.17132752517622982,-0.13890681039676658,-0.15055499677138645,-0.0648107362037913,-0.11889138270173784,-0.30375481892008493,-0.1264119510905357,-0.31392749367065875
acc_z_rms,-0.11033813598073546,0.8338944466447985,0.7211068966607903,0.7827694146548051,-0.662440066253194,0.6518642723715415,-0.26887762877756016,0.7368086725036699,0.4660736543530834,0.6874391564646601,-0.6498290027370348,0.6316668919567263,-0.012921244245262595,0.9745695999961186,0.8655571638725842,1.0,-0.8719341728600459,0.9584115270869669,0.03492538686479223,0.40316940970251286,0.39013856788630213,0.285821624945873,-0.3334613517679966,0.2511032582054048,0.3338451907732801,0.42581423826303155,0.520794272259488,0.4599310921990624,-0.1712482824973298,0.44894429682213394,0.22512002718718246,0.5346856090433252,0.48464630100573874,0.45904810937100704,-0.2353662620598672,0.41970658148406054,0.07690207624506251,0.20423736662742528,0.1837729998719986,0.07883212847129098,-0.01622019190863329,0.07690207624506123,0.22133358973152825,0.3517599756916311,0.3522750084372686,0.42785038690272165,0.07392588932080534,0.3974116912498591,-0.5574610325707503,0.5227255195153084,-0.4178806727129796,-0.5569259090638469,-0.6093671830172369,-0.5574610325707405,0.2243642256839246,0.3743557363611974,0.36339033498332923,-0.03914885385483943,0.06447219505492051,-0.06507536507133771,0.004445701941205866,0.31981413416152144,0.10636571957376836,0.024609032387981664,-0.0797421284125127,0.004445701941206059,0.10531032989419689,-0.0470159504616395,0.1274051728935803,-0.2877508925801023,0.11650947059947082,-0.2999139603801903,-0.17225683273653486,0.03718333581268285,-0.13648341431767577,0.05351264554658141,-0.2568696301577983,0.0533803904578285,-0.5297883642115682,0.007126234969807572,-0.4355896706373895,-0.4475883840358843,-0.5689028978441073,-0.4514293498804534,-0.3747730587932921,0.03670840104655551,-0.2940751723098924,-0.4053954088860894,-0.48511868421469634,-0.43338765462772433,0.2682768581452512,-0.026924536652378272,0.3139996519893857,-0.20316917188622818,0.21130830059513755,-0.21675124203623858,-0.2211911442712219,-0.11413590022590396,-0.21167500037593726,-0.44090696933068235,-0.16528140598493962,-0.45370950295536494
acc_z_min,0.21248839698514735,-0.698508898379298,-0.48821067815647046,-0.7265726391566611,0.6674602394056335,-0.65677325342209,0.3473161641063831,-0.6888587342038196,-0.3265756169648712,-0.7318322077144008,0.7232951697121249,-0.6896096983410634,0.25386930634456967,-0.8258373219303673,-0.6130325454673295,-0.8719341728600459,1.0,-0.8941587510049919,-0.010402403777001436,-0.3478452318231872,-0.3406420543693038,-0.27557095407272186,0.2905447385225532,-0.2515432628500262,-0.3580215469507555,-0.3726749124441094,-0.5101001052328732,-0.44563422394929797,0.07740565096174683,-0.4434683817995289,-0.36723771664511834,-0.6374175178597645,-0.6106988322211795,-0.5603128963260813,0.1475402761408851,-0.5147794204831677,-0.011933028761253583,-0.2839018276515391,-0.14681117683003278,-0.014115444670370658,0.09730763310976975,-0.01193302876125195,-0.12117673465133406,-0.44395160860273836,-0.27028882071182353,-0.3922757607861827,0.050726144066265334,-0.35420321613682526,0.542716113114495,-0.5545146637574808,0.3702326492303653,0.5418500622259463,0.5964258100528128,0.5427161131144849,-0.12431698839114895,-0.46066812019847125,-0.2808615056199334,-0.04210083936398782,0.06124346552943784,-0.011365410633491292,-0.11520617059968126,-0.4158944116190567,-0.230576473756512,-0.13922431043817232,-0.013155004218412255,-0.11520617059968147,-0.0921445864911658,0.09052324974501763,-0.08524157412458944,0.314741603617925,-0.10305862106974978,0.3258362553196384,0.2064532673933698,0.06740878126102376,0.19640041888083168,-0.01541184141432199,0.21080124876009268,-0.02605429521182246,0.5898936620890728,0.09190175762224585,0.5264020024983218,0.49240242360272174,0.5901885881864777,0.49108139829045316,0.40153897673694744,0.09796993917967738,0.3762088181013198,0.4844835561218466,0.3916248258867736,0.4954574296769808,-0.3282360201667785,0.100778222406972,-0.3401865152946203,0.2676901151653298,-0.2781332103803636,0.2776175589622353,0.2585524038500458,0.1968433637272011,0.28436011035893755,0.49037232936213343,0.14196793276877723,0.49876509830949817
acc_z_abs_sum,-0.19549760750735432,0.8175828507733388,0.5971569917866798,0.8334763943876966,-0.722292974782306,0.7497742319182965,-0.3149259185395727,0.7491045857029941,0.39308472634238767,0.7869282842453492,-0.7098121763720724,0.7513630581234763,-0.2163586131050376,0.8950970439456827,0.7126076470149946,0.9584115270869669,-0.8941587510049919,1.0,0.047953031774406914,0.4405252032002985,0.43203975572947595,0.33042953393429453,-0.3476549858632555,0.29907993422690315,0.33389360868472345,0.510989138133977,0.5853492335345895,0.5441062426153341,-0.21217884685512378,0.5329117950020112,0.34797192348547046,0.6891950504588142,0.6306854265048792,0.6073198056486755,-0.23091291821875287,0.5594579408962391,0.00800497339965889,0.3321923633097678,0.16232932329393376,0.01072060443181259,-0.11656308331062616,0.008004973399658246,0.14736561402513582,0.4751186076375474,0.31307766815973065,0.41135637438571604,-0.03465794702838537,0.3708842310264898,-0.6123788815002149,0.6073222061988294,-0.42959825722723166,-0.6113865565104407,-0.6713211002810062,-0.6123788815002071,0.13815035694070793,0.5034271965058186,0.3154284700770907,0.06731590436499843,-0.05973781523540262,0.03567072316325424,0.07190726845437324,0.4546532784203059,0.20433866772980433,0.09968685314066737,-0.04616170934070843,0.07190726845437331,0.07217461870288994,-0.06487481364424735,0.08245445216503944,-0.30264410115039675,0.08901990972882048,-0.31484106415678864,-0.1464897320957826,0.0301736287088435,-0.11683491805107618,-0.012425652372893947,-0.2117552913246517,-0.011089674419231213,-0.5904905869579617,-0.05250222383843436,-0.513367125576204,-0.48118377373468085,-0.6092419320222895,-0.482646775575358,-0.39836826443162393,0.026472235662709356,-0.32037800113784076,-0.436412791110672,-0.47565028987990354,-0.46188456991092536,0.25308684465143944,-0.013729638263371525,0.2962563183384637,-0.21336859656882337,0.18905755765169105,-0.22944866405432102,-0.2308372686763259,-0.1098174993817104,-0.22338266126656794,-0.4543000300435683,-0.17069026423981826,-0.4689832103897992
gyro_x_mean,0.33429493541233807,0.10419153251410422,0.16818694547544394,0.10106566010009743,0.164238741689726,0.11894254521130634,0.3329269953367412,0.1895090147226734,0.29683408139851986,0.15602455952041147,0.15830890017839205,0.1456536437282472,0.05231652586494691,0.028516363682238366,0.007436362058816508,0.03492538686479223,-0.010402403777001436,0.047953031774406914,1.0,-0.10476420188633008,0.5856769605566127,-0.19501651974475237,0.6873549677486644,-0.20516064854264365,-0.02497606801908912,0.2033579760365064,0.11320432505092667,0.12403864678608147,-0.1929668979077628,0.11319484593858246,-0.11516967361946534,0.13054991305232386,-0.009647066748633326,0.1651339940763185,-0.3434280819969682,0.1944527734890527,-0.3920824797296513,0.27036094632005814,-0.32016184738029096,-0.3917771696023695,-0.3828007979423589,-0.3920824797296537,-0.36532580310506163,0.14816128245660576,-0.2982612984245115,-0.08053506079157811,-0.3460117112664233,-0.09212960374797707,0.13463802515544548,0.027564181148837682,0.1703512455983976,0.1350149510792831,0.07265158856263905,0.13463802515545328,-0.33826847056597315,0.13376246598736757,-0.2648436954768601,0.37464332467541506,-0.3162241528425705,0.3791846982774758,0.14158723174702878,0.12558608972044136,0.12925081447239767,0.1438590598422352,0.08276173698038566,0.1415872317470288,-0.11001115031305261,0.160787969758835,-0.07955637332561374,0.16987222072264607,-0.15464775767390876,0.15956016615645924,0.14062900033376377,0.1367844046642644,0.16790693001698517,-0.08769199063437551,0.08652851262661716,-0.10509263307844394,0.08555901818345775,0.10396187953092134,0.11244782205528046,0.12766685869016087,0.053115700227580366,0.12367303906606646,0.09108751765624912,0.09774854982293783,0.0984341422520614,-0.012736990858669257,0.012071683481618472,-0.026382913379337753,-0.09172465679524125,0.1408934971387393,-0.04272912946481514,0.11481381518646284,-0.133794022547377,0.10359359640938413,0.3701485064121398,0.09801162316386573,0.36923861231056254,-0.0831937236382672,0.2996134988632148,-0.10985128394945205
