,acc_x_mean,acc_x_std,acc_x_max,acc_x_rms,acc_x_min,acc_x_abs_sum,acc_y_mean,acc_y_std,acc_y_max,acc_y_rms,acc_y_min,acc_y_abs_sum,acc_z_mean,acc_z_std,acc_z_max,acc_z_rms,acc_z_min,acc_z_abs_sum,gyro_x_mean,gyro_x_std,gyro_x_max,gyro_x_rms,gyro_x_min,gyro_x_abs_sum,gyro_y_mean,gyro_y_std,gyro_y_max,gyro_y_rms,gyro_y_min,gyro_y_abs_sum,gyro_z_mean,gyro_z_std,gyro_z_max,gyro_z_rms,gyro_z_min,gyro_z_abs_sum,quat_w_mean,quat_w_std,quat_w_max,quat_w_rms,quat_w_min,quat_w_abs_sum,quat_x_mean,quat_x_std,quat_x_max,quat_x_rms,quat_x_min,quat_x_abs_sum,quat_y_mean,quat_y_std,quat_y_max,quat_y_rms,quat_y_min,quat_y_abs_sum,quat_z_mean,quat_z_std,quat_z_max,quat_z_rms,quat_z_min,quat_z_abs_sum,encoder_angle_mean,encoder_angle_std,encoder_angle_max,encoder_angle_rms,encoder_angle_min,encoder_angle_abs_sum,grf_x_mean,grf_x_std,grf_x_max,grf_x_rms,grf_x_min,grf_x_abs_sum,grf_y_mean,grf_y_std,grf_y_max,grf_y_rms,grf_y_min,grf_y_abs_sum,grf_z_mean,grf_z_std,grf_z_max,grf_z_rms,grf_z_min,grf_z_abs_sum,grt_x_mean,grt_x_std,grt_x_max,grt_x_rms,grt_x_min,grt_x_abs_sum,grt_y_mean,grt_y_std,grt_y_max,grt_y_rms,grt_y_min,grt_y_abs_sum,grt_z_mean,grt_z_std,grt_z_max,grt_z_rms,grt_z_min,grt_z_abs_sum
acc_x_mean,1.0,-0.556640317359704,0.27894906274945885,-0.19405148752122067,0.7601467522298818,-0.007361539995879176,0.9280926506458951,-0.6093667112476466,-0.07254342437132172,-0.38081564875653323,0.7190366318239287,-0.19261936369784013,-0.7272206427314999,-0.336065902004949,-0.5933788451959158,-0.03416549677949325,-0.423581244907945,0.1872792338990402,0.5621979158509709,0.1657962680502547,0.4850248651718662,0.07244724737031197,0.29465220489787153,0.07906133975748289,0.03505823307807247,-0.2805022687383385,-0.03692503998814448,-0.1659326347720438,0.36144700870696767,-0.14115664910224662,-0.4349392421136903,-0.40246385885803604,-0.43154202104564576,-0.2603620155824869,-0.049881430770317446,-0.18990380613803834,0.6190642124202528,-0.08362284316672103,0.4253578862884811,-0.6216737440046495,0.7068807954162711,-0.619064212420253,0.526816110154468,-0.11680092901697284,0.3817530619930993,-0.5313762237887067,0.5832656267988592,-0.526816110154467,-0.35470371052067245,-0.048849922302873786,-0.39436815372243705,0.3545914373548255,-0.3026939818896849,0.3547037105206769,0.5842702839377603,-0.16313642206314405,0.38603220766373514,0.5779111546052501,0.6918342660317783,0.5842702839377607,0.2956276155563685,0.15833438618465148,0.2478263827238604,0.26699276523952914,0.29218568643670606,0.29562761555636863,0.11852718246073161,-0.46742968170090016,-0.16107835228373088,-0.12824072052374008,0.3035816340540113,-0.08842773520046975,-0.11667348317456938,-0.36051775228583344,-0.25559049642411685,-0.13707201048999088,0.04544145635911695,-0.09458657702627708,-0.14205211144015403,-0.4604477921678774,-0.3254809354283097,-0.1402004815227351,-1.8162997387841954e-05,-0.10084282547439585,-0.15393400772438956,-0.4554228907688547,-0.3356976982130305,-0.21539158519639756,0.05709396950492898,-0.16135014719824134,0.15963011836203486,-0.44717628611228577,-0.011254097972956314,-0.19712947977290457,0.337869294914212,-0.1468285513718999,-0.10978975924595863,-0.377357476306478,-0.27468699577275946,-0.16027195278913248,0.07835313561802386,-0.11381869626812054
acc_x_std,-0.556640317359704,1.0,0.48847583130700795,0.8289691836544262,-0.9256038894999992,0.6941402688817826,-0.599609868400005,0.8668449265222024,0.4437249116369074,0.7744940756390345,-0.8211098258572509,0.6433121530845894,0.5182667907027272,0.8018506900891675,0.7944972916542106,0.6809267166688363,-0.17214291024043185,0.5242366592288693,-0.2658839436609574,0.30438859168623406,0.06819197433923237,0.3322616854567391,-0.43075319327312067,0.30344325775382813,0.06751382273434259,0.5115219888952115,0.2736019260184725,0.3209466482448267,-0.40507482216841795,0.27274798604889255,0.1865827548009305,0.6850625392036703,0.48627305096185824,0.5696551826823961,-0.48352923059504227,0.5054214252300443,-0.00719504369004184,0.4077075265733202,0.16860381665194765,0.009271344992382191,-0.1557740892565956,0.007195043690042673,0.1447129331282188,0.4186307970830888,0.26667959179922235,-0.14035348381410717,0.02716195366819307,-0.14471293312821965,-0.07181092173861399,0.35020678298882985,0.08444245022611378,0.07233549673776349,-0.18724190488897446,0.07181092173860387,0.09188181216181425,0.4204817606912864,0.23555673411836076,0.09636797447629242,-0.03317988267731327,0.09188181216181376,0.10296468209008884,0.18999154729310683,0.18002167415591858,0.13555670080876675,0.05829545889652246,0.10296468209008876,0.22858188629523823,0.3088776753681753,0.43368358129221235,-0.22270792466581263,0.01991897249846315,-0.2496434505180299,-0.3658395561622065,0.16417939906151396,-0.17091841145081366,-0.2674156295045152,-0.4765475663381022,-0.30689619776299526,-0.4494833524955279,0.259307249642761,-0.2219594604670687,-0.42741690999352644,-0.5581970194730727,-0.4697648861164462,-0.37529488519583665,0.2752825991987893,-0.1353414810255337,-0.3018433467771302,-0.5466653285287454,-0.36745078258067965,0.32580890643207683,0.3122856116196844,0.47393383245879045,-0.26270694611008644,0.077257048185744,-0.32630114160911033,-0.42703171103288895,0.14130968838135916,-0.21006991339519035,-0.3537816562175388,-0.547986309679704,-0.4070101317614604
acc_x_max,0.27894906274945885,0.48847583130700795,1.0,0.7171676867289348,-0.1964604440181229,0.7914251492897059,0.11844372648024742,0.450584178035563,0.6394818818085258,0.6108311773559406,-0.2853119415260266,0.6899959426927703,-0.3291524008726155,0.5250387446171818,0.23282089914286966,0.6377114497798403,-0.8064356455229741,0.6798905828876052,0.07427242334749727,0.4873322506963536,0.39218307903721233,0.5149261618193075,-0.35413904333359575,0.5080822913263542,0.3407901169935971,0.32039867237405384,0.48736645868539524,0.18637606584573707,0.0034709749585925126,0.16999090977841508,0.09752591480738342,0.46466351582254223,0.3538433687839563,0.47851013968619066,-0.2932019121055525,0.46840251836667507,0.5143830598332002,0.4562382543136741,0.5811248605963188,-0.5135270426050548,0.3925034546903709,-0.5143830598331988,0.5895899531163642,0.3727616914468008,0.6097141860867131,-0.5880813802648355,0.4921593712078721,-0.5895899531163639,-0.2445896982659718,0.38955899704072344,-0.08112753564214209,0.2451908800860219,-0.34897288971482754,0.2445896982659668,0.6150688097995606,0.40763402633967843,0.6332555281195703,0.6160945863560273,0.539060350508555,0.6150688097995608,0.5026665446772867,0.5388432086535639,0.599539128324819,0.5321815704384496,0.35760918524798113,0.5026665446772868,0.4098908743814696,-0.2995537189155704,0.29175617688821825,-0.5082749256947608,0.42400573480585,-0.4906183382314166,-0.6283407715934308,-0.3669423372224774,-0.6103283785010477,-0.5493402781184694,-0.5454259819440928,-0.53136346109811,-0.68246200118992,-0.30287956451048553,-0.650421636822773,-0.6805116818245308,-0.6162269000235862,-0.6738718530854739,-0.6391133256420733,-0.3065756587322145,-0.6006126477913497,-0.6378306421323766,-0.5856362903536144,-0.6364247503678218,0.6002405455840764,-0.27829458900542076,0.5368499360271682,-0.5907343193782092,0.556021177635767,-0.5910865515715688,-0.6565544283458906,-0.3697353724945381,-0.6318251129473847,-0.6461211505579639,-0.5668707248312949,-0.6387512225742248
acc_x_rms,-0.19405148752122067,0.8289691836544262,0.7171676867289348,1.0,-0.6739627184544285,0.9685481275814929,-0.308405354157891,0.7583511602652103,0.5547939095916217,0.864259972780585,-0.6704173858895808,0.839644554448111,0.10674474434337985,0.8140382363259892,0.6287443422657366,0.8565042875279495,-0.5294935556576789,0.7949885002784172,-0.08410322037413438,0.443302505541872,0.2911356514514483,0.5274830017334522,-0.4099175192867202,0.5107633222900261,0.14884866663742963,0.531643481234957,0.36758217009660243,0.2978689117320096,-0.33683112817987076,0.2521450687429264,0.12344996187698931,0.7071269375117303,0.4757420915717524,0.6393024419592038,-0.5656800971075328,0.5902205292517876,0.32545325902844674,0.5240969825506205,0.4870712776133024,-0.3238503830761914,0.20160021078035142,-0.32545325902844563,0.45043166679869895,0.44257643433713917,0.5407960402338565,-0.448026133538721,0.35343496694852394,-0.45043166679869956,-0.24115771167364977,0.43262802197486927,-0.06179860245843616,0.2417538405339657,-0.3670165078251093,0.24115771167364172,0.43059794074870195,0.5139927049883558,0.5559169147406802,0.43409866339407516,0.33755490304950586,0.4305979407487013,0.29680719934293587,0.5001007656574503,0.4782200889494976,0.35701843285201873,0.11060916680460926,0.2968071993429357,0.4057459047827354,0.1099753251004414,0.5055348153229298,-0.3783508352384023,0.24575028014943995,-0.3896144047461167,-0.5719464249515086,-0.03979730264598483,-0.4244065999395465,-0.42443965758734936,-0.610068552319757,-0.4458092348169398,-0.6980009815510253,0.028184655426222414,-0.5233829120426201,-0.6705590375346051,-0.7339609274922148,-0.7001414965125651,-0.615179494303181,0.0547334987893087,-0.42440916975143833,-0.5561797471064848,-0.7048452324548997,-0.6076199190092704,0.5601390828151603,0.08424624413388751,0.6338198590638107,-0.5055402913170868,0.36746704499442734,-0.5542396706950058,-0.6420343925514889,-0.06650782890965379,-0.46931444631417096,-0.5777178532527057,-0.671747258940512,-0.6192132035348435
acc_x_min,0.7601467522298818,-0.9256038894999992,-0.1964604440181229,-0.6739627184544285,1.0,-0.4913093816104243,0.7505145343066404,-0.8232981350652749,-0.2781314647128377,-0.668063872325437,0.8529809886575264,-0.48608003767692476,-0.7046379391192068,-0.7209692284306318,-0.8363693421656668,-0.5284591385239621,-0.0866976873897235,-0.3291271243531474,0.35964894161199523,-0.1435993336629602,0.10544426766236877,-0.18826650699007857,0.37392784366195164,-0.1610081263027752,0.06283179791322632,-0.4477609755649315,-0.10391312093750629,-0.27620362106347646,0.47392466547103196,-0.2308523717035707,-0.19759227458755252,-0.5859081894445511,-0.4083305736911261,-0.4720559969435921,0.4101945437996714,-0.40662951565812466,0.24711616739361109,-0.29429636601211645,0.05600819866912935,-0.24936092791807687,0.3664222881828264,-0.24711616739361164,0.09462233805540404,-0.3297415171210307,-0.04574451663049164,-0.09915573637244962,0.1880974771737707,-0.09462233805540332,-0.05921118491891631,-0.2616510586133361,-0.176570470861611,0.05879637236114018,0.042093166329072555,0.059211184918925124,0.1647057694941461,-0.33603728536712646,-0.00937306917331705,0.15940068749985745,0.2783197714841519,0.16470576949414661,0.11380306601483721,-0.04352168416978084,0.025722530928290157,0.07538889908147003,0.15580138564363744,0.1138030660148371,-0.12034150942723505,-0.4597087292048715,-0.3968099071328448,0.08048938731115082,0.12101773331053804,0.11752361436142372,0.19549099759733482,-0.32213578296598855,-0.020344773246077315,0.12209837242029134,0.3557372846123548,0.17516569737848514,0.2594865965545877,-0.4058865706389799,0.011444112132685596,0.2387959244725793,0.40556702947330725,0.2896569903171799,0.1952360557591149,-0.4281257412959481,-0.06327326838725986,0.11253065994294814,0.41582371760463915,0.18775297619258746,-0.15994194830450387,-0.45529463710906437,-0.35556354783453703,0.09341258936613431,0.10635031305241509,0.16523897995864456,0.24787606154152383,-0.3017638711683241,0.0067184691176009415,0.16891085416920626,0.41951880280548026,0.23329401524913762
acc_x_abs_sum,-0.007361539995879176,0.6941402688817826,0.7914251492897059,0.9685481275814929,-0.4913093816104243,1.0,-0.15430971061969767,0.645533519504318,0.6008672340505475,0.8156742374002747,-0.5315848227346881,0.8539852157638043,-0.08739554571507893,0.7423834827917214,0.4997469823182502,0.8363938335228466,-0.6632978820328972,0.8191566175440391,-0.025487719207010866,0.4665973595603106,0.3465749923307386,0.5635170405034022,-0.3785478138547634,0.5550338299375713,0.22291133537872324,0.477319237600762,0.41784718882159155,0.25437653986973513,-0.22974617859392965,0.21757682715764545,0.10963257949395758,0.664260471807284,0.4553148685954363,0.6308206801710099,-0.5123807408670864,0.594852334476037,0.4424203942922171,0.5515234266817032,0.5871726824643108,-0.44101645994846167,0.3176102094444041,-0.44242039429221586,0.5513944378593025,0.4389523766355592,0.6199503802364665,-0.5496008086890707,0.45678197070925597,-0.5513944378593019,-0.2914723890934778,0.4430913107927536,-0.11111941861329931,0.2920757309266926,-0.41388248505320896,0.2914723890934712,0.5445046233869294,0.524346659325231,0.6474508248091225,0.5474019854808242,0.45795138120132767,0.5445046233869294,0.38704120712695783,0.5917932637799512,0.5804166328625091,0.44923745277322347,0.16461390211718435,0.3870412071269571,0.44710173339871195,-0.052136629146823245,0.46478393053824324,-0.4377371669969624,0.34560739926521866,-0.4375342570786522,-0.6274849317095175,-0.18694774149130902,-0.5324874536627796,-0.47852878090816764,-0.6101698227246243,-0.48227835069799496,-0.7505042871107395,-0.12608520136279386,-0.6309432083588485,-0.727819400742594,-0.7367718847585316,-0.7428070839782234,-0.6764868651743471,-0.10748677843069514,-0.5411956814668585,-0.6372291955211836,-0.7001975546789297,-0.6699629110985987,0.6220209414641679,-0.08072048945015643,0.6330814628203494,-0.5829012284504695,0.4870916420236896,-0.6136137026474493,-0.6907528900702546,-0.21085081682779935,-0.5761841040252755,-0.6452612757980144,-0.6602939844900911,-0.6688572084601553
acc_y_mean,0.9280926506458951,-0.599609868400005,0.11844372648024742,-0.308405354157891,0.7505145343066404,-0.15430971061969767,1.0,-0.7156028979348852,-0.1843109713175606,-0.5031876847978053,0.8183949261113616,-0.3201439094510457,-0.6278875031468845,-0.4058008579403388,-0.6035741786199521,-0.10482550804505539,-0.24402230536480313,0.10609563918914335,0.6153706293538488,0.14666278382338177,0.5054371683492122,0.048352957508272815,0.360692618784994,0.04963538182084055,-0.07124216234503905,-0.21972905678938112,-0.11180667227696961,-0.12315958701351001,0.2939599838508179,-0.11682831167733215,-0.44878183263515026,-0.46794430119114666,-0.49280507546291824,-0.34271217285656896,-0.022584435945522056,-0.27453507167335434,0.5772913455355279,-0.142100130311617,0.3675190938670441,-0.5799867198506676,0.6799038639851264,-0.5772913455355283,0.5026068157646666,-0.17625106538531826,0.3438067009662659,-0.507606567533429,0.579656826679043,-0.5026068157646655,-0.36383535971446984,-0.06935906662337511,-0.4198396232007198,0.3636993317089387,-0.3062990795098283,0.3638353597144735,0.5454789463510833,-0.19995750640899324,0.3411179297617907,0.5389704683874259,0.6608784866572681,0.5454789463510842,0.24706015714147175,0.051185886268513725,0.15107355591010357,0.20322763242685538,0.29588214603748,0.2470601571414716,0.0015935515493429124,-0.3037276157278164,-0.20602615348103656,0.02614966603272838,0.152353725733531,0.05670200633679401,0.053170554089498674,-0.18628597416884377,-0.06366116650837049,0.04329735429837478,0.15395036079566662,0.07192893631666669,-0.01498943212920063,-0.30907143723185887,-0.17348925576704297,0.0037240718089192565,0.07143109084289596,0.031061942582027588,0.0040032071263599615,-0.2888804524922251,-0.15537289646664745,-0.042966871023934074,0.1576215027416255,-0.0031056789063144837,0.003960072785160485,-0.2907222994146317,-0.1093721429483856,-0.02977346847918181,0.16265198843014714,0.009026053619272332,0.04306062152972272,-0.196639506075283,-0.08890110015917457,0.011076368278162873,0.15767876199596548,0.04135624099167105
acc_y_std,-0.6093667112476466,0.8668449265222024,0.450584178035563,0.7583511602652103,-0.8232981350652749,0.645533519504318,-0.7156028979348852,1.0,0.6100047047231446,0.9231910587102484,-0.957189017104206,0.79686525666449,0.41417062145270955,0.767311662069562,0.743129704490684,0.6040700480269405,-0.26215238908395977,0.4423052323391153,-0.41566999297645946,0.28456722456848504,-0.06433628282813197,0.3281180222904996,-0.5614666335175534,0.3028113187393235,0.12387830950308491,0.5523591853335755,0.3432013238050966,0.3833365857821761,-0.44237429422328783,0.35112183957411597,0.3239325933222118,0.6763013343654498,0.5753353459008769,0.5415848574669266,-0.32151160581091504,0.4706320421005272,-0.1599078943044112,0.3089122630760883,0.024647177097461323,0.16203224878277797,-0.2682449228496842,0.15990789430441327,-0.0079109206936062,0.3756212984324102,0.12704491062339873,0.01269584878370053,-0.1316018230014827,0.007910920693605297,0.06590799851590212,0.294651714966859,0.22476995506920244,-0.0654616057819539,-0.027638619291986126,-0.06590799851590831,-0.07075831115685297,0.37325659486448187,0.09946437684167346,-0.06554090783199734,-0.1955276042576632,-0.07075831115685317,0.05346589905658018,0.22516563494949834,0.18256410109081478,0.10212450757003101,-0.04141444251541286,0.05346589905658014,0.2723849376069566,0.17774136844369637,0.4222981076669373,-0.3243417524524963,0.114464843231307,-0.34601858510368955,-0.4097855675255117,0.0336560061754128,-0.2670148085024969,-0.3186847966770967,-0.4869133319792914,-0.3424926291587954,-0.41775693292734156,0.17650493749279408,-0.23222944517524846,-0.42285376060282026,-0.49298012156753346,-0.45494224864496313,-0.37778150934222393,0.1778252233048315,-0.18421843981633182,-0.31930000643128276,-0.5306516895300074,-0.3669099780256346,0.3581024903250933,0.17563967446401782,0.46079619167612984,-0.31580916046093843,0.16758470905279144,-0.3618118232477794,-0.4215123542098584,0.06244350483807615,-0.2476958239470868,-0.36531634366794724,-0.5149740309164154,-0.40348223654953513
acc_y_max,-0.07254342437132172,0.4437249116369074,0.6394818818085258,0.5547939095916217,-0.2781314647128377,0.6008672340505475,-0.1843109713175606,0.6100047047231446,1.0,0.6885235899542168,-0.4280094542694563,0.7482068404075097,-0.0965754970845135,0.6240977577324907,0.4992873300845788,0.5707208798760126,-0.6443442767309395,0.5011360504778956,-0.13886860882667643,0.34525353059102953,0.14233904924475752,0.37047817848301967,-0.4023549415155992,0.35794548038193336,0.24370369892351068,0.41966119940557606,0.4193492045042099,0.20470068581294446,-0.17255259533055514,0.18419003922201474,0.17116628879415968,0.3250618552289109,0.3422661491037571,0.2527873003826698,-0.07154824169042098,0.22082750914123297,0.026359584199874737,0.18796943866021648,0.11300016345915115,-0.025587005504793082,-0.03172822840727388,-0.026359584199872638,0.24412732473287813,0.15297897491686271,0.2515598531550235,-0.24374709548560042,0.1947096465921407,-0.24412732473287774,-0.03060216626343683,0.24426564386174204,0.07709135391118567,0.03092826856903262,-0.09154171447850133,0.030602166263436287,0.13942040446325182,0.19312691858025913,0.19357819950422495,0.140801439279853,0.09629317209554002,0.13942040446325132,0.1960543020328098,0.2616307731947087,0.2775460394326613,0.22065606594405743,0.12037563348227263,0.19605430203281,0.29642528506175253,-0.16764962548071619,0.2504198572945242,-0.453271590846992,0.29006359581651175,-0.4484161250710767,-0.4820319378157847,-0.25174732629466756,-0.46320178168440485,-0.396708713089292,-0.4682956360985502,-0.38370645236485323,-0.4658559521423505,-0.1051125439965149,-0.40530560193347664,-0.48756398750775615,-0.472754206448983,-0.4909906337057946,-0.43706617779657836,-0.12811253245177753,-0.3747047704503833,-0.42503769474504427,-0.4818604086888304,-0.4304048430998918,0.42316556960775137,-0.14237589956628316,0.41909382369548565,-0.4183688610238732,0.37220806926270744,-0.42401535154834213,-0.45798203543263616,-0.18379580680828153,-0.4150966881815475,-0.44331867480571,-0.4730107915723517,-0.44476862512054205
acc_y_rms,-0.38081564875653323,0.7744940756390345,0.6108311773559406,0.864259972780585,-0.668063872325437,0.8156742374002747,-0.5031876847978053,0.9231910587102484,0.6885235899542168,1.0,-0.8512874324856737,0.9564343065538138,0.14028692247952174,0.7695176941832237,0.6256435303228304,0.7133082006836496,-0.4990774354763919,0.6149007816427995,-0.26744609595753455,0.41082013887218566,0.11648822899078703,0.5067077037405603,-0.5641474617173762,0.4924347706460934,0.19308518025319457,0.6186193495428993,0.45566853783578987,0.3951707868960164,-0.40884968131341903,0.3575326895501361,0.3069758389847377,0.7121241244136249,0.5976799290446958,0.5953128667475229,-0.3584213523989035,0.5315914570751294,0.06457997632903091,0.403205661457597,0.24469278684295584,-0.06268787245293651,-0.03444792784923434,-0.06457997632902837,0.21383187441386559,0.3939517995631712,0.3258074392811158,-0.2104643598509118,0.10594390118643565,-0.21383187441386656,-0.05372064300849587,0.3828986636743707,0.12845591110835147,0.05428883045214889,-0.16457861086718256,0.05372064300849087,0.16491018818348158,0.4639179162364174,0.3279506272146427,0.1697254684079396,0.049389034354289485,0.16491018818348122,0.20329042114952087,0.43147381910705523,0.39159036845257583,0.26741861165571873,0.03510226429022845,0.20329042114952076,0.38784996308158476,0.029072855056077984,0.4623530027455572,-0.4205127511777309,0.2667949141880092,-0.43004783293719107,-0.5411412477944889,-0.11398219647846565,-0.4344406377012808,-0.412193054478067,-0.5669353225512034,-0.42106229551443597,-0.5851517991639166,0.01059516198984543,-0.4396530857985311,-0.586420767362404,-0.6119897362685176,-0.6084117847150745,-0.5344223708980289,0.01709696769623274,-0.37857911042021575,-0.4867878781780327,-0.6287403858789896,-0.5228294722005055,0.5093945532282914,0.0114990416362566,0.5576517094104102,-0.4739697412883298,0.36007600343925933,-0.5081942917180015,-0.5596735651578058,-0.0841389121206452,-0.421139622865687,-0.5103192837501789,-0.5943614952660699,-0.5385629129162551
acc_y_min,0.7190366318239287,-0.8211098258572509,-0.2853119415260266,-0.6704173858895808,0.8529809886575264,-0.5315848227346881,0.8183949261113616,-0.957189017104206,-0.4280094542694563,-0.8512874324856737,1.0,-0.6871055769859608,-0.501352616637198,-0.6853413003984364,-0.7145623611421836,-0.48213799078389347,0.10532517178304575,-0.30483870244702155,0.4469682909674629,-0.15687548657805248,0.1777337805661011,-0.21689359299164532,0.49481970108068285,-0.19567908741593437,-0.08149881453202895,-0.490675520842232,-0.2622062246658656,-0.3035396037234765,0.4569841665207795,-0.27113215992731865,-0.33796033459052577,-0.6406347591224203,-0.5480355272813695,-0.49828752722936576,0.28590446916838574,-0.4259507941674476,0.2714357229587451,-0.26135976751028395,0.07538083821122407,-0.2736546502250337,0.36294916568589763,-0.2714357229587466,0.15508873400862394,-0.3081104029412093,0.009754228446216004,-0.1596416949863366,0.2569358527715582,-0.1550887340086229,-0.1281156802989195,-0.2293002919329593,-0.2574060300072608,0.1277545213630772,-0.04684516980622989,0.1281156802989254,0.20865034636825455,-0.3286988785049497,0.02083516942483058,0.202982661626456,0.32367290848554475,0.20865034636825477,0.062373834897989464,-0.15581933025507155,-0.08299891004806635,0.007188030777544574,0.14705836375312786,0.06237383489798951,-0.18649816995760216,-0.24946307209957616,-0.3769752961669739,0.2273287096347102,-0.019643018905035538,0.2547700236667889,0.3030939855482179,-0.10556487713611629,0.15770256933006685,0.23152808466682015,0.40245371928424517,0.26005365082068704,0.2946435761991219,-0.24327384317896852,0.10743346864657166,0.3026516071580225,0.387094821551788,0.3365051746564095,0.2679800961998998,-0.23501486139639582,0.07794447093369557,0.20979037494289374,0.4405562301530516,0.2577876089834747,-0.2502037642981539,-0.23889183174462233,-0.37470797360782254,0.2092818530849876,-0.05953611486107518,0.25626048927019685,0.3117732094764275,-0.1287902123692209,0.13867033249213628,0.25792480997803907,0.4258266150439438,0.2973705085874451
acc_y_abs_sum,-0.19261936369784013,0.6433121530845894,0.6899959426927703,0.839644554448111,-0.48608003767692476,0.8539852157638043,-0.3201439094510457,0.79686525666449,0.7482068404075097,0.9564343065538138,-0.6871055769859608,1.0,-0.05653919717574727,0.7066514849111828,0.49933678079911387,0.7166024631698219,-0.6417550661139313,0.6673531264057762,-0.20205738523364167,0.4949087547171483,0.2196994323844574,0.6126629183953661,-0.5635566756700404,0.606945166107488,0.2593911973046937,0.603712907937377,0.5252459234510484,0.41406541873522,-0.3100383218925887,0.3830976996302364,0.30876661362640156,0.6937449778496555,0.6011247757432853,0.6158299752019937,-0.30490916856662553,0.5641631401746497,0.2053175336876672,0.4525873320415546,0.37262401720570876,-0.20356630068970416,0.09731149339414683,-0.20531753368766437,0.3572715129006566,0.424205782306886,0.4518089640631269,-0.35429930859207437,0.24379207501825276,-0.3572715129006572,-0.1074552607340331,0.4330891571905178,0.0839192988862927,0.10810840736576055,-0.22769255140291284,0.10745526073402965,0.32006793373936243,0.5170943751923139,0.4669147538556592,0.3245089681428863,0.1979647503335202,0.32006793373936204,0.32477888087562257,0.5395953887162727,0.5176476386188887,0.3887937898201392,0.1223218860327212,0.32477888087562246,0.46071223872147177,-0.14122775764296325,0.44885091078666384,-0.483797784453641,0.3967324518229572,-0.4806098247283106,-0.619188251796706,-0.2673842627199302,-0.5632915593030228,-0.47335330140143506,-0.5869781653149656,-0.4637226457587443,-0.6797257128501697,-0.15645888953156353,-0.5871238227134352,-0.6809457272615186,-0.6527423391745051,-0.6890491675491236,-0.6257732071685506,-0.147168351197192,-0.5195722885146103,-0.5952512029303378,-0.6511170704115058,-0.6153548189926724,0.6008807561031136,-0.1594657511061352,0.5836538208006978,-0.5787659874775787,0.5055196727452802,-0.5966542463889167,-0.6362163025552947,-0.23575342277439376,-0.551677109379237,-0.6029597671877397,-0.6044241147542302,-0.6154205560783619
acc_z_mean,-0.7272206427314999,0.5182667907027272,-0.3291524008726155,0.10674474434337985,-0.7046379391192068,-0.08739554571507893,-0.6278875031468845,0.41417062145270955,-0.0965754970845135,0.14028692247952174,-0.501352616637198,-0.05653919717574727,1.0,0.4120162960506213,0.6935926592579891,0.1440065425789418,0.6090828355169753,-0.05925633740156153,-0.3571898483809474,-0.04761768052198617,-0.26007530104286924,-0.11658560661368984,-0.17202934075808046,-0.1627970289602346,-0.45277003615215067,0.2151549777852704,-0.36057403992805537,0.15281498103611926,-0.5336750747362626,0.11910061135670258,-0.15454802233733123,0.14209996425214533,-0.07057802551033758,0.07251332562099481,-0.38916669615827437,0.02924104095659883,-0.5465292040022924,-0.11988140544435426,-0.4529266627792337,0.5472379502093043,-0.5503239538949144,0.546529204002292,-0.3935976787335866,0.09942618816262162,-0.28361378947986454,0.39693594276280847,-0.4313420708951549,0.39359767873358625,0.1719320849676879,0.055497725517171075,0.19354463362914545,-0.1717038732843087,0.11610992307374896,-0.1719320849676921,-0.5039265681224391,-0.04768748463372287,-0.40110140103006486,-0.5019624175806705,-0.5230268194645222,-0.5039265681224391,-0.5189011290664216,-0.47373123147633855,-0.5408573722834995,-0.5212453743485441,-0.38473031886839004,-0.5189011290664217,-0.12477031147540468,0.5625942578314345,0.16293319136994142,0.2194937978841199,-0.35445918995553305,0.17604160085038004,0.19823170246694047,0.5214527782044198,0.40963000064108956,0.1933065123657255,0.008172279496031833,0.13394760736630204,0.17080950846807957,0.5540421695812635,0.3978708605201192,0.18852712100596605,0.003720886360367626,0.13859355452850955,0.21399147486173792,0.591795003559545,0.45791374896518827,0.29150897598719083,-0.007339325899457755,0.21598785629146852,-0.2190708549826068,0.5953889781873446,-0.015877740458545973,0.2784065096085995,-0.46019080426619985,0.20889736806250583,0.16181824207541812,0.48396708686163764,0.38368966887790695,0.22640889435176495,-0.035504079408579824,0.16288097252317868
acc_z_std,-0.336065902004949,0.8018506900891675,0.5250387446171818,0.8140382363259892,-0.7209692284306318,0.7423834827917214,-0.4058008579403388,0.767311662069562,0.6240977577324907,0.7695176941832237,-0.6853413003984364,0.7066514849111828,0.4120162960506213,1.0,0.8968681278838613,0.8869672929367584,-0.41062152198435525,0.7404731183924582,-0.13248741825709853,0.43879459051786174,0.24118960857899382,0.429172370500586,-0.4251648426732172,0.3928672521596531,-0.11511736754313956,0.5881532165079886,0.1455461449659578,0.2649605511853634,-0.5664023945982417,0.2081689245268133,-0.08174656993032915,0.5017987950743178,0.227668158384833,0.4189557840737792,-0.6280858018186922,0.3631319540203712,0.0002010721257320774,0.24838082170582254,0.13717470269190626,0.000571385290453722,-0.05475329548764633,-0.0002010721257307408,0.29336252941094465,0.29759364847678527,0.3592351399942798,-0.29219225205923455,0.22545181534977074,-0.2933625294109447,-0.13934444580693103,0.3616301086316032,0.014671575089975781,0.1398886537770051,-0.24755998742108376,0.13934444580692615,0.15278384244457494,0.26955672088553784,0.2602410900581118,0.1543261226859203,0.12224323361866729,0.1527838424445746,-0.05390057299627378,0.08530595427640372,0.06745735094194803,-0.017918753321294563,-0.0628740472227596,-0.053900572996273766,0.3791606929427877,0.20219256770740948,0.5036792380002871,-0.35480429051162615,0.1793953922934375,-0.37476768824185974,-0.5188163977010269,0.060697277252712664,-0.3335179916213785,-0.39359967554000636,-0.5929571753218121,-0.42539626946482745,-0.6054362934039423,0.1587051123639536,-0.3884370032441858,-0.5880820374343693,-0.6793324653796985,-0.6277648766486246,-0.5310523196259597,0.18827419681062546,-0.29464628427328876,-0.45930531426831567,-0.6713754281119636,-0.524269771404859,0.49204931855062517,0.20482652321451308,0.603501329196182,-0.4307565724575491,0.2586956193920433,-0.4924676223002323,-0.5708221983471549,0.05123345432772824,-0.3559216064080482,-0.49883802426979534,-0.6455276164520083,-0.5528146378101084
acc_z_max,-0.5933788451959158,0.7944972916542106,0.23282089914286966,0.6287443422657366,-0.8363693421656668,0.4997469823182502,-0.6035741786199521,0.743129704490684,0.4992873300845788,0.6256435303228304,-0.7145623611421836,0.49933678079911387,0.6935926592579891,0.8968681278838613,1.0,0.6875498924810203,-0.045771661947511276,0.47695279940987156,-0.26912356648001173,0.20829333864360025,-0.01235728460184558,0.20347449108370927,-0.34318545523835076,0.16643033669432133,-0.24187463707550724,0.4927497616842153,-0.0428283652074778,0.20183296970952033,-0.6175772587777645,0.15008286632709758,-0.07999372521360137,0.3836472983110427,0.14675649799909105,0.28414176070536573,-0.5259237426816885,0.2261370905069398,-0.29335786480413656,0.11135324771583675,-0.14789503153522124,0.2943866326358041,-0.33293963651372993,0.29335786480413734,-0.010552735221673505,0.19738985438018858,0.07394077600293142,0.01236297020677377,-0.057284858127740576,0.010552735221673186,0.0070514630848427726,0.25133664022003743,0.11153421703321718,-0.006662772413990099,-0.08646988540231865,-0.007051463084847846,-0.17365581256390605,0.14158367190518578,-0.049119482453494394,-0.17146157582575383,-0.19906988456155603,-0.1736558125639064,-0.27560977136332526,-0.1312661920795614,-0.18911286162125251,-0.24712879971807486,-0.2462717399544673,-0.27560977136332526,0.18044100508137817,0.40323817204506385,0.40618245463721653,-0.15179994032733016,-0.05328732758197502,-0.1855347951108062,-0.2602539548126921,0.2767649194567946,-0.04933456972277625,-0.17432849883684454,-0.409908397541629,-0.22292612512491125,-0.3164768270639633,0.380725449987395,-0.06588150048931926,-0.30213604491353024,-0.4563323675323035,-0.3523991198867304,-0.2517312710194155,0.40376700472609445,0.013283019072726403,-0.16921924236192837,-0.468049122001878,-0.24549701530000195,0.2216175729733131,0.4147612265636956,0.401429676057589,-0.1563014342546333,-0.03911197904098809,-0.2280630145576865,-0.3036761455067405,0.2714434905887833,-0.061664997003496654,-0.2256351185899307,-0.46400061136232273,-0.29084279427555987
acc_z_rms,-0.03416549677949325,0.6809267166688363,0.6377114497798403,0.8565042875279495,-0.5284591385239621,0.8363938335228466,-0.10482550804505539,0.6040700480269405,0.5707208798760126,0.7133082006836496,-0.48213799078389347,0.7166024631698219,0.1440065425789418,0.8869672929367584,0.6875498924810203,1.0,-0.5328272986039687,0.9618266156233726,0.07854307984638213,0.5380322310825195,0.44600315562202364,0.5606787058092498,-0.35367422181828084,0.5306822416440963,-0.1343635557010098,0.5857317500577859,0.15395748100656712,0.3406854640370885,-0.49852582292731396,0.2867305004851577,-0.17496758472488935,0.4804526660356594,0.17680714465099373,0.4128296148204314,-0.6833755810270387,0.37070280187199034,0.2943683400281495,0.2867807030770591,0.37590229025010324,-0.2942193424864902,0.26489983123604355,-0.2943683400281482,0.5485181705536948,0.3508568391504984,0.5926912538702848,-0.5480130620153186,0.49045997384575096,-0.5485181705536947,-0.2702660547698974,0.4077551832088603,-0.11613566640295865,0.27087115912492,-0.38909955578111216,0.27026605476989374,0.45498759677608475,0.31159771322862095,0.5083547320596042,0.45503007263013334,0.4472797089404509,0.45498759677608536,0.14877800924279405,0.2649598704661642,0.2730123646355686,0.1823211789286555,0.08502228252722377,0.148778009242794,0.47927500106403437,0.1168088525194267,0.5471095105931609,-0.3978133581755961,0.29550961820417265,-0.4086538198429942,-0.6011833217656121,0.0036215847064771183,-0.4173217876356903,-0.4502971436679402,-0.6413400750550003,-0.4774108178261541,-0.7431620705364713,0.0462630328240375,-0.5462243980433735,-0.710947112374347,-0.7795584621742087,-0.7465065623303616,-0.647526489327212,0.1050945253346526,-0.41966952061237756,-0.5784614199687436,-0.7376042194189815,-0.6430527362638981,0.6040926722675323,0.12280510714525246,0.6824137448847193,-0.5394084937866676,0.38229805009560436,-0.5991061239131095,-0.6745538812403891,-0.03354154119312254,-0.4659432028019718,-0.6015234339939445,-0.6949394039691715,-0.6548873239712213
acc_z_min,-0.423581244907945,-0.17214291024043185,-0.8064356455229741,-0.5294935556576789,-0.0866976873897235,-0.6632978820328972,-0.24402230536480313,-0.26215238908395977,-0.6443442767309395,-0.4990774354763919,0.10532517178304575,-0.6417550661139313,0.6090828355169753,-0.41062152198435525,-0.045771661947511276,-0.5328272986039687,1.0,-0.6070238465628028,-0.1584153283568022,-0.472212349631767,-0.43979021187092066,-0.5016462389021789,0.27877528593621326,-0.5110254791690299,-0.4156931156167235,-0.25420257698072796,-0.5332611719077645,-0.09593166674589684,-0.12112520943894252,-0.08778913627100184,-0.12797463314570148,-0.2960467390639847,-0.2948567206666886,-0.3251253922519828,0.09417653554234956,-0.3255551132808512,-0.4864859159918979,-0.34820800181369727,-0.5216503115326898,0.48625046340695605,-0.40769575702246447,0.4864859159918965,-0.6056584809280594,-0.20143883452804245,-0.5627424141662662,0.6068102690048284,-0.5511845276001115,0.6056584809280597,0.22882318580254124,-0.2627661397949711,0.109984898926135,-0.22913698233156224,0.27133110311839465,-0.2288231858025406,-0.5935324590844628,-0.3010897615944738,-0.5876502107773988,-0.5934367358834863,-0.5506538872022428,-0.5935324590844624,-0.4737655759793619,-0.5166657964902972,-0.5742197636197347,-0.5008290919298641,-0.33880762621182403,-0.4737655759793623,-0.4686513765499563,0.4728977166601485,-0.258438899031738,0.5873082633167764,-0.5554585432024842,0.5576755179192293,0.6877407798002304,0.5410248333456078,0.7519888546102037,0.6068022861956507,0.5432501612161256,0.568244996719119,0.7018088044576246,0.47541594285785704,0.7591823526158933,0.7149203567913,0.5879314143788061,0.6925063833705741,0.6933917121895092,0.500446891947727,0.753061137269467,0.720393500245901,0.5744737702720827,0.6904069927110323,-0.6690864893027675,0.48155665093441985,-0.545003432587955,0.6850125663605398,-0.7215840618989672,0.6601975954635529,0.6817060381388891,0.5073498827240398,0.741008526304349,0.6980370382334177,0.5377280802584582,0.6702825722658687
acc_z_abs_sum,0.1872792338990402,0.5242366592288693,0.6798905828876052,0.7949885002784172,-0.3291271243531474,0.8191566175440391,0.10609563918914335,0.4423052323391153,0.5011360504778956,0.6149007816427995,-0.30483870244702155,0.6673531264057762,-0.05925633740156153,0.7404731183924582,0.47695279940987156,0.9618266156233726,-0.6070238465628028,1.0,0.19409830536843253,0.5797364427299272,0.5451434133907005,0.6102179117818158,-0.3032314778623623,0.5846433568241226,-0.11486647194294998,0.5203621359700135,0.16260447533306321,0.33445223313296085,-0.3937214716492497,0.28842226812661226,-0.2238512197011649,0.4127056203107775,0.12075368644978725,0.3822013724779152,-0.6531904847899893,0.3564071580583498,0.45100610956439685,0.29172589207150945,0.4950788796424879,-0.4512271749947119,0.43536849777629,-0.4510061095643956,0.667428483917698,0.3577491186549757,0.6921878262975756,-0.6673636164735436,0.6147797344938821,-0.6674284839176976,-0.32710088415000554,0.4193791462514216,-0.17596182599590718,0.32774104913181334,-0.4449363523065854,0.3271008841500032,0.6073115602811883,0.31248432211725213,0.6226101322929448,0.6064254966385612,0.6125084213226426,0.6073115602811885,0.25188503579183796,0.3494293242592675,0.37280584708679987,0.2823877996375566,0.1615461269602997,0.2518850357918379,0.5117946126189657,0.0006939754027039188,0.5150173249433883,-0.41774239109154765,0.3724255430243516,-0.4189784463391164,-0.6226687805188165,-0.0851816791969293,-0.47186817474500026,-0.474371928380846,-0.6196464077270145,-0.4903090584031574,-0.7770168665787331,-0.07376729732535484,-0.625862885122381,-0.7424833796434871,-0.7726314250724431,-0.7678423657346921,-0.6823005563320257,-0.0074353925369598246,-0.4970451590851381,-0.6275314665606444,-0.7144426024547917,-0.6796164385176207,0.6411983167639083,0.009166861110332769,0.6725380599499027,-0.5855101443324501,0.4624033607054555,-0.6329495515368214,-0.6975259524309516,-0.13090032067209392,-0.5285978065725023,-0.6370688238944914,-0.6652210601660179,-0.6788591390902319
gyro_x_mean,0.5621979158509709,-0.2658839436609574,0.07427242334749727,-0.08410322037413438,0.35964894161199523,-0.025487719207010866,0.6153706293538488,-0.41566999297645946,-0.13886860882667643,-0.26744609595753455,0.4469682909674629,-0.20205738523364167,-0.3571898483809474,-0.13248741825709853,-0.26912356648001173,0.07854307984638213,-0.1584153283568022,0.19409830536843253,1.0,0.010931600195050581,0.6800913190958237,-0.000154081118170168,0.6726869698194657,-0.0025457799479562267,-0.03237315383590846,-0.15951414886131773,-0.06818937346668974,-0.25521390415819023,0.17373378588399147,-0.2657659973561157,-0.5394834852163803,-0.4277517884938585,-0.5098899302038801,-0.43512959637223325,-0.15841001264877355,-0.4075380220242627,0.2914146516113897,-0.15690643337903182,0.1641226489118351,-0.2939173965494534,0.3970481147495784,-0.29141465161138963,0.2797054823320708,-0.47848936852001145,0.09761511455292379,-0.2889353024439004,0.48328257639494243,-0.2797054823320708,-0.2837759428300891,-0.2713150161175528,-0.4549233014035982,0.2830499212362341,-0.2038563215223832,0.2837759428300918,0.25372751770708984,-0.2354064091039067,0.1202880222703658,0.24788786847523708,0.3816533299496367,0.2537275177070901,-0.09094604677129833,-0.1510911391358534,-0.10858853230160545,-0.11509584562338052,0.008918087232531138,-0.09094604677129826,-0.07504551036556262,-0.028037377616052676,-0.15435147186652,0.05917747301356793,-0.04835952155984478,0.06591389299676427,0.09247134729231316,0.018647648475634097,0.07382053571362457,0.06289556595160409,0.12986873127657111,0.06292085290239123,0.07821800876367381,-0.02759875711345385,0.03764737502546553,0.08971967687502391,0.08798706626627936,0.09174573653127302,0.0783046873606114,-0.025506174130383256,0.02872137025435075,0.06721911276114977,0.12155563279043674,0.07559428136975473,-0.07746256822357184,-0.010404134157769867,-0.09283440521307536,0.07839627351028965,-0.03709474387124494,0.08337366972776729,0.08597198106584684,0.009925561412376117,0.060423157586236106,0.08269747942137468,0.1129558312859847,0.08591767307613106
