,acc_x_mean,acc_x_std,acc_x_max,acc_x_rms,acc_x_min,acc_x_abs_sum,acc_y_mean,acc_y_std,acc_y_max,acc_y_rms,acc_y_min,acc_y_abs_sum,acc_z_mean,acc_z_std,acc_z_max,acc_z_rms,acc_z_min,acc_z_abs_sum,gyro_x_mean,gyro_x_std,gyro_x_max,gyro_x_rms,gyro_x_min,gyro_x_abs_sum,gyro_y_mean,gyro_y_std,gyro_y_max,gyro_y_rms,gyro_y_min,gyro_y_abs_sum,gyro_z_mean,gyro_z_std,gyro_z_max,gyro_z_rms,gyro_z_min,gyro_z_abs_sum,quat_w_mean,quat_w_std,quat_w_max,quat_w_rms,quat_w_min,quat_w_abs_sum,quat_x_mean,quat_x_std,quat_x_max,quat_x_rms,quat_x_min,quat_x_abs_sum,quat_y_mean,quat_y_std,quat_y_max,quat_y_rms,quat_y_min,quat_y_abs_sum,quat_z_mean,quat_z_std,quat_z_max,quat_z_rms,quat_z_min,quat_z_abs_sum,encoder_angle_mean,encoder_angle_std,encoder_angle_max,encoder_angle_rms,encoder_angle_min,encoder_angle_abs_sum,grf_x_mean,grf_x_std,grf_x_max,grf_x_rms,grf_x_min,grf_x_abs_sum,grf_y_mean,grf_y_std,grf_y_max,grf_y_rms,grf_y_min,grf_y_abs_sum,grf_z_mean,grf_z_std,grf_z_max,grf_z_rms,grf_z_min,grf_z_abs_sum,grt_x_mean,grt_x_std,grt_x_max,grt_x_rms,grt_x_min,grt_x_abs_sum,grt_y_mean,grt_y_std,grt_y_max,grt_y_rms,grt_y_min,grt_y_abs_sum,grt_z_mean,grt_z_std,grt_z_max,grt_z_rms,grt_z_min,grt_z_abs_sum
acc_x_mean,1.0,-0.13616524711627911,0.38661386544971865,-0.09354641776821804,0.7099280697815062,-0.0749021297154586,0.9648424949626179,0.16954671254643047,0.6024174398328189,0.023311953670658084,0.6716576516699864,-0.030281857012594907,0.127390525132059,-0.22701143577702412,-0.19838834178346326,-0.22052477940864676,0.20688153796805817,-0.20751816944296378,0.23924612364510625,0.26882162236964025,0.4105585887770449,0.033383731136301914,0.0015305247112654893,-0.010903563536808457,-0.07277690299927096,0.39480022016563476,0.14984512855581453,0.3920902612769795,-0.4616469805835716,0.4317441784249329,-0.6016253398470144,-0.2032704132489271,-0.4462996782313588,-0.25747526141999366,-0.5727574785632695,-0.2095190957065944,0.6337478429543494,-0.0010866889436525308,0.42383949133670706,-0.6393393243385191,0.7701409272063932,-0.6337478429543509,0.8102180030617057,-0.07335321769407792,0.5655499775208263,-0.8288939474101484,0.8471461070195103,-0.8102180030617057,-0.4508716093189602,-0.29839545217624464,-0.5106053098722034,0.4465311667718147,-0.27795627051220145,0.45087160931895864,0.7724792300958618,-0.2785220045235592,0.5223387385033832,0.7529421522817262,0.8375237645700864,0.7724792300958617,0.1950847108642624,0.12367722343911347,0.15471115645138128,0.1858233644461901,0.1667368535736444,0.1950847108642624,-0.23915626889943103,0.2796142878006957,-0.24663604377619236,0.008754955498294664,-0.32900567420982707,-0.01979504036826833,0.10660872258157257,0.4330869348982972,0.27585273733056476,0.22952861501919075,-0.132116831157319,0.20449984750571246,0.15965321199831894,0.38683347553144853,0.30297667525129673,0.1778363005210606,0.05076527133961649,0.1461662998290166,0.1402952800227058,0.4500322204610694,0.31878748346842395,0.24641353894940254,-0.11286830599371139,0.20587715306491072,-0.1887911480485811,0.44643602173453956,-0.053540288200927315,0.2455568195375443,-0.33792398764048587,0.20343327525359703,0.09585438917677948,0.39526308803189286,0.2540115469718424,0.22314697629164365,-0.16140931335748238,0.1898501731617798
acc_x_std,-0.13616524711627911,1.0,0.8105322250268526,0.8824466118717624,-0.7166864369436198,0.8080037784696191,-0.17587973107042856,0.8558757035199699,0.633594715770433,0.7175340757573065,-0.6726198230655186,0.6719946411043817,0.1082520887311442,0.8947448596320914,0.8201349751614938,0.8464645190146709,-0.6636086299435596,0.7776165059983736,-0.4008135877964557,0.5095920171312514,0.06901187272874171,0.4403262052083041,-0.57074591988913,0.40846898534343656,0.20304745191305318,0.273741846373513,0.31723322929101966,0.28239816457442407,-0.0626290132232502,0.27453077757971467,0.16560576594744253,0.46478491006660305,0.3725035543836267,0.41867515498460073,-0.3967632082444804,0.3974350045000585,-0.1007214669135207,0.2878363535429454,0.06353709848795973,0.10599702749090645,-0.32844704775680794,0.1007214669135219,-0.18589593982131944,0.4017073408228946,0.007656819301581358,0.2166894040469203,-0.4500964055094626,0.18589593982131974,0.3486875455146324,0.30960215692943666,0.4589966396808497,-0.3469696854428023,0.18372861351569653,-0.34868754551463,-0.24485731401411748,0.33335905952362316,-0.09314411240161195,-0.23540022269548805,-0.42302479338278864,-0.24485731401411762,0.3031557370708949,0.30769645029556525,0.33918911401264823,0.32004270200660584,0.19319244721334025,0.3031557370708949,0.48091350480065903,0.14251757299723292,0.6541407289888127,0.08866548286984911,0.37611235456934733,0.07423276288590328,-0.3530220152550221,-0.1516288946702805,-0.3224324696830913,-0.30727284942667854,-0.33952454012067035,-0.3001488215453839,-0.5496546156364452,0.087576318603054,-0.42751635185269676,-0.5098376087120133,-0.6063672450233539,-0.5290755532919112,-0.44291665016483056,-0.11950894514518058,-0.373315803772099,-0.41307702782893124,-0.4767195945862935,-0.42995161998340764,0.5030582446799459,-0.08243941054532107,0.545170399534351,-0.47008208568366133,0.4124704977150209,-0.4896405097900061,-0.3955802635259121,-0.19595297465523254,-0.3655396126579453,-0.3632837758713101,-0.35924623200469796,-0.3671516758174326
acc_x_max,0.38661386544971865,0.8105322250268526,1.0,0.6748214471086282,-0.2157811482712528,0.6111976823695994,0.3342402399104761,0.7706796405779311,0.887288241947927,0.5432838736398496,-0.16390255666669487,0.47971899169939747,0.23707034596619186,0.7286819112280315,0.7126354839027651,0.6568259628127526,-0.4540680435035205,0.5853858177463337,-0.12652646409575813,0.4728716463780731,0.28335418433921067,0.28351435212571663,-0.3663251737143473,0.2394734585066119,0.037403978969022054,0.3419639925542465,0.23016236824962688,0.3214316964234746,-0.28347060200703916,0.33301005139483303,-0.2536378132505479,0.13975703259668124,-0.04866323002034847,0.0987921489311986,-0.5710455879300678,0.10956104123205794,0.10784373796453049,0.11844478717946129,0.12068155493616978,-0.10692518291436741,0.04807594232094817,-0.10784373796452944,0.15160059770013395,0.2026340303181289,0.16949104728664563,-0.13976188407301124,0.00385360127446708,-0.15160059770013357,0.12610009573342276,0.025182798889351894,0.1394822134516673,-0.127769289155035,0.12523342884126318,-0.1261000957334211,0.07341171356223403,0.044809367175280466,0.04608348916962434,0.06837453737782731,0.0049601873852411875,0.0734117135622339,0.22115437709136604,0.2078435908491269,0.22958682472808628,0.2289117850798809,0.14434756226689305,0.22115437709136596,0.28300769041858503,0.3575063513604004,0.4792971406261615,0.14043310580901797,0.12917485795770925,0.10621305379121192,-0.21931404526395112,0.09633956681665856,-0.11028815763217821,-0.13305882162547078,-0.32315614541013316,-0.14068698044363828,-0.31595254559854113,0.3231391253919272,-0.1245516996509965,-0.28328773650223,-0.4273439296501229,-0.3176337683799574,-0.2736874190000607,0.12965615115543683,-0.1288342273287793,-0.20095778740199333,-0.4221408455861944,-0.2342834785178494,0.296073454269095,0.1765866078538061,0.4034734332718723,-0.24287436461095724,0.13941459308587292,-0.2811990602231685,-0.2559112802318863,0.03982203820266127,-0.15491018093216655,-0.17035697781316958,-0.35176517022117376,-0.1893007040874945
acc_x_rms,-0.09354641776821804,0.8824466118717624,0.6748214471086282,1.0,-0.6533876180488034,0.9850157300503399,-0.1252763388570071,0.8538830952475642,0.5729029091323071,0.9195082398180907,-0.6577369911194937,0.9002024012081664,-0.20881160026315645,0.8034460765545507,0.5971794937329932,0.8304800742713478,-0.8297919694299669,0.833357446761298,-0.5593389882706108,0.643644860674623,0.006533299498527671,0.6340302895862021,-0.7642046766854319,0.5974360236043162,0.21211707676871785,0.5298313824395909,0.49998887968109057,0.4353631690946445,-0.23660490149315302,0.4188460440368691,0.20433464256783657,0.6629150531743395,0.5289544013252517,0.6090359781902978,-0.5232943637151796,0.5772643610008489,0.03624046171015125,0.4863700119566776,0.27965047761673656,-0.02946325767072625,-0.24187688076328265,-0.03624046171015017,-0.05817146620285164,0.5256168295533615,0.18659876448535834,0.09017640415809994,-0.3571979312622456,0.05817146620285218,0.36161239193054256,0.5348690111700208,0.5321525618326045,-0.35684332123180196,0.02798820338897386,-0.3616123919305398,-0.12501725866428223,0.45849847085226164,0.0951507318768011,-0.10835499359669279,-0.32801751998760675,-0.1250172586642822,0.4114504781228793,0.5855940256011662,0.573820305022656,0.4711564192360592,0.13471992908777894,0.4114504781228795,0.4790391625980393,0.0616594532342774,0.6030633142405056,-0.030586380494939384,0.38030395895236985,-0.03975906944077197,-0.41028651135823285,-0.09509004940797404,-0.33062287555520065,-0.31206276020788287,-0.434009471949945,-0.3085220508245127,-0.6871356120920507,0.053607147039286165,-0.5458406419097677,-0.618332392286087,-0.7344672540586985,-0.6404167813505077,-0.5186125746748599,-0.06269834156476006,-0.3918172092724844,-0.45358458877052305,-0.5933558807889873,-0.48246586283448334,0.5639125525846466,-0.015935450241665015,0.6183355003888386,-0.5154338101568263,0.4178122929788365,-0.5482318568304017,-0.46763716620202866,-0.16205077325985062,-0.3963374121695674,-0.3993799036175678,-0.4640019196237339,-0.41223650259327954
acc_x_min,0.7099280697815062,-0.7166864369436198,-0.2157811482712528,-0.6533876180488034,1.0,-0.5794533092307431,0.697042791412083,-0.4670402007406184,-0.004687555145706082,-0.48734945550018305,0.953153773560211,-0.47283086205523656,-0.0016764368304615542,-0.7165059506216868,-0.6516612003349058,-0.6906498171272758,0.5732423170254457,-0.634243328815424,0.4405051247205733,-0.18517070615336814,0.22694573010453364,-0.307438992332386,0.41533749893398597,-0.31401591416335906,-0.18588470767826548,0.024830118374482117,-0.13936657504390615,0.06217580824231812,-0.20919350991085436,0.09310383395235534,-0.46975433817225676,-0.45854514387540957,-0.5377286240389223,-0.4359757909886322,-0.06903868152477363,-0.3904965654064471,0.42723167660834344,-0.21448342245602203,0.18016993831528774,-0.4339230991721239,0.6547313641392613,-0.4272316766083447,0.5930417078639673,-0.28393839350021083,0.32737568446296245,-0.6207759366592343,0.7702335172218693,-0.5930417078639666,-0.4974357504926745,-0.4046505925855707,-0.603447709793235,0.4935893226122124,-0.26256388664994,0.49743575049267275,0.5924314635968325,-0.3735148062913564,0.3423811683957681,0.5753549944938354,0.7343919204639959,0.592431463596832,-0.07291822310774959,-0.15922799252021946,-0.1422119736643757,-0.09694513704218614,0.018182362887665664,-0.07291822310774952,-0.4914560978270484,0.143135103579513,-0.5817729289671244,-0.014009677372112084,-0.485197168458463,-0.02615698080283343,0.32278664404337565,0.39249811647511723,0.40977575562282664,0.3503443267257963,0.16033048919455498,0.3279801256631324,0.4974004945069619,0.2101544944593435,0.508093303645109,0.48700851103812176,0.4596410149517996,0.4793541462458154,0.40417565278113826,0.37797201009580084,0.468264151392678,0.44644960637233566,0.2655774828710823,0.432186684355426,-0.47535853437794673,0.35812856947143185,-0.40999549771020694,0.48727158899667594,-0.5095167268553321,0.4729031050601969,0.3471317292103902,0.3935257499483338,0.4240671238888364,0.39646920888992315,0.1563461246457356,0.37847425680885655
acc_x_abs_sum,-0.0749021297154586,0.8080037784696191,0.6111976823695994,0.9850157300503399,-0.5794533092307431,1.0,-0.1077864819537636,0.8232581175443098,0.5388898752877216,0.9413404260544359,-0.6056630024552634,0.9378856108279624,-0.3221150598568903,0.7264662548059332,0.48518650537949787,0.7762227486093933,-0.8352546267115879,0.8079328842183748,-0.589991689050014,0.6702222903031045,-0.000897639778041435,0.6734558875254947,-0.7952358779650702,0.6367808312809142,0.23867482098545933,0.5921820196194718,0.5580867501126332,0.48422803854232405,-0.2562668892102748,0.4661776058373179,0.23196990169551354,0.7092149398983463,0.5750223483430662,0.6592956998033921,-0.5310801812967089,0.6260889534708343,0.0956915088669131,0.5452294332694188,0.3506730635110317,-0.0884402555772623,-0.2041280122487159,-0.09569150886691209,-0.0031747259213236382,0.5675859858652491,0.2507079017962206,0.03667447016867781,-0.31939884209582303,0.003174725921324025,0.3353788829299665,0.5887818083265361,0.5299386972488163,-0.32978091436229195,-0.03434407058598037,-0.3353788829299641,-0.07228185911095927,0.4979888679419824,0.16147326892672356,-0.053335234248420633,-0.2897380644467826,-0.07228185911095916,0.4636702652492832,0.6551637275956999,0.6426013368654193,0.5296238295572149,0.15641385900876903,0.46367026524928356,0.45358489331813734,0.021466947530174762,0.5513906555316372,-0.07333179820541437,0.36695550038226415,-0.0789578174619691,-0.41197475798217537,-0.09249487643471663,-0.3282668031764964,-0.30719574249597537,-0.4354108984103481,-0.3033683953260517,-0.7052773836879516,0.013818231953458267,-0.572855734657356,-0.6278204627622072,-0.7367215878762677,-0.647429242256121,-0.5224237230553664,-0.06170968780639647,-0.3906154012290618,-0.4520524269210425,-0.5941076964440491,-0.48140715537586015,0.5606783590758521,-0.013908824188626007,0.6061205286085187,-0.5113011120968446,0.4099886948972686,-0.545118209780264,-0.4698913507673118,-0.1608745378498593,-0.39790568308713126,-0.39820200576460557,-0.46737801727255435,-0.41180019989412
acc_y_mean,0.9648424949626179,-0.17587973107042856,0.3342402399104761,-0.1252763388570071,0.697042791412083,-0.1077864819537636,1.0,0.12880775150666318,0.5813302959079543,-0.018262067930153204,0.6867400810388141,-0.08104756056234678,0.1810599477283387,-0.2393215771574039,-0.1926467249138269,-0.2474219747862869,0.2517256546863325,-0.24518080904240488,0.3264193170764572,0.2370139575378322,0.4565401479106883,-0.03613478881997468,0.06933935441139187,-0.08222636582245288,-0.20984082698165468,0.3401729172879707,0.027114139673554995,0.2964073584066076,-0.545705634453414,0.34050894599420284,-0.7202469505850033,-0.2698760827280175,-0.5376605026091883,-0.3594694979933907,-0.5980975321060507,-0.31856078310606556,0.5316630322161151,-0.11734617386215804,0.3111010759379162,-0.5387972356128657,0.7423678884011474,-0.5316630322161161,0.7596949075854298,-0.19864987992757724,0.47859871924899255,-0.7867115316732591,0.8724007736006691,-0.7596949075854299,-0.3792218048754854,-0.3811142453587551,-0.5093020197094402,0.373716710830271,-0.18545993821299522,0.3792218048754844,0.7222793489969453,-0.3985160064716443,0.44153616436394044,0.6972963460721906,0.8565589734186955,0.7222793489969445,0.04820414810474026,0.023787470393706094,0.03139624647409525,0.04421493196416948,0.04507720834273629,0.04820414810474028,-0.3252950891433067,0.33238058141957966,-0.31867596810070353,0.06707872094320753,-0.41576696021842885,0.03672303293240213,0.18510501011455546,0.47904568505920353,0.3524600882440495,0.305825038730258,-0.07447550818567832,0.2809516165951207,0.25823843236618804,0.4311184319625858,0.4042488261338065,0.2720236067972856,0.14040433532124885,0.2395630485886116,0.234648207521387,0.5047616235240093,0.41326579840746,0.3438781111722532,-0.0382803934089878,0.30394023072285004,-0.28648965246911035,0.4922232543621762,-0.14567839955757797,0.3417192117102883,-0.43422312287169423,0.29918286654383297,0.17950433740352614,0.4628174927190361,0.3418827320563681,0.31409887449965174,-0.11539228571997172,0.2799756760023577
acc_y_std,0.16954671254643047,0.8558757035199699,0.7706796405779311,0.8538830952475642,-0.4670402007406184,0.8232581175443098,0.12880775150666318,1.0,0.8132750868374844,0.867383110806846,-0.5328864118334428,0.8084758341701663,0.008119062047916932,0.6826685064233258,0.5741453552796187,0.65034787902683,-0.5987103391294435,0.6254748723610863,-0.5277489807249343,0.6981557863085379,0.08706144141563876,0.5968879004627826,-0.7520173290296244,0.5411403244163868,0.3906785935736511,0.6039281090707935,0.6273652031568283,0.6220381347682349,-0.20117205765900723,0.625205716261107,0.11012766299783563,0.606373791864382,0.4273707952509159,0.5291593148184681,-0.6306927886709,0.5202465289486407,0.2432951581120874,0.5041623203657162,0.3978823020665327,-0.23743118750377196,-0.05863881789891461,-0.2432951581120871,0.19339951391823046,0.5406019036981209,0.3526807251894407,-0.15947869269508833,-0.14998340105184904,-0.19339951391822993,0.16415372325735886,0.4026094103988401,0.35449216536760986,-0.16160893078658478,-0.05502862221138722,-0.16415372325735716,0.13322967533661823,0.3927857438537243,0.2541445814184834,0.1429644860925282,-0.09928331150647282,0.13322967533661803,0.566614955083838,0.5416967468647764,0.6048067990509868,0.5880664222802913,0.37144125937766476,0.5666149550838381,0.3959775576954007,0.10852841708936896,0.5056846626122192,-0.041019967266287954,0.292786746677715,-0.05645235401633083,-0.3643322544220455,-0.03914545750698052,-0.27244917863921503,-0.24631351217866262,-0.4245030763382055,-0.24319895313502807,-0.5629930649187982,0.10980146367681483,-0.41383552174487415,-0.49914645812718517,-0.6103519643974104,-0.5237001463225845,-0.4406050374915385,0.005491424272623282,-0.30142775979099495,-0.36192659923753734,-0.5466965335481765,-0.3923436026515996,0.47081220452684175,0.03380718766222984,0.5284224413713708,-0.4154165049569287,0.32773800957958893,-0.4497618722757056,-0.40632480172888713,-0.09736987474577616,-0.3217704998111138,-0.32174911619420676,-0.4445395852636921,-0.33681184519599217
acc_y_max,0.6024174398328189,0.633594715770433,0.887288241947927,0.5729029091323071,-0.004687555145706082,0.5388898752877216,0.5813302959079543,0.8132750868374844,1.0,0.5816161394104243,-0.015811875141784396,0.5022472258355325,0.20739101392181505,0.5247192691035043,0.5003665370565396,0.46600338731049235,-0.36232145677369365,0.42225633007532115,-0.13060010996394492,0.5961470812476559,0.35826841267543064,0.36307969008106233,-0.43419810863353786,0.3050902041204919,0.09533409583355619,0.5161422782276337,0.36807576611791604,0.5124777287051165,-0.4026916867794377,0.5366496554503128,-0.3501359511291852,0.1690816894134142,-0.08643847469805958,0.10389347855672593,-0.7239873044500789,0.1251882325338773,0.31273855797479,0.20003144525886823,0.30098949588812624,-0.3124253646164284,0.24059366526020734,-0.3127385579747898,0.40569731784262353,0.22811051113194172,0.3735125959645814,-0.39693742202773363,0.24562763929827586,-0.40569731784262325,0.008179547527715464,0.03825162465845621,0.04219086549993022,-0.009785512915139545,-0.008249275088061576,-0.00817954752771435,0.33690565279950163,0.02889412301013955,0.2682090840854851,0.32947143877644014,0.2596766969180193,0.33690565279950124,0.3303135942570471,0.2892927308510503,0.33530579907285507,0.33735245971169614,0.24225274359151608,0.33031359425704704,0.14248994700645828,0.3757172202874933,0.3064114340846287,0.10257061763864138,-0.002974561008291416,0.06423952232614867,-0.15462907311853072,0.22873785253637408,-0.0024948011136275376,-0.01993433459057768,-0.3336778871841929,-0.031006414801704872,-0.22622915803419535,0.3918617822981465,-0.015856689248499103,-0.17612250558289771,-0.34325280100512573,-0.216936531398079,-0.18098602237299316,0.279409573334499,0.012107546464879508,-0.07272005551164533,-0.40202857282171695,-0.11525356152408137,0.17987267398547435,0.3027164839945616,0.309601752539227,-0.11251671120062733,-0.0035215277941408013,-0.16076402736552758,-0.1811144091102528,0.18080608392427172,-0.036265643815720776,-0.05607858099822547,-0.3613524615183029,-0.08350393167423348
acc_y_rms,0.023311953670658084,0.7175340757573065,0.5432838736398496,0.9195082398180907,-0.48734945550018305,0.9413404260544359,-0.018262067930153204,0.867383110806846,0.5816161394104243,1.0,-0.5682908561938096,0.9896708010419153,-0.2600932235068378,0.5976362880087318,0.37101007493848276,0.6239803951282206,-0.7460407776879662,0.6599675244331338,-0.6810822437065008,0.7265749264060058,-0.042114098973705605,0.7688020875043127,-0.8794848000451405,0.7315832313406604,0.3347959729303672,0.7739799479686846,0.7310876460503059,0.685128843089624,-0.3392788282481185,0.664236988566987,0.27628394848573573,0.7664143763201319,0.6175080233965069,0.7586978581299333,-0.5798013899239861,0.7410667587267479,0.24825574086163074,0.699416485668892,0.5212881092299357,-0.23937700911527798,-0.12421645191146766,-0.24825574086163074,0.15473077062408644,0.6921083279539377,0.4286510708048278,-0.11599803072405583,-0.22538190719696488,-0.15473077062408602,0.24216659664550982,0.6868058178541762,0.5109258663878021,-0.23530791557095326,-0.1624264443682872,-0.2421665966455079,0.1037021827954521,0.6083673785507762,0.357171186292156,0.1267479003727116,-0.17656721821280086,0.10370218279545215,0.5996082385125308,0.778883194561063,0.7739631372148646,0.6674488760466389,0.22491926867952688,0.5996082385125311,0.37101337496486875,0.016773138593774835,0.44774332072541584,-0.0964258471302168,0.2920882997974854,-0.10279334939116863,-0.35287252949771813,-0.003029831828841785,-0.24512432014427046,-0.21355828881277084,-0.42658133326548225,-0.2115742071046742,-0.6421080493584249,0.047571055731124585,-0.5048326206954777,-0.5527821343092744,-0.6797046461899107,-0.5755994682084783,-0.44223684999305757,0.034166935954816416,-0.2879093926165942,-0.35366265211143144,-0.5626372008200607,-0.387886048626883,0.4730781752259566,0.0642560008704427,0.5345011250541153,-0.41527741624649767,0.30965528254354385,-0.4540501430932032,-0.4051255069591615,-0.06965034878065542,-0.3103866870472323,-0.3127880975844655,-0.45877856557255464,-0.3310128148674628
acc_y_min,0.6716576516699864,-0.6726198230655186,-0.16390255666669487,-0.6577369911194937,0.953153773560211,-0.6056630024552634,0.6867400810388141,-0.5328864118334428,-0.015811875141784396,-0.5682908561938096,1.0,-0.5582324915936189,0.11531444320458362,-0.6198215787470398,-0.5205408712384623,-0.6091288872204113,0.578503063436457,-0.5898412550906613,0.5665283949845279,-0.22491942783615843,0.3128032300157899,-0.37795901610061305,0.5259520897878889,-0.3784005508958718,-0.37341303340476467,-0.10605510137538866,-0.3296601519037918,-0.10614756047499724,-0.26010335408712887,-0.07475597641141225,-0.5776302218663182,-0.6023203961622885,-0.6850483458711247,-0.5713783565056073,-0.03825939971906457,-0.5263129594203733,0.2584709247416738,-0.3749323468794033,-0.0018287852923233711,-0.26658282802658184,0.5733353547241246,-0.25847092474167455,0.44960581904138686,-0.4227098632375506,0.16097124452716613,-0.4851650082406617,0.708369778113067,-0.4496058190413868,-0.383494884439913,-0.5044485837773832,-0.5731489733346814,0.3785446840866281,-0.10402171475580643,0.38349488443991137,0.45191453038469864,-0.4852726203968906,0.18067441631437728,0.4306555989048758,0.6593880861972745,0.45191453038469837,-0.2595638887092866,-0.30223378978899695,-0.31229682525260044,-0.2814205543897979,-0.12370369159011667,-0.25956388870928665,-0.5091876718310613,0.21673738553930694,-0.5612662225531037,0.09663189156767632,-0.5172209307028843,0.08232200785008417,0.37861618429713295,0.4147074471727497,0.4575952480090949,0.3932456603616925,0.2153971640442473,0.37073328597842553,0.5672545888095669,0.2800917266720089,0.5893970139629098,0.5436036564049822,0.5035169982648057,0.5329917580480656,0.4662553715286069,0.4056006784118138,0.5237057160495783,0.5014692304569448,0.32119385906347453,0.4884889975241025,-0.5300132792086141,0.38484934856377145,-0.4538442583708087,0.5383389617528618,-0.559907535189509,0.5244274311638782,0.40369688015626476,0.4296845488869317,0.479564359479008,0.45075555264622763,0.19971496012437703,0.4336801635139662
acc_y_abs_sum,-0.030281857012594907,0.6719946411043817,0.47971899169939747,0.9002024012081664,-0.47283086205523656,0.9378856108279624,-0.08104756056234678,0.8084758341701663,0.5022472258355325,0.9896708010419153,-0.5582324915936189,1.0,-0.336913807375934,0.5614042923789774,0.31427128744447547,0.6035777754744356,-0.7592616783267812,0.656328482981269,-0.7020890546254209,0.6956985874060511,-0.0851854151834771,0.7753514299000026,-0.8750306948959389,0.7435407338595026,0.3494703424337265,0.7721748472973287,0.742567108823937,0.6834045038790857,-0.31554488609797743,0.6573912329329263,0.33371750709616654,0.7929666677168394,0.6639407024544794,0.7987054689496946,-0.5335640611467835,0.7785852752138209,0.23832376803992822,0.7235067627407943,0.5257757523135806,-0.22883640780455167,-0.15220453235644413,-0.2383237680399279,0.12266072502207287,0.717825239006345,0.41956403701780587,-0.08194717585448949,-0.2668690690690915,-0.12266072502207241,0.25302922117844034,0.7360147679439061,0.5398325688135318,-0.24531161191847167,-0.17863607160047643,-0.2530292211784384,0.07262477073374474,0.6536271869370861,0.3529492416447209,0.09870753213710295,-0.22100166621156944,0.07262477073374482,0.6134714525962878,0.8032039528582788,0.7956033199252288,0.6842190988094083,0.22804471614759175,0.613471452596288,0.36503123346990834,-0.023716984945592427,0.43016629833200176,-0.11422881732863209,0.3017935597508738,-0.1168862229502029,-0.3411049265240385,-0.022390469805647288,-0.24553156196979392,-0.2107705531026279,-0.40082083056736684,-0.2078438391095064,-0.6482572495397553,0.00011752812493595141,-0.5293439818191976,-0.5554174077920857,-0.672470608916671,-0.57399702102205,-0.4340725302842163,0.00666636581175776,-0.2954447239394718,-0.3538542984187988,-0.5363397654418989,-0.3845921320063279,0.46715187746183673,0.035229664431834846,0.515924859119392,-0.4143149682451603,0.31604217814447816,-0.44922368905800236,-0.39427477630994756,-0.08939874249961653,-0.314506157439073,-0.31311508517763015,-0.43341501163577567,-0.3291803192546961
acc_z_mean,0.127390525132059,0.1082520887311442,0.23707034596619186,-0.20881160026315645,-0.0016764368304615542,-0.3221150598568903,0.1810599477283387,0.008119062047916932,0.20739101392181505,-0.2600932235068378,0.11531444320458362,-0.336913807375934,1.0,0.11564306164744154,0.4021180718589241,-0.1408838990263125,0.4532133893532731,-0.33439029922560803,0.2595729653600663,-0.1879944221717075,0.1219296845246733,-0.30055473290118084,0.28821943421728247,-0.28161778227160134,-0.3427633008293902,-0.16266622809756254,-0.32217275970112214,-0.14041113950676995,-0.18418985610090124,-0.13245388033142777,-0.2620504373054163,-0.46174950645207946,-0.4968477662066012,-0.33060230921383277,0.051928815574921,-0.28828088714290473,-0.21490780729229939,-0.2619606102835982,-0.2713913600305738,0.21311762055991984,-0.059910963557619025,0.21490780729229939,-0.04539645113360812,-0.18208150876679283,-0.11567870978660182,0.036030985517918286,0.06926356154357502,0.045396451133608184,-0.026099721310647857,-0.3090410055405595,-0.15778399153036912,0.02246483128944392,0.18443175972889936,0.026099721310647438,-0.011105973231643404,-0.19633896905396883,-0.10794950588327507,-0.021442863831546956,0.06936778275914698,-0.011105973231643605,-0.3492893926992095,-0.3468576924066287,-0.392274174265021,-0.36434498630758483,-0.2598400721001189,-0.3492893926992099,-0.23996391150700985,0.40369782663515663,-0.10469319035713714,0.33367118154895087,-0.3128217698499231,0.3025622858905857,0.28851529090644074,0.2950649484286181,0.3213470893340531,0.2892850499838057,0.1438811350110454,0.2770966745183105,0.46730468203174935,0.44993868976439744,0.5430986019155738,0.4222337422485687,0.3206899986684319,0.3990891319694466,0.3674815401156273,0.3239137154939218,0.3947523631459097,0.37612806337348703,0.2111238276113477,0.3680221547769331,-0.37592364765482605,0.30633792354726663,-0.2550378905672756,0.3824588740028684,-0.39172002247262816,0.37286812653506707,0.3031480517590356,0.34302475756509443,0.3626301598391608,0.33940908255524177,0.11978572736554877,0.3300585963991363
acc_z_std,-0.22701143577702412,0.8947448596320914,0.7286819112280315,0.8034460765545507,-0.7165059506216868,0.7264662548059332,-0.2393215771574039,0.6826685064233258,0.5247192691035043,0.5976362880087318,-0.6198215787470398,0.5614042923789774,0.11564306164744154,1.0,0.9273390495928051,0.9497000848836075,-0.7362765001485743,0.8665158858293376,-0.28735856968807005,0.37124544621839844,0.05819538203206758,0.3253823940989488,-0.419127916081092,0.30554751988104134,-0.013176920330658443,0.13961914795847782,0.11607018424682548,0.032317065465389226,-0.09311897498498882,0.019422247118348144,0.0462886389866718,0.2565253737901219,0.18180246633323807,0.24510229491699195,-0.2771663588315753,0.22067595263983336,-0.33972058834311825,0.10891494326297313,-0.16436858507493776,0.3438074829994962,-0.455095689229818,0.33972058834311936,-0.40905571737900753,0.19448726616221917,-0.23970186331339474,0.4262461377949841,-0.5387892104973973,0.4090557173790076,0.5436421022270008,0.26533821156471626,0.5627569773669004,-0.5422466263334071,0.3694679786743975,-0.5436421022269987,-0.44848793786501256,0.18668257611302816,-0.31001821999269835,-0.4426091647771425,-0.5254325380012895,-0.44848793786501256,0.023647506240659408,0.15396904858933833,0.1254992736629539,0.056617355869146464,-0.0661026323304723,0.02364750624065942,0.48542417124238035,0.1894108588516476,0.7153752010224466,0.12407368315233305,0.38104235393419394,0.10271836472871342,-0.32738367652481215,-0.1558001291714782,-0.3014507785461714,-0.28561630933262766,-0.30563640537641784,-0.27749586604867543,-0.4821107671736555,0.13993375421001453,-0.339262621784045,-0.45237800849172755,-0.5419879616644079,-0.4737500694687653,-0.40555778492747296,-0.12268860081924783,-0.340115625062044,-0.3825361037086824,-0.42612960034563646,-0.3962500764811193,0.45373986813773415,-0.06834814772108268,0.4954801822010165,-0.42577277022299703,0.35994130900982635,-0.44490044800724227,-0.37129586349238125,-0.19059950294740896,-0.3408447550899328,-0.33910174848070107,-0.3277054723775296,-0.34116116222292586
acc_z_max,-0.19838834178346326,0.8201349751614938,0.7126354839027651,0.5971794937329932,-0.6516612003349058,0.48518650537949787,-0.1926467249138269,0.5741453552796187,0.5003665370565396,0.37101007493848276,-0.5205408712384623,0.31427128744447547,0.4021180718589241,0.9273390495928051,1.0,0.8112549747235153,-0.4589612965594719,0.6681789777012066,-0.11591213693723507,0.19702652938859783,0.07994047607126749,0.13313416969937303,-0.20612472619137512,0.12254471608178283,-0.07229567825049615,-0.01560066271268004,-0.04274462947086577,-0.096570305289239,-0.0427128613715139,-0.10388335502176052,-0.05337782297726945,0.025806205810020136,-0.017555996275664534,0.029438904016843803,-0.16002477568202444,0.019924559291242813,-0.4203599145661235,-0.06146498707833954,-0.31844012245333536,0.42286704004701525,-0.46064835122404607,0.4203599145661242,-0.44386857459209816,0.025736369579741583,-0.35362365796472356,0.4535518367947667,-0.4925979434494176,0.44386857459209855,0.48785225982688263,0.06295238159981323,0.44100225923076225,-0.48879769655385497,0.4543617581535903,-0.4878522598268813,-0.4653107830303154,0.027597200735552458,-0.40729094987534636,-0.4668286067689324,-0.48461764865763146,-0.4653107830303153,-0.11428283889689887,-0.06066324142805633,-0.08860145434557294,-0.10689947919998206,-0.118833162629255,-0.1142828388968989,0.3834538702655739,0.22910316830440136,0.6143573058242615,0.19460241135127612,0.2869203102354975,0.17275193015923362,-0.2100592583259977,-0.15210275107499877,-0.2226595352870373,-0.1956745654883113,-0.1821454038638517,-0.18552091562248224,-0.27246631987766556,0.16703122778290094,-0.15626718216092528,-0.2725190396387509,-0.33567125851328283,-0.28856698611023396,-0.2562790950181574,-0.11895719859187628,-0.23711012219670663,-0.254663869411443,-0.262121883131586,-0.2578937091031327,0.30200437043079215,-0.08588121817059974,0.3315868636061157,-0.2888543327415942,0.2554130599460198,-0.29590361182771036,-0.23226064718681746,-0.1514036121637674,-0.2346643451849887,-0.21720032154608937,-0.19933301737250608,-0.21380627588666873
acc_z_rms,-0.22052477940864676,0.8464645190146709,0.6568259628127526,0.8304800742713478,-0.6906498171272758,0.7762227486093933,-0.2474219747862869,0.65034787902683,0.46600338731049235,0.6239803951282206,-0.6091288872204113,0.6035777754744356,-0.1408838990263125,0.9497000848836075,0.8112549747235153,1.0,-0.829342396318241,0.9708859702363148,-0.2674871174220946,0.4338392415589306,0.10560462844035112,0.4071480951394417,-0.45601882067773997,0.3828585800104252,0.03889385436145198,0.14450628190367995,0.14577604083773923,0.05809973001062166,-0.06330539624113646,0.0463305095518735,0.06697124207833278,0.33312172030321013,0.2628609132165145,0.27750703859205356,-0.2955945845400989,0.24406062979000645,-0.2630511122895172,0.1196777099984879,-0.11008828423504603,0.2664241361711519,-0.3867950472257901,0.26305111228951783,-0.3796954866869863,0.19508083523056044,-0.21709298688459502,0.39513253307886115,-0.5156680450800717,0.3796954866869868,0.537496984718095,0.29472179359810086,0.5727304184498018,-0.535893767682725,0.33975387692089465,-0.5374969847180929,-0.41589304548515016,0.19526462513154894,-0.27554054896062635,-0.4098428733437048,-0.4989769541768008,-0.4158930454851498,0.08737884323619662,0.18577729795215833,0.17827548016337777,0.11554577139893518,0.012712495949208133,0.08737884323619671,0.5188672326546082,0.0868745288707714,0.7065131924371818,0.0776933370819988,0.43816301040623246,0.06561574744040084,-0.3547393975737026,-0.1957890903550229,-0.34492166876864244,-0.31147026291178803,-0.321509801841989,-0.300346889656098,-0.5697884847366397,0.05626072503646865,-0.4521588141261235,-0.5282071404681787,-0.6152920102013893,-0.5451848156677321,-0.4516608515664506,-0.16972128160427813,-0.40188889300012764,-0.43203739606273817,-0.4600388461025764,-0.44342404917217537,0.5080904963066731,-0.12835314476341678,0.5366624968725331,-0.4820938041939617,0.43206570389587096,-0.49711752524434444,-0.40418443448473884,-0.23183990313691585,-0.39059983250541347,-0.379193508990873,-0.3459039620804665,-0.37925458280746194
acc_z_min,0.20688153796805817,-0.6636086299435596,-0.4540680435035205,-0.8297919694299669,0.5732423170254457,-0.8352546267115879,0.2517256546863325,-0.5987103391294435,-0.36232145677369365,-0.7460407776879662,0.578503063436457,-0.7592616783267812,0.4532133893532731,-0.7362765001485743,-0.4589612965594719,-0.829342396318241,1.0,-0.8817748963908244,0.4774714681038117,-0.49406742640817847,0.052446953880301225,-0.5053566105641051,0.6176763410207514,-0.4714502859533156,-0.15322350175065078,-0.33490809288221984,-0.3620905683171076,-0.2323791400936964,0.08996017818362866,-0.21587751491598164,-0.20944564969343002,-0.537080753245255,-0.46848533780663754,-0.5102308781864491,0.33488505712293876,-0.4752140343107281,0.09696874127724299,-0.35919117533126504,-0.1338084441556889,-0.10272402686185157,0.31579293941736925,-0.09696874127724389,0.23690729569030472,-0.398316990163267,-0.00048646064943950557,-0.26156061632056493,0.459203503887955,-0.236907295690305,-0.45225026733979257,-0.5323331619676578,-0.5911882428972848,0.4469532607875406,-0.10847717369476512,0.45225026733979007,0.3027924853480806,-0.3832422255461836,0.08198543677267137,0.2858752943157165,0.45353446161270156,0.30279248534808034,-0.27006860179753817,-0.46257708115286494,-0.44107172392345695,-0.328265785648956,-0.05920278723496745,-0.2700686017975382,-0.5014474384625365,-0.05206848587818978,-0.6660637539382857,0.03739882421301596,-0.4254463821779326,0.05201458304561024,0.41837244418734426,0.1439457651242729,0.3515209610189283,0.3494857582500187,0.39613338764852507,0.3469885273025321,0.6587533688767252,-0.016731106094087345,0.5297080058785247,0.5902626290117038,0.6789054723349225,0.6113478607248424,0.5253586202763955,0.1318018459525183,0.4247852775837155,0.4821506380102225,0.5386274114478627,0.5048472119661837,-0.565774912528526,0.06294426968873143,-0.5981579107108822,0.5278961795162008,-0.4401168594899001,0.5550110189974305,0.476669814960228,0.22843140767377904,0.4206887410360941,0.43774568761763366,0.4026482270418624,0.4462274251251434
acc_z_abs_sum,-0.20751816944296378,0.7776165059983736,0.5853858177463337,0.833357446761298,-0.634243328815424,0.8079328842183748,-0.24518080904240488,0.6254748723610863,0.42225633007532115,0.6599675244331338,-0.5898412550906613,0.656328482981269,-0.33439029922560803,0.8665158858293376,0.6681789777012066,0.9708859702363148,-0.8817748963908244,1.0,-0.29679963971148454,0.48388053505967515,0.10881980761492903,0.4736730446105912,-0.5099240591963038,0.44635990670076087,0.07745023878318864,0.19921655291944151,0.20838682858957483,0.1205057924042459,-0.07201752382383712,0.10764437259490403,0.09341772457570463,0.40672246583555605,0.33761371580260174,0.33375759288776913,-0.3108466450175401,0.29271020928747904,-0.18529695939124735,0.16848056870114897,-0.03112551861180641,0.1887393735959913,-0.3263912143568233,0.1852969593912478,-0.32364003533606867,0.23482745763357404,-0.15307320909211589,0.3398374214453717,-0.47903306361524267,0.3236400353360689,0.5125971653693588,0.33901418570759834,0.5724123387702129,-0.5105959563821126,0.2821715504243904,-0.5125971653693568,-0.3583948252781787,0.22703797839401801,-0.2077707141405519,-0.3512467390643081,-0.45501033551843,-0.3583948252781783,0.14655572962051472,0.24025716703940256,0.24526257332252566,0.17702219367642835,0.06575544456430156,0.1465557296205149,0.5158941053850591,0.03512881863842,0.6770493695446166,0.030210600553452118,0.4482139453839939,0.022031748872485424,-0.3664425572794706,-0.1835558034943937,-0.3474754350800821,-0.31666984976819684,-0.3402195122013667,-0.30649168609399124,-0.6166973049766644,0.01893232537152355,-0.5070957339585432,-0.5608581082475856,-0.6526866546774264,-0.5772245851770093,-0.4725673108045122,-0.162337965790435,-0.41399934143830874,-0.4467690343209319,-0.4861430235703875,-0.46035965176328203,0.5263054762291222,-0.12002897786921687,0.5548544275354278,-0.4971660009151765,0.44376686266591026,-0.5145729699427449,-0.42235493057229123,-0.2300584156832163,-0.403078432291008,-0.39423184774868425,-0.36680315794294277,-0.3958805627439282
gyro_x_mean,0.23924612364510625,-0.4008135877964557,-0.12652646409575813,-0.5593389882706108,0.4405051247205733,-0.589991689050014,0.3264193170764572,-0.5277489807249343,-0.13060010996394492,-0.6810822437065008,0.5665283949845279,-0.7020890546254209,0.2595729653600663,-0.28735856968807005,-0.11591213693723507,-0.2674871174220946,0.4774714681038117,-0.29679963971148454,1.0,-0.35482759482857884,0.6187213013088695,-0.526695689989154,0.8106670745840824,-0.5123803980026045,-0.5200693838461855,-0.5641653551714838,-0.7320137983420835,-0.49366177793203847,-0.05536637283547065,-0.46411867117624495,-0.5548826491481195,-0.6755870461855559,-0.6941618251244813,-0.7225397378155392,0.14494345347118956,-0.7103339137415107,-0.14505434750900215,-0.6955866495760181,-0.4357217030791601,0.13440255288599456,0.26894074470291734,0.14505434750900212,0.010180629577992184,-0.6441677904838781,-0.2773761606607781,-0.049886290191217875,0.3715728179135411,-0.010180629577992182,-0.14554464816959578,-0.7083919936297346,-0.4535768604752106,0.13715353565262842,0.23825210768714994,0.14554464816959548,0.02776060321816927,-0.6003136320663991,-0.23455646758561988,-0.00036982430214696466,0.3043039363948078,0.02776060321816911,-0.573850160808933,-0.6945840682692254,-0.7021998827276964,-0.6262837190514572,-0.24126098752569497,-0.5738501608089333,-0.45055493699168353,0.2122659434402702,-0.418707208573029,0.38822350784621007,-0.41846878645962193,0.3843322735952021,0.5166334755991439,0.20177775456253863,0.443886846677876,0.4297048644429287,0.4657932392128512,0.4302755882805993,0.6502010861670535,0.17485113743101582,0.5931581068294763,0.6102005340250212,0.601781698157994,0.6132026530231142,0.5922388321758154,0.2011692278929011,0.49420705372471757,0.5505531583545671,0.5589864358917761,0.5696182925848872,-0.5888897626307062,0.11898025731398128,-0.5794470806526147,0.5611143337332664,-0.4771185805349773,0.5829264737811805,0.5557580660046374,0.2980511990869279,0.4995777730034643,0.5231178208954884,0.4387264588780931,0.5330538170493826
