,acc_x_mean,acc_x_std,acc_x_max,acc_x_rms,acc_x_min,acc_x_abs_sum,acc_y_mean,acc_y_std,acc_y_max,acc_y_rms,acc_y_min,acc_y_abs_sum,acc_z_mean,acc_z_std,acc_z_max,acc_z_rms,acc_z_min,acc_z_abs_sum,gyro_x_mean,gyro_x_std,gyro_x_max,gyro_x_rms,gyro_x_min,gyro_x_abs_sum,gyro_y_mean,gyro_y_std,gyro_y_max,gyro_y_rms,gyro_y_min,gyro_y_abs_sum,gyro_z_mean,gyro_z_std,gyro_z_max,gyro_z_rms,gyro_z_min,gyro_z_abs_sum,quat_w_mean,quat_w_std,quat_w_max,quat_w_rms,quat_w_min,quat_w_abs_sum,quat_x_mean,quat_x_std,quat_x_max,quat_x_rms,quat_x_min,quat_x_abs_sum,quat_y_mean,quat_y_std,quat_y_max,quat_y_rms,quat_y_min,quat_y_abs_sum,quat_z_mean,quat_z_std,quat_z_max,quat_z_rms,quat_z_min,quat_z_abs_sum,encoder_angle_mean,encoder_angle_std,encoder_angle_max,encoder_angle_rms,encoder_angle_min,encoder_angle_abs_sum,grf_x_mean,grf_x_std,grf_x_max,grf_x_rms,grf_x_min,grf_x_abs_sum,grf_y_mean,grf_y_std,grf_y_max,grf_y_rms,grf_y_min,grf_y_abs_sum,grf_z_mean,grf_z_std,grf_z_max,grf_z_rms,grf_z_min,grf_z_abs_sum,grt_x_mean,grt_x_std,grt_x_max,grt_x_rms,grt_x_min,grt_x_abs_sum,grt_y_mean,grt_y_std,grt_y_max,grt_y_rms,grt_y_min,grt_y_abs_sum,grt_z_mean,grt_z_std,grt_z_max,grt_z_rms,grt_z_min,grt_z_abs_sum
acc_x_mean,1.0,-0.5885644716386335,-0.4524760044218533,-0.6041530786675247,0.6653155873018786,-0.6218341818507985,0.7281284521466161,-0.569552214066646,-0.45772438226348827,-0.5736069645415598,0.640116035638411,-0.6000705426508286,-0.3732263630542734,-0.6041901056823792,-0.5762133874058167,-0.5957662860611911,0.6544875214058452,-0.6034409666782486,-0.34436400936751327,-0.4326640289265931,-0.42237956358540957,-0.47663951639632424,0.4795857206918112,-0.48714267674262973,-0.01614541470684033,-0.6387929417157138,-0.3510776359947394,-0.40715855618692753,0.3276990975311355,-0.3830255852026439,0.5001326302120443,-0.7023503111472754,-0.008473274395285458,-0.5426621500181678,0.6196316144705505,-0.5057231223323699,0.4831367557665839,-0.45405131404735,0.4617611408063558,-0.483441123525255,0.49369379949491504,-0.48313675576658155,0.39677500521342207,-0.3781952057876968,0.3754331319686133,-0.3971456597505331,0.42338216061205114,-0.39677500521342196,-0.40740193122156065,-0.4397181912470831,-0.4649020545544834,0.4069981283668237,-0.36647852686106247,0.4074019312215609,0.47591212212074335,-0.48474449751606086,0.4813154625465835,0.47522633198747216,0.4957104861607441,0.4759121221207432,-0.4967395870151303,-0.5347607422151028,-0.5297070653692433,-0.5281529155805428,,-0.4967395870151309,-0.3144703575644255,-0.5050803670028284,-0.3818858979007643,-0.23143585194965838,-0.26620854097025337,-0.20797982624663303,0.22873457969145863,-0.5583995586676156,-0.05971563391336299,-0.3579994343602142,0.5024509475104977,-0.29961786213557673,-0.09074725037586753,-0.5663792851446733,-0.30021292116735016,-0.14816827700505178,0.3064268349090926,-0.10575117717309947,0.322589251094355,-0.5835078176236927,-0.07051995690491515,0.2525854343561794,0.579240222754976,0.31350981506873127,-0.3953722652731183,-0.6265806208266136,-0.4472476868057944,0.2991203547192852,-0.28299772612648344,0.3142776478141242,0.3851272327678664,-0.37171745373090576,0.3464656887743709,0.3487243747764597,0.421065401667297,0.3579799177488477
acc_x_std,-0.5885644716386335,1.0,0.9770907324687438,0.999508777325841,-0.9826013275930497,0.9954539354647632,-0.6208333670331405,0.9908921387067441,0.9782639557133098,0.9895415272519034,-0.9764940625755201,0.9853416885807104,0.9166604761498833,0.9829941122443835,0.9851268440538146,0.9827446080305838,-0.9649683740475928,0.9801496008671718,0.36572144536147777,0.6122749014208179,0.5639844918152184,0.6017604590173176,-0.7112582459588443,0.625508425442122,0.13333312124595026,0.612453416915773,0.4678297464466167,0.3195841162706338,-0.23617117321293132,0.30322635017766036,-0.6914827006039588,0.9223047021376942,0.07553586412083711,0.7487840227538392,-0.8237604272762843,0.700510082552151,-0.7573994970642566,0.5991184013330487,-0.668350294019428,0.7575745707799815,-0.7248298142407297,0.757399497064254,-0.5588512204775096,0.5644190440208365,-0.5274854683753449,0.5593782876668534,-0.6038986426817021,0.5588512204775097,0.6494558450002481,0.7127590331080034,0.7021712693917258,-0.6486086762005434,0.545101349511546,-0.6494558450002466,-0.695272670409805,0.6554179463646358,-0.6818314352108471,-0.6940234593503576,-0.6982519057744865,-0.6952726704098053,0.7356303294455775,0.8193187110990167,0.8329777346482018,0.8024446227657377,,0.7356303294455786,0.4561321751626421,0.7393712165468774,0.5657711952721802,0.42020986535862376,0.3720705772101135,0.38920553633880434,-0.2795510146403011,0.5544754393224313,0.08775012373681704,0.4364282017020591,-0.5543854241237597,0.37825228869545435,0.17710965274860554,0.6252491042849154,0.353437541815485,0.2443819948788844,-0.32969695441623786,0.19937483149389854,-0.4049644615185555,0.6174224442174635,0.10399624102486596,-0.31284754421574174,-0.6423920916163874,-0.3870144879818367,0.4873624448231584,0.7705208836248619,0.5288647806114527,-0.36742773014542995,0.27590744382090276,-0.38234030201806407,-0.47877291129197425,0.38605697326438987,-0.38772853348465336,-0.42529954294369987,-0.4730397290221974,-0.43241186241170315
acc_x_max,-0.4524760044218533,0.9770907324687438,1.0,0.9735443754903864,-0.9325994370783444,0.9597394997717313,-0.5878129997555135,0.9781697981487162,0.9992924701757601,0.9764408855741351,-0.94803757698341,0.9597042376180351,0.9168120495341034,0.9481982844568136,0.9646149409750671,0.9486943343695268,-0.9222819714813011,0.9426760091648851,0.32900031499489846,0.5157388535687119,0.4793724781493765,0.5123019333158276,-0.6177518776609445,0.5374823217843834,0.16003536658906511,0.4840438947933084,0.42764555424153405,0.23233511758870123,-0.15518707117703534,0.22250410301217166,-0.6192478287721219,0.8531387529180124,0.108920613795563,0.6747840969657605,-0.7468776753991074,0.6267704994915788,-0.7225080202307141,0.521121010019954,-0.641260420684845,0.7226154473393789,-0.6775683691962902,0.7225080202307108,-0.46558752597125014,0.4980774446808747,-0.43742259563946173,0.4660859100990944,-0.5116529532853193,0.4655875259712502,0.5941844577378711,0.6728860122042751,0.6463304002686645,-0.5933048246977422,0.49010256961208826,-0.5941844577378685,-0.616229656119787,0.5826769857257709,-0.600222765742507,-0.6148884707159862,-0.6184455249135549,-0.6162296561197871,0.712704610663417,0.7943709610902391,0.807643574803647,0.7778606982734118,,0.7127046106634167,0.369870929283182,0.6688474946348658,0.482069759872222,0.3602300394684554,0.28780901993393126,0.3310926337868991,-0.29477445567829264,0.46393116698279147,0.03487783149356892,0.3681101867499485,-0.5150769872660075,0.3205591628768405,0.10887397262192858,0.5097126142461882,0.24976508768464784,0.16896291903183502,-0.33007758063829,0.13029311968763904,-0.4016543506897125,0.5223198092623589,0.04911497868106988,-0.31794452302566223,-0.5817835548890226,-0.3840185892768529,0.3882247769188285,0.7202201001440282,0.4272423443870203,-0.27092121469369007,0.16650023349691587,-0.28526162077030554,-0.40682014937526084,0.2972548008469584,-0.3218567090116352,-0.35391054362684904,-0.3854294456172493,-0.35865420889103
acc_x_rms,-0.6041530786675247,0.999508777325841,0.9735443754903864,1.0,-0.98370720798421,0.9963960419873182,-0.628180126296282,0.9909966864100175,0.9749419999566552,0.9902222152520499,-0.9783235377627175,0.986794418782919,0.9115972409813865,0.9840566196820324,0.9849256744857938,0.9836865996541665,-0.9675056939413008,0.9816054678127705,0.37613085521018685,0.6204752704373082,0.5736550256055353,0.6121084156035813,-0.7143195039009723,0.636052109238205,0.12693836654852184,0.6206954484228052,0.46670462466506335,0.32829779206696946,-0.24618521829926934,0.3114374167633656,-0.7001508877574996,0.9310248022203408,0.0671230760351179,0.7574029729252871,-0.8337634319682965,0.709005825047934,-0.7626993499878368,0.6061055884531317,-0.6726469041287509,0.7628823837823209,-0.7312164047517836,0.762699349987834,-0.5664593727911951,0.5714349565513156,-0.53472171333663,0.5669867420135086,-0.6118431792932327,0.5664593727911948,0.6533604848149567,0.7181357298593023,0.707720011725924,-0.6525179326400365,0.5494268790232548,-0.6533604848149559,-0.7033387712831205,0.6652922931682721,-0.6896651230844648,-0.7020950011245236,-0.7069905031398709,-0.7033387712831208,0.7343671922963518,0.8183118762154171,0.8318754548594173,0.8013731358288961,,0.7343671922963528,0.4642982104881801,0.7441781217265374,0.5732292284715627,0.42451261662792406,0.38076946197981726,0.39342179474138206,-0.28073594963271326,0.5644095101313024,0.09055490026366811,0.4472314070448659,-0.5602032537328047,0.38857957968684703,0.18269183382317822,0.6290635795705514,0.36050946531618455,0.25000159470707045,-0.32425674782116093,0.20490991522709887,-0.40700823322617985,0.6264343069162048,0.10717586805386826,-0.3142717748567606,-0.6489899729975717,-0.38916632060218403,0.4966154762873477,0.775618866701938,0.5384386128501627,-0.37627554987473494,0.28628138660249625,-0.391271912180612,-0.4882289046968021,0.3981571185283533,-0.3959211795066412,-0.43465678627972687,-0.48385499459843934,-0.4421064295200392
acc_x_min,0.6653155873018786,-0.9826013275930497,-0.9325994370783444,-0.98370720798421,1.0,-0.9866608377939282,0.6627069515764269,-0.9712488394998358,-0.9347481397818199,-0.9705721655659294,0.9798830032859899,-0.9750854093789592,-0.8964950475663248,-0.9791917827929074,-0.9827095997104496,-0.9786850476587089,0.9762181872393293,-0.9759402443583632,-0.35892823518726097,-0.629703902321414,-0.5726375546552817,-0.6109923927126476,0.7438022643504533,-0.6332856942505294,-0.12804831120324242,-0.6325915189757636,-0.47433374781381626,-0.33813044130977854,0.2459937224742432,-0.32174552722677907,0.6918175428403172,-0.9170047533429385,-0.07485091982510436,-0.7483119778159211,0.824920155832137,-0.70095129703919,0.7562551232300669,-0.6082568662142952,0.6736795609778667,-0.7564356298756334,0.7237067564560522,-0.7562551232300647,0.5732165965081337,-0.5686175227000636,0.5427978577580306,-0.573737648733983,0.6174654333778662,-0.5732165965081337,-0.6575371215369993,-0.7124967085496202,-0.7097176924364788,0.6567111103486943,-0.554458175908612,0.657537121536998,0.7029084457909448,-0.6570910536141773,0.6923094544155263,0.7017365230840726,0.7038255990054224,0.702908445790945,-0.7320185759812242,-0.8148805908287468,-0.8287662103623128,-0.7981929137195749,,-0.7320185759812247,-0.46911457596384293,-0.7423557117957232,-0.5745255745886839,-0.4282892058085081,-0.38426929085393186,-0.3974465060779882,0.27690940926168783,-0.5595361241766984,-0.09146475332993927,-0.44305335196336093,0.5604850937754768,-0.38320272387368465,-0.18742899966305035,-0.6448339072119345,-0.37236246094174597,-0.25572409476517327,0.33217025271868916,-0.2096410356631283,0.40568575052933636,-0.6241409937210838,-0.10761427604009463,0.313635409433193,0.6514106236770866,0.3874494884924034,-0.5023048006113039,-0.7694352773468107,-0.5443980915357446,0.384379952179922,-0.3004658493686665,0.399118448281549,0.49286981774684896,-0.3904351592525305,0.4042326937700966,0.4408147999829525,0.48820834035827815,0.4478077222471045
acc_x_abs_sum,-0.6218341818507985,0.9954539354647632,0.9597394997717313,0.9963960419873182,-0.9866608377939282,1.0,-0.6374926351580521,0.9846095950044982,0.9610514961238628,0.9844800550053255,-0.9752184326013487,0.9878542151004774,0.9159277797651306,0.9881157960559868,0.9857525677853467,0.9879167059240896,-0.9675737059909445,0.9852103293439218,0.3468689851483953,0.622636096272588,0.5665006108842108,0.6041819817240576,-0.7332024939740736,0.6282151881702607,0.1080126662642473,0.641745141229206,0.4557892372754188,0.3405101212496729,-0.2678733082214379,0.3223649363989766,-0.7162479262373611,0.9373551669911072,0.06242262620773885,0.7721635181071724,-0.8432648074440359,0.7251490497810976,-0.7671192794776011,0.5988255003279574,-0.682703057161515,0.7672616721683286,-0.7303042380166711,0.7671192794775987,-0.5757138037711672,0.595852047675579,-0.5405837234734499,0.5762859025402012,-0.6239876189748769,0.575713803771167,0.6597548951813543,0.7276485707779117,0.7143441466943579,-0.6588952418859366,0.5476882120716613,-0.6597548951813526,-0.7108625357812657,0.6728914776865446,-0.6972533165574434,-0.7096404133116415,-0.7144812578514137,-0.7108625357812668,0.767058985430303,0.8469463490586413,0.8580564726001082,0.831202640428709,,0.7670589854303035,0.47032104554941334,0.7616236332397215,0.5815896094300822,0.4226689688684196,0.38592410888544254,0.3900098452434018,-0.28728862367837205,0.5570229786963351,0.080180822540208,0.45956299499648434,-0.5654382237452842,0.4009686230728256,0.181250549846913,0.6569183714002277,0.3695744399499545,0.2523240303809231,-0.34089003215262753,0.204607650297469,-0.419096213068348,0.6251644235582505,0.09158012333201923,-0.32723880444594466,-0.657703651083126,-0.40105751818895125,0.5070674109237254,0.7731843109521209,0.5478664107077252,-0.3892783345267364,0.3009716784822568,-0.4038510944493546,-0.5005196614955911,0.38694650763936694,-0.4154382765449216,-0.4485609828737324,-0.49452559406453245,-0.4546195183126891
acc_y_mean,0.7281284521466161,-0.6208333670331405,-0.5878129997555135,-0.628180126296282,0.6627069515764269,-0.6374926351580521,1.0,-0.6451064496244118,-0.5841051631470586,-0.6536848423577118,0.7182021759107144,-0.6673940266132636,-0.5279778742126334,-0.6536997702650688,-0.659086990560141,-0.6510336059298345,0.682657884464771,-0.6386059094054126,-0.1764538303165802,-0.09611577597109897,-0.09500885831692397,-0.15336607062556462,0.2523474697602941,-0.16503698115496632,-0.12281267701624435,-0.19298369744890825,-0.20649886656864913,-0.16986032811752647,0.05184842584840641,-0.18689170441501504,0.33580685149429396,-0.5828955026082681,-0.23196941779956295,-0.37959166403799327,0.46202365364842196,-0.33639210797593017,0.5249226864291929,-0.2298741079888567,0.5302098208528282,-0.5248875389114505,0.4323042533763993,-0.5249226864291848,0.11204219912162819,-0.2108732931917657,0.1028136156927131,-0.11241638085398444,0.1590781905646358,-0.112042199121628,-0.3445132846161268,-0.4021928655618982,-0.39838054109569415,0.34386056913285173,-0.28198998603416586,0.34451328461612474,0.2779889911971362,-0.32033037719091795,0.26928104729446045,0.2768296687622674,0.290505146721125,0.27798899119713616,-0.6586626353128748,-0.6887562919679391,-0.6773982213946997,-0.6852621063813681,,-0.6586626353128755,-0.05287975506078713,-0.42889155555764386,-0.15564991215398175,0.05324910115965677,0.019122308401881127,0.0843953747231431,0.530222484029413,-0.15366723261198068,0.3882550417072055,-0.08940825602098808,0.5525859622640295,-0.0716667459448042,0.2437521558752084,-0.1866345374382792,0.13540884166981257,0.19900456054984791,0.46877956300119705,0.22417371028783464,0.5589861900995202,-0.20794925185307622,0.4026836214827426,0.5290567187931298,0.5326882208210525,0.5482855202939062,-0.13256965752602204,-0.6710487392723937,-0.1960161922489676,0.027605515186375704,0.05013028646855827,0.0446044847968026,0.2884291922853841,-0.019556051222685205,0.2970855637999867,0.2534807873584692,0.23351870260958116,0.24854500279950328
acc_y_std,-0.569552214066646,0.9908921387067441,0.9781697981487162,0.9909966864100175,-0.9712488394998358,0.9846095950044982,-0.6451064496244118,1.0,0.9809822457461214,0.9993094436248162,-0.9886710178667065,0.9945528402872843,0.9130061710123973,0.9885168071531795,0.986770112854362,0.9878797508614379,-0.9761240678585387,0.9853094436717856,0.4085250210227863,0.6015419393567236,0.5697475536345928,0.6039163479358576,-0.6700080395123471,0.6266855502026536,0.1796621577748521,0.5641069721545404,0.4971137316836815,0.28422476457458806,-0.17596007637485417,0.2721346667437594,-0.6734821503011484,0.9124321024132798,0.08350661718015825,0.7313661819103093,-0.8156330281073948,0.6815556935267213,-0.7881798638211427,0.603423973033562,-0.699172530817765,0.7883445512344079,-0.7533092222863401,0.7881798638211398,-0.5493250455431293,0.5319890237989764,-0.5232148637561578,0.5497836516302466,-0.5905212651494008,0.5493250455431297,0.670871867115708,0.7098405589033125,0.718682490438873,-0.670059528695274,0.571091731198948,-0.6708718671157059,-0.6982740603782444,0.6404312028295277,-0.6876604742139167,-0.6970442612449816,-0.6986343284483528,-0.6982740603782445,0.7350813860876176,0.8211885581857971,0.8352247468442947,0.803742847613049,,0.7350813860876172,0.4519801672243052,0.7183660571086736,0.5561011519292749,0.4344651487385644,0.3699865101673358,0.4049550724221334,-0.2935245051276854,0.5404704575384989,0.0644210109094293,0.4124801036363062,-0.5618932163523882,0.35711733577181193,0.16727642481605334,0.5687170759909072,0.32421665997211874,0.2299743902719895,-0.29942744253475106,0.1894068414789522,-0.409844688414168,0.5934052649581455,0.0839104136026226,-0.32058277202320895,-0.6351494964644426,-0.3920362721215959,0.4633099405313466,0.7753014374162809,0.5071387783310767,-0.3412199976455516,0.24925098251978683,-0.3568945646125909,-0.4725727709445797,0.3567146335682141,-0.3859872306300049,-0.4188416382726766,-0.45862871939196,-0.42441029969184946
acc_y_max,-0.45772438226348827,0.9782639557133098,0.9992924701757601,0.9749419999566552,-0.9347481397818199,0.9610514961238628,-0.5841051631470586,0.9809822457461214,1.0,0.9790384415815803,-0.9505665725298192,0.9626730296235304,0.9154676555413261,0.9517760141174549,0.9661176616881902,0.9521431124940128,-0.9268127087565979,0.9471002567812254,0.33669385721691253,0.5264022374750472,0.49243032810489606,0.5239719890842518,-0.6236399859384227,0.5483732788156958,0.16406436822419215,0.49226443894313304,0.4392354631988157,0.23843483356714162,-0.15476920072226588,0.22931542951263398,-0.6209909712629229,0.8569947249501072,0.10859379541822202,0.6771386315708932,-0.7505880007813917,0.6287869651836925,-0.7288676440779829,0.5314546942106664,-0.6461638109901375,0.7289819448026069,-0.6862825221553942,0.7288676440779798,-0.47924751299289586,0.49962469443751084,-0.45211329534574357,0.4797318761520221,-0.5235550632659847,0.4792475129928964,0.6064348888028536,0.6748936829846668,0.6567068858177817,-0.6055726726511224,0.5051340866267363,-0.6064348888028519,-0.6268913231396873,0.58423583209632,-0.6125088482526805,-0.6255892277265814,-0.6279141084649447,-0.6268913231396885,0.7121408830554072,0.7941127171047859,0.8074495752208583,0.7775253703015064,,0.7121408830554075,0.38181375248193,0.6682099848179509,0.49188050868329314,0.37518973413291024,0.3014260662025,0.34659057324366044,-0.29221796126176414,0.4750109379776195,0.043345401122623445,0.36982346162067914,-0.5182212179873847,0.3211081715421615,0.11755702845837424,0.5173557410091839,0.2618576178749185,0.17780626221944593,-0.32302232444587514,0.13896589477159,-0.40156702564597185,0.5326515480170636,0.05926523983369803,-0.31690899470848244,-0.5863947392903697,-0.38396000428538674,0.39749421828276993,0.7228581386989404,0.43623964629248924,-0.27993015936981397,0.1764898385825442,-0.2944318707821884,-0.41531976942086096,0.30179049281384895,-0.3299700675221059,-0.3625308495573495,-0.39362741404445767,-0.36727427603844676
acc_y_rms,-0.5736069645415598,0.9895415272519034,0.9764408855741351,0.9902222152520499,-0.9705721655659294,0.9844800550053255,-0.6536848423577118,0.9993094436248162,0.9790384415815803,1.0,-0.9890603983136449,0.9960834479749932,0.910501491488103,0.9884400422323611,0.9865960057931706,0.9878131102334673,-0.9765050960027,0.9852668088512985,0.4119763490482798,0.6065937523165824,0.5745371615339689,0.6086984071492745,-0.673220129673552,0.631345419604519,0.16521916766988642,0.5664950502222018,0.48520629895437356,0.29211659886979136,-0.1897344720587311,0.2802385431735202,-0.6822173889450833,0.9164891015345231,0.07480399676520243,0.739233320557286,-0.8223219446229161,0.6899260511673003,-0.7966685579926639,0.6040133732994551,-0.7102883845845397,0.7968229281759261,-0.7599533326832622,0.79666855799266,-0.5529819197081265,0.5435831166697247,-0.525609430849939,0.5534493084920156,-0.5957477759134941,0.552981919708127,0.6744651190152642,0.717150070997617,0.7233501651413007,-0.6736516061736655,0.5730263468953233,-0.6744651190152625,-0.7047259177821188,0.6515670363948469,-0.6932834633665943,-0.703500708174943,-0.7059341423082175,-0.7047259177821192,0.7368804152281021,0.8222541907296989,0.8358273292769473,0.8050119536210082,,0.7368804152281024,0.45949047760121325,0.7232017006271861,0.5633521911842123,0.4287800245536864,0.3783888350754871,0.3986462589251846,-0.3087687339307865,0.5377013200866148,0.04771250634833464,0.4173689866562568,-0.5739552264562895,0.3626462750297887,0.16486625717801515,0.5674490963630093,0.32179841436647333,0.22751379718224266,-0.3008330434554053,0.18705425654062666,-0.4230260266030082,0.5931897224644944,0.0685409237661737,-0.33476787564547816,-0.6446444851012405,-0.40536664524677635,0.4736085678392503,0.7801777466557163,0.5175978794985613,-0.35255074344504633,0.26032446001312437,-0.3681106015185092,-0.4875418202329517,0.362064759836546,-0.40251700386078515,-0.4346377425439215,-0.4725876546411799,-0.4398223215530478
acc_y_min,0.640116035638411,-0.9764940625755201,-0.94803757698341,-0.9783235377627175,0.9798830032859899,-0.9752184326013487,0.7182021759107144,-0.9886710178667065,-0.9505665725298192,-0.9890603983136449,1.0,-0.9887555168408904,-0.8951515841721284,-0.9846859901503803,-0.9852075365043157,-0.9836652590638454,0.9848628777455147,-0.9797813515477276,-0.4145274297200748,-0.5808592483379335,-0.5504831689654011,-0.5871276503642763,0.6573171029948806,-0.6091756330849547,-0.1940016037900538,-0.5470520134416208,-0.4996173791096803,-0.268721727874994,0.15774493085773467,-0.2579460868497229,0.6498528730503136,-0.9062478694275832,-0.11123226976873252,-0.709484056513705,0.8033825121884064,-0.6575241519132393,0.7807138005633549,-0.5930224783974118,0.697988172004662,-0.7808908708859409,0.7426053159007362,-0.7807138005633513,0.520263486906839,-0.5007430422275297,0.49743345895968377,-0.5206966999163525,0.5612376456029057,-0.5202634869068388,-0.656275862825151,-0.694511103793223,-0.7060978326667803,0.6554656284018692,-0.5609677757785069,0.6562758628251493,0.6750363920675604,-0.6221354273018849,0.6660052986428348,0.6737825871881894,0.6757578801441834,0.6750363920675607,-0.7315306111162501,-0.8195198949420949,-0.8342992607336328,-0.8015740539279413,,-0.7315306111162502,-0.42291964780738045,-0.7023675062851441,-0.5267459463082105,-0.4045897938317135,-0.3382961781361206,-0.3750045177830744,0.3093643546942654,-0.5223929536000905,-0.035727701391242185,-0.39587419615658326,0.5702418182679437,-0.3417103127499165,-0.13826126907954636,-0.5403223402879095,-0.29101377342348567,-0.1994790883887527,0.31626974288959075,-0.16017878883043293,0.41742431484494713,-0.5731125897969717,-0.055940803825560624,0.3305196325051897,0.6355419030115239,0.3995032452148764,-0.4381622346610827,-0.7855004107751291,-0.48675280978072893,0.31250630072911945,-0.22552262680082513,0.3288355593479638,0.4558227048089141,-0.33945635992144507,0.37245971608087297,0.4016643707068869,0.4410726758146295,0.4069221723391176
acc_y_abs_sum,-0.6000705426508286,0.9853416885807104,0.9597042376180351,0.986794418782919,-0.9750854093789592,0.9878542151004774,-0.6673940266132636,0.9945528402872843,0.9626730296235304,0.9960834479749932,-0.9887555168408904,1.0,0.9109764680405547,0.9945895865734082,0.986655199990521,0.9940063552428018,-0.981209783289027,0.991238249807783,0.39646579463734277,0.6215277982753376,0.5818080303819189,0.6161294474443981,-0.6944607327108284,0.6382082162610525,0.14834307691348966,0.5937796503417997,0.4832547087689883,0.31199237038622285,-0.2120893992803068,0.29903845971003246,-0.7064353062269005,0.9260013422859097,0.059220809553655114,0.7616480163403108,-0.8404117309966985,0.7142300405600382,-0.8129144773075935,0.6078284725486159,-0.7319060298659555,0.8130352507300821,-0.7722880601558451,0.8129144773075901,-0.573015224694596,0.5742140439132418,-0.542127223935431,0.573523819166601,-0.6180644130706879,0.5730152246945964,0.6912197518702324,0.7328025644289764,0.7396366575776357,-0.6904034608599005,0.5815257518001136,-0.691219751870231,-0.7248026820829346,0.6690353802242442,-0.713602481944462,-0.7236189296784439,-0.7257808903956366,-0.7248026820829346,0.7700505624474787,0.8505784584253023,0.8614165402894175,0.8347936667245571,,0.7700505624474796,0.4796546427230477,0.744310877644721,0.5834742936703408,0.4380930530140826,0.39856159714344347,0.4065578566432892,-0.31610921201623265,0.5397251950875513,0.04005231666527419,0.433165599293664,-0.5854503985829836,0.37787956132882883,0.17422332760566994,0.5971584021556157,0.3412012253008722,0.24028233308276356,-0.30472514970518905,0.19757460249704145,-0.43496680922918324,0.599408749923772,0.05805366940919798,-0.347209784825104,-0.6580767857058814,-0.4171942769349655,0.4954875284931287,0.7856565241624516,0.539258395958945,-0.37703085576091466,0.2872807346929747,-0.39239253608610186,-0.5109250231144595,0.36269623746565816,-0.4319229621503517,-0.4596215566744465,-0.49533490580567247,-0.46382517680623664
acc_z_mean,-0.3732263630542734,0.9166604761498833,0.9168120495341034,0.9115972409813865,-0.8964950475663248,0.9159277797651306,-0.5279778742126334,0.9130061710123973,0.9154676555413261,0.910501491488103,-0.8951515841721284,0.9109764680405547,1.0,0.914852670380304,0.9375180218053243,0.9195564196014004,-0.856034908739818,0.9074209099106548,0.26812645081632924,0.47434270156016534,0.4420193854277431,0.4365520140266581,-0.5670261091676869,0.4524641512739128,0.23098238748873096,0.43936175947484124,0.4442464839147622,0.12724315008523024,-0.07782551247111266,0.11583793894435547,-0.5790496394591024,0.7927265640711726,0.16534518694670347,0.6320890415433689,-0.6851718113299574,0.587165570522039,-0.670204886684309,0.4892065389043363,-0.5834022861281406,0.6702630225530879,-0.6171748258686153,0.6702048866843053,-0.43918369324097567,0.4563214511435955,-0.41450438123535044,0.43964927875349435,-0.4803808263936716,0.4391836932409755,0.574054122225835,0.686106176628737,0.6226239293161432,-0.573114178201693,0.44575904498386965,-0.5740541222258319,-0.5743927720786208,0.5374843784899217,-0.5583323370461715,-0.5731295508297173,-0.571655434679541,-0.5743927720786208,0.7218596675766175,0.8077830343140677,0.8278422770075206,0.7901323147922962,,0.721859667576618,0.34292085043426923,0.644102168646973,0.45164232330283594,0.37047301303006763,0.26138330098042173,0.34261984236345555,-0.1859155191734189,0.3310590933068719,0.0655886645243922,0.37642115885782707,-0.3789568178152137,0.3414558062850014,0.18457090619615077,0.4872137812763605,0.27327883801513125,0.24127756880220344,-0.25029676819671975,0.20664239439681284,-0.27839984104287285,0.3952878356293238,0.06969348195388206,-0.2037087404153364,-0.44424823998856744,-0.2590384210433624,0.334520380058941,0.6214961851099169,0.36484579149343255,-0.22841648701394754,0.137153580865324,-0.23875567225419767,-0.3524715986125173,0.20710551529759091,-0.2783614106833448,-0.30728626932644415,-0.3217449331297621,-0.3087730768790426
acc_z_std,-0.6041901056823792,0.9829941122443835,0.9481982844568136,0.9840566196820324,-0.9791917827929074,0.9881157960559868,-0.6536997702650688,0.9885168071531795,0.9517760141174549,0.9884400422323611,-0.9846859901503803,0.9945895865734082,0.914852670380304,1.0,0.9875132426922112,0.9997643566591842,-0.9845228096769416,0.9986659236884139,0.38721801614885354,0.6294885048851185,0.5873807366053846,0.6193599471455873,-0.7084041873383398,0.640176139652429,0.16948458848140427,0.6044878960528204,0.5073020103488932,0.33109469523282575,-0.19833979458342677,0.31833517568136177,-0.7035661815612724,0.9266537209497491,0.07127801966910789,0.7596672003637299,-0.8392354241220235,0.7119042634221858,-0.8099018774041383,0.6253388226353876,-0.7196540434229609,0.8100427501903333,-0.7727608101677135,0.8099018774041356,-0.594919232400813,0.5648918593497205,-0.5677674694088917,0.5954011365775258,-0.636248492383547,0.5949192324008129,0.7090747918102299,0.7328142019644931,0.753408356152128,-0.7082803691186389,0.6055803622087103,-0.7090747918102279,-0.7324112499151806,0.6600259850353917,-0.7246264303586413,-0.7313100793198358,-0.7303093848104398,-0.7324112499151813,0.7607394814228297,0.8459054909625339,0.8596933256937423,0.828787537852364,,0.7607394814228299,0.4920069572634909,0.7581384207176772,0.5959075923720022,0.46237622447464144,0.40955942371152715,0.43132552836503313,-0.3037810338104562,0.5587529616856924,0.06566179567391825,0.43132697218074695,-0.5807857647588756,0.37257586803912557,0.18701203431572833,0.6315618842887076,0.3678679469963824,0.2551043353632525,-0.31449676712156627,0.21009532027478886,-0.4354194434416024,0.6190982437426619,0.07791111540168505,-0.3452879757722913,-0.6651520432953573,-0.4175925599361035,0.5069279994461727,0.7784107509917364,0.5480988130069366,-0.3890835613326639,0.3023643899482441,-0.40416785922419757,-0.5170444737615058,0.3634134419713078,-0.43890268183789216,-0.46480509525616875,-0.5002498463146284,-0.46909228779281625
acc_z_max,-0.5762133874058167,0.9851268440538146,0.9646149409750671,0.9849256744857938,-0.9827095997104496,0.9857525677853467,-0.659086990560141,0.986770112854362,0.9661176616881902,0.9865960057931706,-0.9852075365043157,0.986655199990521,0.9375180218053243,0.9875132426922112,1.0,0.9877457497500629,-0.9693627067569299,0.98227148728049,0.34863894920122457,0.581539063974693,0.5370813865379703,0.5661936031132524,-0.6881696576121549,0.5886557489911549,0.16660732292798922,0.5504513804171844,0.46873932754759096,0.2764352813707994,-0.17913200153973347,0.2631175924841114,-0.6751194319526441,0.9009862066872398,0.08703088043066523,0.7310986976604811,-0.8034258948264332,0.6831646640423525,-0.7709921681021868,0.5753538224031098,-0.6890574602115471,0.7711055858937573,-0.7247421250895721,0.7709921681021839,-0.5338006812702121,0.5465790248542011,-0.5042051549884397,0.5343207927765189,-0.5804420450987755,0.5338006812702122,0.6541482488321522,0.7247621011975802,0.7083209863920215,-0.653267948822965,0.5436115850226809,-0.6541482488321505,-0.6797639792748708,0.6327478682907581,-0.6668924039544585,-0.6785015546373503,-0.6800285408185653,-0.6797639792748714,0.75035116872653,0.8343288502182405,0.84808698235404,0.8174433630559665,,0.7503511687265296,0.4332802546331267,0.7264493962351034,0.5431204456108206,0.4162551511649714,0.34870392013852186,0.38558180297276085,-0.28751761760723926,0.5107849189297129,0.06226183693587394,0.414822458263725,-0.5428374982985474,0.3614155625653159,0.16237661688063768,0.5847056599041079,0.3220556306922974,0.22784191717607927,-0.3204053239791032,0.1851019286557128,-0.40612654796831915,0.5717103657912063,0.07667344720852091,-0.31724681633422563,-0.6197227564714133,-0.3875044197397094,0.449807488641104,0.7457785275483394,0.48833029029705205,-0.3318496336505153,0.2391600105204101,-0.34601569859886205,-0.46113324223902163,0.33421200098815246,-0.37557416699572593,-0.4080718168044698,-0.44246338523968537,-0.4130418518158005
acc_z_rms,-0.5957662860611911,0.9827446080305838,0.9486943343695268,0.9836865996541665,-0.9786850476587089,0.9879167059240896,-0.6510336059298345,0.9878797508614379,0.9521431124940128,0.9878131102334673,-0.9836652590638454,0.9940063552428018,0.9195564196014004,0.9997643566591842,0.9877457497500629,1.0,-0.9827700407279282,0.9985046252623702,0.38087574352559195,0.627006619685765,0.5837833925092981,0.6156072305210403,-0.7085271850835481,0.6365071584457677,0.16531347509866434,0.6001986453335592,0.5002029371091155,0.3310467344889693,-0.20019597537334402,0.3186759843224836,-0.7037510406520504,0.9242778881828858,0.07015487532652466,0.7595162137336134,-0.838668924294711,0.7119903568780425,-0.8088775137017568,0.6212412832906719,-0.7185580545561877,0.8090121348672887,-0.7702605629757441,0.8088775137017552,-0.5919852684916351,0.5673743086247773,-0.56433448901346,0.5924737072360284,-0.63414960574173,0.591985268491635,0.7061019491468989,0.7348575262054124,0.7514081208214561,-0.7052988522642013,0.6010807023664941,-0.7061019491468962,-0.7302548446391567,0.6601361167240659,-0.72163246196601,-0.7291509331655567,-0.7280960533989427,-0.7302548446391565,0.7595391548780943,0.8456417712202519,0.8602170262922534,0.8282763486476918,,0.7595391548780942,0.4901702103778973,0.7582772247939208,0.5944430051849234,0.4588852458582321,0.40727335721641117,0.4277248260339787,-0.3060206374101246,0.5525966257188166,0.0622114288012162,0.4315040892639292,-0.5794708423382771,0.3732402903022141,0.18556827151293612,0.6279226400284393,0.3650340027751078,0.2534191323101491,-0.3150696218542361,0.2086090477603367,-0.4373731439346549,0.6141392588460559,0.07384544368172895,-0.3477313069511141,-0.6635840065433677,-0.41950959233804996,0.5057084481069286,0.777692004576439,0.5465293509339212,-0.3884031017682932,0.3006456291442532,-0.40338435047917737,-0.5178955746036892,0.3616672584675152,-0.43891911537389916,-0.46581298094498963,-0.49992849529770683,-0.4700741486582564
acc_z_min,0.6544875214058452,-0.9649683740475928,-0.9222819714813011,-0.9675056939413008,0.9762181872393293,-0.9675737059909445,0.682657884464771,-0.9761240678585387,-0.9268127087565979,-0.9765050960027,0.9848628777455147,-0.981209783289027,-0.856034908739818,-0.9845228096769416,-0.9693627067569299,-0.9827700407279282,1.0,-0.9831348666127772,-0.44069558852470864,-0.6500106598158926,-0.6132349439271653,-0.6516398065729884,0.7118555473808509,-0.6719500985819291,-0.17925199870190045,-0.6034808081486864,-0.5213453903453086,-0.3483862985797231,0.19355245188056414,-0.3366636303164454,0.6938749462363736,-0.914916237088341,-0.052470990971247466,-0.7488566214991688,0.8379539236817155,-0.7014774509695657,0.8169369362377771,-0.6469602798240983,0.727920243677994,-0.817128881296889,0.7886526451638797,-0.8169369362377749,0.6032604527713318,-0.5425888320345328,0.5803360479541602,-0.6036738531896807,0.6399230402277558,-0.6032604527713316,-0.7147287728771355,-0.7142878170028455,-0.7556113824361335,0.7140082188805537,-0.6225593614020584,0.7147287728771343,0.7410451115361286,-0.6642221308653158,0.7361863608538327,0.7400024043914434,0.7378518826841926,0.7410451115361288,-0.714026239222183,-0.8000985172912325,-0.8147430057772406,-0.7825449269745005,,-0.7140262392221839,-0.507182474500258,-0.748733321001296,-0.6030532055429008,-0.476478228076396,-0.42440082214539393,-0.4468602894293333,0.3066869714561955,-0.5824577797770237,-0.0690050004880607,-0.4305730443114633,0.5984214498400307,-0.36976252049569003,-0.19380234997908885,-0.6084674663470436,-0.3698479938325713,-0.2572618717756065,0.29473202214579686,-0.21532201144631977,0.43564125079738114,-0.6340456647636503,-0.08586255496880095,0.34613726943129447,0.67951881625775,0.41843816837079895,-0.5173970653780168,-0.7960240749064176,-0.5629971700885814,0.3986271659600644,-0.3168482833732706,0.41475553515124647,0.52658719038797,-0.38984539889259046,0.44591816871283085,0.4739529691828763,0.5154111550031898,0.4793830589892289
acc_z_abs_sum,-0.6034409666782486,0.9801496008671718,0.9426760091648851,0.9816054678127705,-0.9759402443583632,0.9852103293439218,-0.6386059094054126,0.9853094436717856,0.9471002567812254,0.9852668088512985,-0.9797813515477276,0.991238249807783,0.9074209099106548,0.9986659236884139,0.98227148728049,0.9985046252623702,-0.9831348666127772,1.0,0.4066514680478863,0.6482241335100906,0.6117565971933756,0.6407988435519336,-0.7136669757585907,0.6603873695137592,0.17507137027429812,0.6199870800153585,0.5224836975437892,0.35380408329276264,-0.2017251025628322,0.34153864776015963,-0.7126369557845498,0.9335537166743113,0.05951328531519511,0.768709161711507,-0.84872515688774,0.7211009496101445,-0.8206180532887972,0.6491691352674273,-0.7231876815996432,0.8207795216433696,-0.7892724655914273,0.820618053288796,-0.6243261651204789,0.5692562369629343,-0.5993206680640074,0.6247751134572217,-0.662737165529519,0.624326165120479,0.7321243250653828,0.7420978069539528,0.7746903703120015,-0.7313657806060548,0.6339866684029711,-0.7321243250653812,-0.7535242830294366,0.6709005564285827,-0.7474610808821376,-0.7525047151291101,-0.7501640581229617,-0.7535242830294366,0.7433746207063252,0.8308157055335429,0.8463193463253285,0.8130109465418148,,0.7433746207063257,0.5217699324683431,0.7688849304124906,0.6224222056681482,0.4858140698966346,0.4414563179078306,0.45530490832075127,-0.3031581279928688,0.581879411806244,0.07793472140103637,0.43703299585785543,-0.589543134321408,0.375616950056218,0.20919967698012065,0.6512441782714015,0.39597970126434484,0.277167498686216,-0.30163010945931806,0.23174946929343432,-0.44013262612383863,0.6421338852596086,0.09008602927475516,-0.34878722597755923,-0.6797359358528878,-0.4226736558776352,0.535000839380989,0.7816815259461927,0.5748116846048802,-0.4185238334284535,0.3336430428824451,-0.4334431911845951,-0.5437184417951413,0.3822905434683618,-0.4651048387012155,-0.4918487453994591,-0.5268771890524543,-0.4962469039514724
gyro_x_mean,-0.34436400936751327,0.36572144536147777,0.32900031499489846,0.37613085521018685,-0.35892823518726097,0.3468689851483953,-0.1764538303165802,0.4085250210227863,0.33669385721691253,0.4119763490482798,-0.4145274297200748,0.39646579463734277,0.26812645081632924,0.38721801614885354,0.34863894920122457,0.38087574352559195,-0.44069558852470864,0.4066514680478863,1.0,0.6245789184975905,0.7783497174923911,0.7477598842544804,-0.13024004940207445,0.7304579583832594,0.48647798271107245,0.3795620047568591,0.6592489108371077,0.16940234230931428,0.10940029323472054,0.142017521709196,-0.4375439005185725,0.49696321084434397,-0.2115221934586635,0.45609822504720265,-0.5107272380549562,0.436474199466802,-0.5833559675141529,0.7818771736632654,-0.4240045449476823,0.5840666169155802,-0.7029209669653455,0.5833559675141575,-0.6201483833881896,0.10779399367369408,-0.6602392138029468,0.6195003758461086,-0.5704142383815554,0.6201483833881893,0.6460178809833842,0.5021603576386937,0.6477532955718309,-0.6462541394311839,0.6609508966426534,-0.6460178809833842,-0.6389011520812776,0.5468409520038633,-0.654677610893195,-0.6389064721814269,-0.6403369607900355,-0.6389011520812771,-0.027022672453311403,0.04475322254547958,0.06876976534783007,0.026504199692784357,,-0.027022672453311365,0.627444781898744,0.4616491515083419,0.6089308703529066,0.6593060895560439,0.6113237700761397,0.6594435809974455,0.1503550191052315,0.5429847047596427,0.3547174749930518,0.3694516218406433,-0.21270132343544063,0.3215778245635182,0.6340075747298616,0.28895226156809223,0.5685277942222444,0.6241959072475457,0.42797512637664503,0.6328215058910011,0.1391211696117121,0.46738720424278263,0.41183273510186313,0.19152708584373354,-0.251385065807179,0.1433947125391936,0.5011914035586488,0.37652925155493583,0.5223747735938983,-0.44610249391707213,0.4717510671669532,-0.45104236534273145,-0.42788454754308847,0.5311371674188106,-0.3561718612507694,-0.401138467832744,-0.47830639287124094,-0.41398216973897334
