,acc_x_mean,acc_x_std,acc_x_max,acc_x_rms,acc_x_min,acc_x_abs_sum,acc_y_mean,acc_y_std,acc_y_max,acc_y_rms,acc_y_min,acc_y_abs_sum,acc_z_mean,acc_z_std,acc_z_max,acc_z_rms,acc_z_min,acc_z_abs_sum,gyro_x_mean,gyro_x_std,gyro_x_max,gyro_x_rms,gyro_x_min,gyro_x_abs_sum,gyro_y_mean,gyro_y_std,gyro_y_max,gyro_y_rms,gyro_y_min,gyro_y_abs_sum,gyro_z_mean,gyro_z_std,gyro_z_max,gyro_z_rms,gyro_z_min,gyro_z_abs_sum,quat_w_mean,quat_w_std,quat_w_max,quat_w_rms,quat_w_min,quat_w_abs_sum,quat_x_mean,quat_x_std,quat_x_max,quat_x_rms,quat_x_min,quat_x_abs_sum,quat_y_mean,quat_y_std,quat_y_max,quat_y_rms,quat_y_min,quat_y_abs_sum,quat_z_mean,quat_z_std,quat_z_max,quat_z_rms,quat_z_min,quat_z_abs_sum,encoder_angle_mean,encoder_angle_std,encoder_angle_max,encoder_angle_rms,encoder_angle_min,encoder_angle_abs_sum,grf_x_mean,grf_x_std,grf_x_max,grf_x_rms,grf_x_min,grf_x_abs_sum,grf_y_mean,grf_y_std,grf_y_max,grf_y_rms,grf_y_min,grf_y_abs_sum,grf_z_mean,grf_z_std,grf_z_max,grf_z_rms,grf_z_min,grf_z_abs_sum,grt_x_mean,grt_x_std,grt_x_max,grt_x_rms,grt_x_min,grt_x_abs_sum,grt_y_mean,grt_y_std,grt_y_max,grt_y_rms,grt_y_min,grt_y_abs_sum,grt_z_mean,grt_z_std,grt_z_max,grt_z_rms,grt_z_min,grt_z_abs_sum
acc_x_mean,1.0,-0.07573416896007686,0.5289407356981385,-0.04550400337054585,0.6404408991058629,-0.03326272062312423,-0.8118323245044528,0.2969026872178957,0.23362588591630606,0.18629224998824231,-0.5139546450468937,0.0970274564689963,0.46057882741616957,0.14721465577847356,0.4748759150691078,-0.18949170422334366,0.34709913521482605,-0.3296700006320959,-0.6625298502986376,0.3076214063112742,-0.3518466475587481,0.31211310807341475,-0.6357423598103314,0.307366515431875,0.5957521038589015,-0.05847599034511999,0.44978526861470336,0.4228179767696265,0.4237610010737204,0.43504209749700906,0.24271514714242082,-0.11061251486381082,0.1045409891590619,0.024330177165267284,0.43063961550234203,-0.0066414847836964224,-0.5704275760111077,0.24319588908469103,-0.3471740641844835,-0.5683020855237727,-0.7012591288269948,-0.5704275760111074,0.5760708766553154,-0.04076782107863754,0.4463545598183701,-0.5775095547938285,0.5853499465123221,-0.5760708766553151,0.568105509331119,-0.09233141568830222,0.49703671578186753,0.5680642386024977,0.48927498560859517,0.5681055093311208,0.6043840045283766,0.0918363534403627,0.6599180741443718,0.6072424857156951,0.418489281419317,0.6043840045283756,-0.3570215445258579,-0.10113111887483545,-0.22870786252055494,-0.32456126380887373,-0.3588404041485476,-0.35702154452585816,0.10746357632136695,0.0760178259907477,0.1527993807949673,0.0751103394739991,0.12447020193834271,0.06239200463907334,-0.04646124107384879,0.15853910526467388,0.023583125045668705,0.05065780661453698,-0.24619883840664838,0.043738389133223456,-0.03812866185816666,0.10374565963934425,0.04206411895467086,-0.06457927780468341,-0.06718444418613616,-0.07317067578774078,-0.03871756761332089,0.18006019729074502,0.10677751348882877,0.005648305583577553,-0.2544507861716815,-0.025435738728405613,0.06280010507405856,-0.02330111563628948,0.05139166394625236,-0.08184937379363943,0.03945054201372218,-0.08622687060920353,-0.07130408760540012,0.11160282576666225,-0.00043858586966253786,-0.045746845653356336,-0.18022148494793722,-0.058133595535241056
acc_x_std,-0.07573416896007686,1.0,0.6991914440329002,0.8283535537420468,-0.7702994304241573,0.7689493463140471,0.10384493524835572,0.6337884418871288,0.4680454455012694,0.7462275069812181,-0.48921693385969917,0.7768895351465674,-0.3991415357962779,0.4453865514407194,0.1210315703750113,0.5268600555391899,-0.6601857933700865,0.4799181704020713,-0.06520670391665172,0.46694815558306524,0.25482207892729275,0.4492318491627358,-0.32795904073399756,0.4401635325723611,0.15958259149140852,0.5516838324776177,0.4460726742668263,0.4677258109263473,-0.15004195195057435,0.43693932029102833,0.45598559637680164,0.584394560973717,0.6293282394916503,0.6864403711980969,-0.09617685922250392,0.6706396882179819,0.5503556404575258,0.5428123366756991,0.6173848749462242,0.5514430945979235,0.4096511740751262,0.550355640457525,0.3043083645028235,0.5936363573118932,0.45085618201568095,-0.30101322101686184,0.1286789638525925,-0.30430836450282267,-0.035183742616054496,0.5984859213246794,0.1669245261686217,-0.03340245497012843,-0.17841839100258133,-0.03518374261605436,-0.4981010259920436,0.656637055814088,-0.3090292001864358,-0.4942392765972405,-0.5992087905711903,-0.49810102599204203,0.6854797961657536,0.5996596054436178,0.7141798542112934,0.7054546833206992,0.5258252431672391,0.6854797961657535,-0.15731228326962685,-0.3765315178370704,-0.2275745150696689,-0.4160096649863757,0.015667908199708088,-0.4173789753670798,-0.31019671875520927,-0.31104438863956657,-0.36091944099111056,0.30275707977906047,-0.18789699368879847,0.3139458039553653,-0.6693052288776853,-0.2841644273148349,-0.627152304654444,-0.6346729812366816,-0.6035223189566015,-0.6336735400891631,-0.7122238510926976,-0.1487926358918406,-0.588960416041584,-0.6875018159101353,-0.6418005736120874,-0.7025377302701794,0.619669022820373,-0.3593662985005478,0.588263328240938,-0.5852105967897075,0.6141862889054487,-0.5846639261690741,-0.59841230711909,-0.2519761842340535,-0.5399046991763883,-0.5232976621865534,-0.48826733595870025,-0.5226280654314622
acc_x_max,0.5289407356981385,0.6991914440329002,1.0,0.5618509850819408,-0.19702755192143923,0.5149735994625187,-0.379390557308835,0.6884805049890733,0.5206150025155556,0.6705711192938255,-0.7684523321262372,0.618300343317708,-0.013615966908326577,0.43196507933528067,0.39369042193672443,0.29114812029172316,-0.28306253634500994,0.16293206273294292,-0.40086636492258026,0.5322851465414401,0.013350692701426265,0.48001998515287375,-0.6000654147918172,0.4650374608119102,0.4462682663065864,0.2772914195788696,0.5374515785637737,0.4853902785913211,0.1762869717005864,0.47763197487378595,0.4203856455946165,0.3936607413753407,0.4926593943011542,0.4219837104101743,0.04633075906635325,0.3789696230575414,0.0010495653249001102,0.42094451738336663,0.16332757803500556,0.0027058921784153564,-0.14268142339056789,0.0010495653248998355,0.5695827910702214,0.33490995635922177,0.5892658889944041,-0.568588398597989,0.47495761283909993,-0.5695827910702211,0.3518743601940015,0.25885400293953065,0.42377468441676325,0.3527500069611299,0.2384316480688272,0.35187436019400176,0.04426936545023017,0.4156293157302343,0.18142987173119918,0.04763225928981975,-0.11339975684673584,0.044269365450229886,0.2507090631786054,0.33743837208547867,0.3353247904173114,0.28109910826625123,0.15250307040933603,0.25070906317860525,-0.014421615956115704,-0.14303044531063325,-0.022145630747028827,-0.1996274477146522,0.06381221710113631,-0.21196605031063426,-0.2675726165106638,-0.1163067467018694,-0.25830471225549,0.2677669445910936,-0.32186045736407237,0.26836599919677084,-0.4679635508874978,-0.07922932653844085,-0.370366574954165,-0.461927663117637,-0.4614278571171556,-0.4735140148845683,-0.5029254925595646,0.04827131001467945,-0.3051139747768115,-0.45400189628202914,-0.6112748498203081,-0.4884964100583322,0.47077297188230044,-0.22408278458644568,0.4787857715765546,-0.4494042607598727,0.4394471268222687,-0.45666167524213735,-0.44437304526460564,-0.013992298354704447,-0.30157968635725996,-0.3800638903748543,-0.4603543744027508,-0.39639607626361034
acc_x_rms,-0.04550400337054585,0.8283535537420468,0.5618509850819408,1.0,-0.6192787874307241,0.9919469956941451,0.10789254970163896,0.5820003454051684,0.48920104560261385,0.8164383415591314,-0.3985103494216782,0.9003613139184415,-0.5248903986607738,0.36500924320294903,0.051409381693198336,0.5101854422079575,-0.6790982292283393,0.4775223289897474,-0.2047961682540815,0.4021372529712239,0.11432396525978436,0.5861983742391292,-0.3824384249785624,0.5968297847271258,0.27428964896634483,0.5865856019169784,0.55327250515368,0.6254124158068266,-0.08215004625509664,0.6124240507115752,0.5002064022828551,0.8709633214100057,0.8108742911946418,0.7484087303596966,-0.1684834824891625,0.6965877483610716,0.582072413036496,0.5967688249296484,0.6703431815498604,0.5833111365667855,0.45096373094000197,0.5820724130364967,0.33451068620647273,0.5769001842162232,0.47648644270242296,-0.3318368109796416,0.17254653323080713,-0.33451068620647184,-0.06719660441781426,0.5608778982644091,0.12219394927710311,-0.06572726654341898,-0.19823026298532057,-0.06719660441781293,-0.5080472981308293,0.6340186397865072,-0.34351312697813374,-0.5049662911812839,-0.6086351621173006,-0.5080472981308278,0.7271886463803725,0.807509141069274,0.8432754760859373,0.7756399614316626,0.4304129445511657,0.7271886463803724,-0.19951899874721374,-0.509400142921052,-0.3034419586449483,-0.5018070546849895,0.056722000718307776,-0.49505855188845693,-0.3151652002827355,-0.3658698144394542,-0.390272978251589,0.3033417722515356,-0.19538595103571899,0.31972647608271704,-0.7356370429849977,-0.40764789838442883,-0.7310536013153162,-0.701368697752163,-0.6197530318996297,-0.6873519141167738,-0.7834725029014203,-0.248861528306486,-0.6853478258163925,-0.7637567699654476,-0.6774773656440667,-0.7704278897053601,0.6585005122072896,-0.46310293947309117,0.5727683425087357,-0.6340055591739493,0.6871552826443345,-0.6218700755261328,-0.6350133985694655,-0.3734221287656194,-0.6244540063239485,-0.5599021262672389,-0.4862726844902077,-0.5509639363234878
acc_x_min,0.6404408991058629,-0.7702994304241573,-0.19702755192143923,-0.6192787874307241,1.0,-0.570502552838019,-0.5728966613614815,-0.29380604435155416,-0.20607409501269594,-0.44015485258963477,0.050876780590466464,-0.5175306787324429,0.5451624812099561,-0.27072632655787887,0.16978071412029477,-0.5107402786783165,0.6979043572559701,-0.5594431034142724,-0.33344947213717063,-0.10498275414777196,-0.3672352225911085,-0.1344731779152939,-0.15772639142115874,-0.13233693449064834,0.25923433205900404,-0.4445905680503293,-0.025532162612174746,-0.0931346191986549,0.3977526521583132,-0.06399633741406367,-0.15849127174243785,-0.4783158801699333,-0.37166194824164306,-0.46949141836887986,0.35171371947444463,-0.4761821406126895,-0.7374924684748231,-0.25839723946118237,-0.6607552792780454,-0.7370300100539986,-0.7173920387510959,-0.7374924684748229,0.12904480472070054,-0.4235617732358355,-0.040853681731657425,-0.13210176498608958,0.2574405722588507,-0.12904480472070123,0.3658214241914644,-0.4803099649874608,0.18753846238291189,0.3645840150012181,0.4239932643712504,0.3658214241914655,0.7206943303138856,-0.41887486175134164,0.6185443171190973,0.7196197449803136,0.6866611776171413,0.7206943303138834,-0.6967215585406857,-0.5165244602637792,-0.658393200067292,-0.696368788544147,-0.5607718433012071,-0.6967215585406855,0.19752546392110404,0.33991145516481014,0.2816906586079221,0.3599600370668507,0.07816820967799509,0.3512686487445932,0.17081011670315005,0.3117040781690872,0.2576958766562529,-0.16266589292865075,-0.01862901820400953,-0.17559838224563104,0.4652598617209244,0.2812965160452006,0.4918458485500868,0.4258450559940814,0.3978762922294784,0.41792454514766064,0.4862105512317636,0.21611803253229644,0.4719974631673822,0.495114728624325,0.3064369578082567,0.4883753875372826,-0.39836409019344754,0.24078288787404875,-0.38995862133039844,0.3601152084403824,-0.4110803499274624,0.3568640998344851,0.3865910070743609,0.2626511753928936,0.38997444202963455,0.356543917399343,0.23957178283717376,0.34935622115309584
acc_x_abs_sum,-0.03326272062312423,0.7689493463140471,0.5149735994625187,0.9919469956941451,-0.570502552838019,1.0,0.08415700338237878,0.541650362979452,0.4566955816320186,0.7865305730550697,-0.3562995090617165,0.8838728454572429,-0.5304426219337262,0.31987394792913604,0.014802613690783758,0.4744694587555537,-0.6615846273146806,0.4516950795357686,-0.22609738192673234,0.36009667420749436,0.07151177718822119,0.5852117594928061,-0.37413648631804053,0.5995551284479963,0.296619337689248,0.5712615769282304,0.5600338416093222,0.6348819119117838,-0.056977817737283554,0.6256349777810313,0.5200908565590915,0.8953876509127183,0.8322073587538937,0.7613211642868978,-0.1497523101533791,0.7069109714195596,0.575502788547477,0.6099523530409978,0.6693394574802763,0.5768091091839799,0.4406209836997798,0.575502788547477,0.33511633034468,0.5823274763371128,0.4777516863131176,-0.33243485493788044,0.16873520634255795,-0.3351163303446792,-0.07205426672521931,0.5568214173845271,0.11505386725926907,-0.0706158799744592,-0.20384048482664638,-0.07205426672521789,-0.4952263375613025,0.6339234195777808,-0.3309887953110996,-0.49214738754021,-0.599731881594622,-0.4952263375613012,0.7278480720068149,0.8215698663137575,0.8474178198821135,0.7779649380385983,0.41105953478730906,0.7278480720068152,-0.20033815831374657,-0.5316453105751076,-0.31433170759715784,-0.5064921262257526,0.06727297264558073,-0.4969017765922848,-0.3064466096266313,-0.3717265260323305,-0.38500111939597165,0.292761140347173,-0.17989965440544053,0.3102401035527533,-0.7243059721684122,-0.4342521653035371,-0.7342406521357749,-0.6905217918192527,-0.5944193163030114,-0.6724022736490236,-0.773242671726308,-0.2760360334435566,-0.68727721449783,-0.7574243193654325,-0.6462788795329871,-0.7611598810818284,0.6449598171352402,-0.4703391597228617,0.5463240920188169,-0.6236382871439072,0.6782843138652076,-0.609653328803569,-0.6179900598948217,-0.4054591038559985,-0.6259209365360768,-0.5500465276575495,-0.4567167398789031,-0.5382997731955018
acc_y_mean,-0.8118323245044528,0.10384493524835572,-0.379390557308835,0.10789254970163896,-0.5728966613614815,0.08415700338237878,1.0,-0.05027766454363963,0.11329651630937478,0.044758894365666435,0.3386127753958011,0.07615453153599656,-0.45934729867980195,0.17608267766369043,-0.18400425684057828,0.3798265702889198,-0.4803250098613998,0.45999524654612306,0.6435338975478457,-0.19598023789343938,0.44147193168289095,-0.0935376674247514,0.5833867569949828,-0.07566837026961014,-0.5231980184366802,-0.00911062591445775,-0.42534794806547493,-0.45182682123070383,-0.3718525577095694,-0.46712903100365066,-0.4769737533007622,0.09890854739432045,-0.2165849050812959,-0.20139826913571524,-0.6267345573386028,-0.19117898241248377,0.4657303785805292,-0.37405677480265626,0.25352111073505207,0.4632284297938524,0.6684925413671959,0.4657303785805292,-0.5003374317237302,-0.1252873329460164,-0.42552145700471367,0.5002671849517348,-0.43437588421126866,0.5003374317237296,-0.4710604586216169,-0.14114145084996324,-0.4901260137069255,-0.47176067572749597,-0.3440350864988382,-0.47106045862161816,-0.5150997915075511,-0.23212747535122377,-0.6249849966000981,-0.5194303152650179,-0.32279081258636805,-0.5150997915075503,0.13269202574851613,0.09729238021879459,0.13280785883016463,0.13076142224534348,0.1121471456040241,0.13269202574851613,-0.027825712331092198,-0.14314686587647854,-0.10209765648310448,-0.10914386182606993,0.0160295218056877,-0.09889581605134466,-0.15048872842712063,-0.28304193185486437,-0.23791946749631082,0.14193998592358184,0.019457484228832752,0.15476315362267457,-0.11549085850942141,-0.1891904498001132,-0.17290923081785442,-0.11321709443370788,-0.050033237210310375,-0.09965905390616309,-0.14673054537412908,-0.24003350814172136,-0.2334754580404836,-0.18360153919853509,0.03836307371125749,-0.15370719601301852,0.15184576706173425,-0.18730921950872828,0.07906376325147174,-0.14408588256473331,0.1870480997214796,-0.12923244704337045,-0.0644895940594672,-0.12503292044214237,-0.102694415228475,-0.07309408551284347,0.02041601402132967,-0.06266684512402365
acc_y_std,0.2969026872178957,0.6337884418871288,0.6884805049890733,0.5820003454051684,-0.29380604435155416,0.541650362979452,-0.05027766454363963,1.0,0.9211126596189024,0.8893555597142513,-0.8865203602210074,0.7442064788375297,-0.04531672352794273,0.6788556365806896,0.6488079810871465,0.49327211035727353,-0.3580576060301111,0.29082286306695204,-0.33419703806569745,0.609566213609538,0.14060002130687604,0.551869795577963,-0.6014308321118083,0.5407005365076664,0.3644217602425564,0.44716451763427684,0.5522648635551631,0.3745974905892644,-0.0015100680500569844,0.33738892911237955,0.25834190906126986,0.4158799413581474,0.4349964205410164,0.26890016103840003,-0.0612130396940641,0.21918104109154604,0.03678893571422685,0.15867194966861292,0.1070078323799042,0.03721341664256988,-0.010792359973197005,0.03678893571422661,0.4839881319330103,0.35150661135406075,0.5507811955320874,-0.4827652936881893,0.4279334272945046,-0.48398813193301077,0.2947090349313769,0.12516629922660177,0.34367384361671716,0.2952007330441016,0.252764859302127,0.29470903493137746,-0.02137799349981805,0.24611780885107898,0.06719872034773455,-0.01978037435645386,-0.0996552098143343,-0.02137799349981837,0.2374606178656442,0.22602042188048937,0.2910823075819404,0.2547797419409294,0.2146458661091617,0.23746061786564476,0.02069820036790416,-0.049057069275537483,0.05248419057948481,-0.14623624566623605,0.08701229780083043,-0.1726510809839611,-0.33060884183962824,-0.07320494077476532,-0.31816818953314235,0.3432535356406633,-0.4823087255487133,0.34133447830451197,-0.4871115460341794,-0.028000129158720542,-0.3512579397848479,-0.4917959160282952,-0.5124076080609626,-0.5089890292314916,-0.5447607517644185,0.13479773916895585,-0.2909603491960045,-0.47229825443771467,-0.7873780933825499,-0.5136331507650059,0.5231773406525241,-0.288962918322993,0.5084669328663537,-0.502068347037989,0.5001286415395839,-0.5032576917376866,-0.5004681498892328,0.08721590351745928,-0.3371642915195281,-0.38434843082558645,-0.6130438538573814,-0.40365730794674004
acc_y_max,0.23362588591630606,0.4680454455012694,0.5206150025155556,0.48920104560261385,-0.20607409501269594,0.4566955816320186,0.11329651630937478,0.9211126596189024,1.0,0.8088019454351729,-0.7620545475496755,0.6436453360790403,-0.08477931459947169,0.6309057386066103,0.64179826715735,0.42468755487432014,-0.29801440265693213,0.21926018223039817,-0.28889487515196605,0.5509804773826359,0.1450965538232067,0.5077599935708453,-0.5276358956532341,0.5002907225662553,0.30295085425413465,0.34673193263876245,0.45505303808610414,0.25114143013310475,-0.0021494100067644796,0.21789932468165163,0.062074383663099385,0.33185877782340717,0.2834581666668212,0.06531301679934925,-0.15289291017967163,0.015181825775774626,-0.06758982344363829,-0.027624003815732125,-0.030172814587558147,-0.06773192442680244,-0.047030783205906854,-0.06758982344363826,0.38456966368323187,0.17745094371157114,0.42065341391518857,-0.38442863230722474,0.3935235235991464,-0.38456966368323203,0.2678142547350725,-0.05897019443749952,0.26041131943429124,0.2677107580831378,0.28215666995676153,0.2678142547350735,0.062286784449491844,0.03632619178212458,0.08910243248541955,0.06221284197307676,0.03116931960380361,0.06228678444949142,0.07823379771011461,0.15300515645086932,0.16562102757320596,0.10224747350413928,0.05256799366578624,0.07823379771011466,0.09941953653228434,0.016934115445839955,0.13723707244466657,-0.05053884873793869,0.1524200627963042,-0.07564824223002285,-0.34670157523499806,-0.06297199346944829,-0.3318948040147773,0.365076539954871,-0.5296509372472397,0.3621917868996435,-0.37601775394396214,-0.009130809692008754,-0.2549887322434466,-0.3967182397132656,-0.3979455693763119,-0.4112237898674434,-0.4504235755039942,0.10105896162066304,-0.2422286270241141,-0.38752604948620245,-0.7057934115176102,-0.41624959736863415,0.4585682667929757,-0.31819862672748706,0.4098360959581712,-0.45331821572764036,0.4647816913020208,-0.4444674226189465,-0.3891930032256987,0.14377415780836075,-0.23664431695064442,-0.2781268635293217,-0.5346718892778596,-0.29672201188930336
acc_y_rms,0.18629224998824231,0.7462275069812181,0.6705711192938255,0.8164383415591314,-0.44015485258963477,0.7865305730550697,0.044758894365666435,0.8893555597142513,0.8088019454351729,1.0,-0.7387724898824317,0.9541767811783133,-0.30773756682677694,0.6457866491256574,0.45851405660694816,0.5964032128378196,-0.5798664507096059,0.45543608484976067,-0.30528037981115996,0.5778064080521815,0.14728020084149035,0.6531399982672228,-0.5565379230277023,0.649085060915199,0.3648507125733657,0.5100765765565679,0.5961228438605485,0.5360678504182205,-0.007271792549419516,0.509758560355145,0.35980964761041095,0.639489510263811,0.6242725992767645,0.49797991834460936,-0.11150061695864134,0.4454560153301553,0.3021330747863361,0.3825706293074387,0.3891709548537599,0.30304590300877343,0.21753750847942036,0.30213307478633616,0.4698649441937692,0.4270664561556944,0.5559842701795721,-0.4683707334305177,0.3739474046220409,-0.4698649441937679,0.16518811515013498,0.315570801330251,0.26629810452686586,0.16606319982376547,0.07610599009018691,0.16518811515013593,-0.26200306533326473,0.43559353645744564,-0.14843576431871666,-0.25984640624305483,-0.3573788610981638,-0.2620030653332647,0.45018194285873514,0.5946294997915197,0.5904259162887354,0.49885864842515426,0.2292553293214689,0.4501819428587354,-0.09150724336752526,-0.28646092679359403,-0.12210087536502563,-0.3429601958061646,0.08413271366697918,-0.3571920479028884,-0.35688152318568217,-0.24051839883779977,-0.3994163836978814,0.3575902135721596,-0.39479504975870605,0.36558936050649876,-0.682781986380082,-0.20691608696446503,-0.5898928390391259,-0.6669083088425563,-0.6544925479944198,-0.6742479042214069,-0.7358578990179284,-0.02780522829264074,-0.5364847183177093,-0.6829641001562522,-0.8482145573834504,-0.712046971645596,0.665126767487421,-0.415035576459127,0.6171748882824055,-0.640778233904108,0.6675654126129597,-0.6354492890226159,-0.6495556705941111,-0.12533790111281204,-0.5445452657770573,-0.5428196308970544,-0.6514549137451966,-0.5497899739003919
acc_y_min,-0.5139546450468937,-0.48921693385969917,-0.7684523321262372,-0.3985103494216782,0.050876780590466464,-0.3562995090617165,0.3386127753958011,-0.8865203602210074,-0.7620545475496755,-0.7387724898824317,1.0,-0.5555971835713281,-0.18857213847896157,-0.5486418546417348,-0.6815538171272433,-0.32478824402834405,0.08584527071070819,-0.10646787063938762,0.4735023361836879,-0.6615118810975922,-0.0449945163203143,-0.48416914641307934,0.7286185671662667,-0.4567747766860738,-0.4266048317331409,-0.3345581884285291,-0.5471072020149687,-0.39629658027454445,-0.10501056428997091,-0.3689479767168142,-0.26932352318744934,-0.2539772174206756,-0.3402157768224907,-0.1540434089666089,-0.07207472363402803,-0.10866213225090514,0.19991472356439446,-0.12999938790478646,0.0913972149935945,0.1990720201842439,0.26650288500052355,0.19991472356439446,-0.5712982035118297,-0.2169408621884326,-0.5778415909771643,0.5710576482109213,-0.5566894514661281,0.5712982035118304,-0.45051112733704934,-0.04710927891686775,-0.46537794261909093,-0.4508306707209921,-0.40575616340748344,-0.45051112733705034,-0.2074435247505355,-0.15843800631257507,-0.28590627181088485,-0.20924053730499378,-0.10792874549105017,-0.20744352475053457,-0.06470060970165348,-0.08176944548261159,-0.09842381798880151,-0.07594016403057527,-0.06897629903504426,-0.06470060970165353,-0.05664390050048867,-0.1047441719891629,-0.1379763147041069,0.029462927254535212,-0.04681523242129817,0.06267924660188855,0.24651692992781968,-0.06590432923528013,0.18650392127606236,-0.2637883637740786,0.4584658713624208,-0.25400944333836206,0.33275714518698823,-0.13708311922143018,0.16168564926988066,0.34395309643505795,0.4152744288614212,0.37404239155275154,0.36384393784987057,-0.28786987983702017,0.08802610694418063,0.2810141656691922,0.690708909295279,0.33399331772862906,-0.372167102793214,0.12445652569715578,-0.4157600412576927,0.35054424958607927,-0.32029324787166197,0.3625593663744809,0.3883801028255918,-0.21868029801452943,0.19879491469017457,0.2807872303219254,0.5576139995577598,0.3058821556511166
acc_y_abs_sum,0.0970274564689963,0.7768895351465674,0.618300343317708,0.9003613139184415,-0.5175306787324429,0.8838728454572429,0.07615453153599656,0.7442064788375297,0.6436453360790403,0.9541767811783133,-0.5555971835713281,1.0,-0.4453918615136071,0.553616735170206,0.2653133537269425,0.6010610523151414,-0.6880765343744147,0.5211258929703884,-0.25401369201762425,0.4469680286633654,0.10587323595200357,0.6276705016757402,-0.44277718987921966,0.6330596998405614,0.3385233416617405,0.5377397043404872,0.5806738335387371,0.5882029653821013,-0.027280071639950106,0.5684484351964532,0.4495650596861036,0.7602627344419917,0.7368852177806234,0.6513981165336401,-0.11736990293846836,0.5985443547260801,0.47959104016380827,0.5240508356472285,0.5724928974049771,0.480739782988423,0.3682519402430417,0.4795910401638086,0.41164728555200825,0.5078610373831255,0.5202450984374661,-0.40955731908199233,0.27014764573539,-0.41164728555200764,0.04723182135651202,0.44659814640075307,0.1873549343431722,0.04841329081067105,-0.07165675916293038,0.04723182135651268,-0.4183828849182257,0.5545258940146464,-0.286653832814614,-0.41579806245773854,-0.5224348729597783,-0.41838288491822445,0.5952021812797128,0.7617481855783798,0.7544735170469641,0.6526989285328396,0.3015940091335525,0.5952021812797129,-0.18356894728957004,-0.444821085400924,-0.26117146773545213,-0.46832556015742893,0.05139548952758906,-0.47176590428918586,-0.3189834064920963,-0.3234021207660528,-0.3983906333482529,0.30955079840336175,-0.26794530716438547,0.32386318997121943,-0.752855407639582,-0.33760359155273645,-0.7109901422943957,-0.7219229338232386,-0.674908896209804,-0.7167765467360045,-0.7955658528867202,-0.15386697843956348,-0.6456920715245068,-0.7612572562550577,-0.7847550655186831,-0.7797715305897047,0.6857807895389099,-0.45020227392057416,0.6224842971828451,-0.6593685547142939,0.7025119667652009,-0.6509817010435146,-0.6821835244347244,-0.28911715939688837,-0.6309476265677838,-0.5938347094970823,-0.591451910117661,-0.5922423658410457
acc_z_mean,0.46057882741616957,-0.3991415357962779,-0.013615966908326577,-0.5248903986607738,0.5451624812099561,-0.5304426219337262,-0.45934729867980195,-0.04531672352794273,-0.08477931459947169,-0.30773756682677694,-0.18857213847896157,-0.4453918615136071,1.0,0.17559444008960493,0.60213015718892,0.013516029767613805,0.711319187691298,-0.07344583324318422,-0.043108544909952674,0.14281376921590527,0.09472067644361394,-0.03560638929046652,-0.07132306536602465,-0.07294454604127026,-0.1404427904033187,-0.06391095954337847,-0.23913554724027303,-0.05146125137799692,-0.1720228678876974,-0.07072795505002433,-0.3430613182758408,-0.5035506244387116,-0.5025159876350046,-0.45309754520556034,0.048934938381703146,-0.4487155375502417,-0.44292368165504953,-0.1905402416353355,-0.3979775376635008,-0.44301483312940376,-0.4219173356328878,-0.44292368165504975,-0.0547268434119601,-0.445908772121117,-0.2018626976336047,0.05192881449365081,0.08719091029677539,0.05472684341195926,0.19201449601306936,-0.414363805512959,0.05415753962565084,0.19086006639999173,0.2690567715451615,0.19201449601306916,0.4028765157624595,-0.27751670915422677,0.3168298257260793,0.40184223682085435,0.3832871264404654,0.4028765157624582,-0.6289861974647026,-0.6184115520916801,-0.6693892037506027,-0.6534894551928287,-0.40213477235544837,-0.6289861974647026,-0.003418357313707852,0.42888583411380865,0.13120933446260302,0.2488198565330117,-0.24367554193459226,0.21854308253362342,0.2597280411082695,0.5286075596704208,0.4337733240869558,-0.23913192155623347,0.008257909681269252,-0.2699183144947439,0.2661375623064005,0.581260721706485,0.4842169044262674,0.2666347949446732,0.06121499023228519,0.21477744020982892,0.3745975200705468,0.6957328560198918,0.6428952954443684,0.4668164094218271,0.01833174682802293,0.3788212196101737,-0.3308091309958644,0.6480177602676782,-0.09435611569074465,0.3798465938725649,-0.5499208886964289,0.3078791652669503,0.16269927585980387,0.4171374090989705,0.30334856443756814,0.17377729018900823,-0.03569157935352159,0.1377854114661255
acc_z_std,0.14721465577847356,0.4453865514407194,0.43196507933528067,0.36500924320294903,-0.27072632655787887,0.31987394792913604,0.17608267766369043,0.6788556365806896,0.6309057386066103,0.6457866491256574,-0.5486418546417348,0.553616735170206,0.17559444008960493,1.0,0.7879605668816045,0.8184327354451368,-0.4655589284337384,0.6778498953642363,0.07428221364998766,0.46282397579976114,0.4375124504274793,0.5184962947202859,-0.18653521609696308,0.5045523349327341,-0.016060624586109552,0.40006936242678814,0.1489982739696129,0.21103457827603522,-0.3093730421961769,0.1649118727202759,-0.12984901578893876,0.25070194758576236,0.08209871773657752,0.10574539166495549,-0.360043857955417,0.0672677266684929,0.26508640180083065,0.1036481797543384,0.2887502068370863,0.26467771035836063,0.2919891166137336,0.2650864018008297,0.15744832176641355,0.07252937033462246,0.17650795185490964,-0.15763071630166384,0.1664622129643589,-0.15744832176641418,0.053982611377015675,-0.007338014730937845,0.05401842996587583,0.053780416745547205,0.055335018425791076,0.0539826113770147,-0.2747816931474863,0.1567321799568839,-0.27818110700607057,-0.27549369700142423,-0.3015224584069299,-0.2747816931474872,0.010168775275232607,0.13988339191267252,0.13027287887340325,0.04059714647993194,-0.017286058128076806,0.010168775275232602,-0.15734778867918245,-0.1769984417712028,-0.16262787757418096,-0.29109295936012114,-0.056239302416262536,-0.31077006774381466,-0.21187857957748565,-0.06778969595656444,-0.21668018772881525,0.21651762448075815,-0.29703923221036854,0.2117498742062272,-0.5580193650233984,0.056592741897158565,-0.3881403183135297,-0.528811557327391,-0.6412874119731007,-0.5593180555208678,-0.5398843859907558,0.24544024765952027,-0.26863024929575835,-0.46289668269742806,-0.7408675120684695,-0.5249857723027861,0.48122681327529576,-0.08159727304517024,0.5717740834521723,-0.4269694254399854,0.3892549328305936,-0.45547650169455345,-0.5569383183740515,0.018896859514401922,-0.4130970040950663,-0.47275954644519025,-0.6025609703471866,-0.49477654025670165
acc_z_max,0.4748759150691078,0.1210315703750113,0.39369042193672443,0.051409381693198336,0.16978071412029477,0.014802613690783758,-0.18400425684057828,0.6488079810871465,0.64179826715735,0.45851405660694816,-0.6815538171272433,0.2653133537269425,0.60213015718892,0.7879605668816045,1.0,0.5177161905809179,0.11758130972330097,0.30540581435328423,-0.167584046499166,0.513476800040195,0.26212759582181466,0.4133589887172378,-0.3861480053961111,0.38543123123227846,0.07063023443819906,0.2604428978832409,0.1371754740305318,0.2154414118695742,-0.20423258986069376,0.1733359087399591,-0.23875339188336633,-0.05196954221075527,-0.13806357232500932,-0.21359550019940676,-0.15924832398935257,-0.2529250483397782,-0.22825574855128009,-0.09074984827734593,-0.16847122517557084,-0.22844827074491242,-0.19662928443330582,-0.22825574855128067,0.2420370371488468,-0.19000521400607168,0.16295170856336197,-0.24407476606245276,0.34734915425558643,-0.2420370371488476,0.30150516683381273,-0.29096707141293277,0.20809990453483002,0.30066185937221496,0.35012846515752905,0.3015051668338126,0.1930885101548737,-0.11887327798029106,0.13662945713142735,0.19200291193315422,0.15819453247125065,0.19308851015487224,-0.3794055379158103,-0.21869461274548743,-0.28518007563378167,-0.361295007852929,-0.29287979612250187,-0.37940553791581005,-0.010800551639818603,0.2216580053999628,0.10103649582214765,0.025687507478947668,-0.0886843997301637,-0.01399968670092945,-0.07827098637445008,0.28377483257673625,0.033236560956344405,0.09963253971424059,-0.37483882291579207,0.07700540701003608,-0.20945810126654554,0.3907895063210425,0.04622222862288859,-0.20746664456254194,-0.3878931962651943,-0.25890298663546935,-0.17134597840915994,0.5783575336029786,0.18606233594770802,-0.054804393866044354,-0.611248869170661,-0.14474980215538513,0.18240630371788435,0.2052610007487907,0.3394502817763503,-0.13386031758946593,0.030438794822167735,-0.18079347750306368,-0.2948339501337479,0.3535479006487125,-0.0788970039340218,-0.19738842702418805,-0.5168083530879973,-0.2367848284269976
acc_z_rms,-0.18949170422334366,0.5268600555391899,0.29114812029172316,0.5101854422079575,-0.5107402786783165,0.4744694587555537,0.3798265702889198,0.49327211035727353,0.42468755487432014,0.5964032128378196,-0.32478824402834405,0.6010610523151414,0.013516029767613805,0.8184327354451368,0.5177161905809179,1.0,-0.5403282687018615,0.9627398033143191,0.32149796907806044,0.37418666625751423,0.5729511118364352,0.49884538974834786,0.033979903552164896,0.4855432379927421,-0.27136698299415274,0.5168209843988052,0.0032751196362304745,0.2355064196572209,-0.5288119238466721,0.1793794245094483,-0.101217065431069,0.44199662364688713,0.20163921836239815,0.2486049905027711,-0.48979462021354236,0.21207397344204285,0.606204481901077,0.19060647345323317,0.5760423633743811,0.6054477140636819,0.640803103439055,0.6062044819010767,-0.0461155378797892,0.1732664745864795,0.035703965696099176,0.0470658889410496,-0.0788874281575182,0.046115537879788546,-0.21944180075739922,0.1729687034514661,-0.14739584192564484,-0.21929525558721927,-0.22401391956603872,-0.2194418007574002,-0.5955489245201899,0.2369447989526992,-0.610188415670895,-0.5970147237911309,-0.5795298117616281,-0.5955489245201899,0.24120075833613816,0.32459211438142,0.3301236078852504,0.26994843191949575,0.13037870384771102,0.2412007583361382,-0.3331942564609559,-0.3095018689932606,-0.37863240675608084,-0.4625572570832892,-0.22253267469647608,-0.4770647434154284,-0.17992847975528609,-0.12288262518262948,-0.1843859095994392,0.17866133586257557,-0.1384355441803702,0.17554239765157426,-0.6877358024353151,0.0066383753774998675,-0.5020488926935255,-0.6315121112853076,-0.7447009972586275,-0.6642081406951361,-0.6256132564058713,0.26438187688974896,-0.3246064032662666,-0.5421476231602133,-0.7134048711065404,-0.6201873432468952,0.5166799594572258,0.03843686935213338,0.6445820229580428,-0.42595674479759554,0.3503395942481638,-0.47892809896965044,-0.6509682687240748,-0.13282648151952672,-0.5373604342383215,-0.5761833747242169,-0.5906425579931857,-0.5932640777326075
acc_z_min,0.34709913521482605,-0.6601857933700865,-0.28306253634500994,-0.6790982292283393,0.6979043572559701,-0.6615846273146806,-0.4803250098613998,-0.3580576060301111,-0.29801440265693213,-0.5798664507096059,0.08584527071070819,-0.6880765343744147,0.711319187691298,-0.4655589284337384,0.11758130972330097,-0.5403282687018615,1.0,-0.5782748027785986,-0.18854976192809272,-0.11256429995886484,-0.24962547025155196,-0.335409840891903,-0.05044755684026255,-0.3576235466359488,-0.081038229998366,-0.3128695799256156,-0.265984376388169,-0.1482419652101975,0.06876050065871554,-0.13956986161760532,-0.2805251574719269,-0.6124922000293971,-0.5157104993003939,-0.5652067898008827,0.26690172685384433,-0.5457658372957778,-0.6877511968693395,-0.3365231415584867,-0.6662769037734466,-0.6877112147321464,-0.6569239233449151,-0.687751196869339,-0.1001304862401393,-0.5109584104540718,-0.2576226891463482,0.09709812134140436,0.06267485005910169,0.10013048624013889,0.2173688026391429,-0.44306687571631503,0.07242845348383489,0.21624548364283613,0.3044649716091171,0.21736880263914377,0.641367060941472,-0.47570646353009505,0.5317664609006627,0.640234365075089,0.6599574112001052,0.641367060941471,-0.6406722378816877,-0.6496258357281489,-0.717809146132302,-0.6735128602193585,-0.4235146611545092,-0.6406722378816879,0.14030498103766267,0.6056869539736616,0.3114020858866412,0.4817995747971329,-0.16901774778487016,0.4584737188322034,0.3634534390905397,0.5954476448462654,0.5408344724552088,-0.3407979126333313,0.09574380369471727,-0.3703094055934521,0.6603567067076537,0.5508754278130599,0.7615989113551639,0.627916785664133,0.5012558686154747,0.5963267791626414,0.740321898686494,0.5326282951318176,0.8165911194664904,0.7842026513894897,0.4425699494904013,0.744738980359751,-0.6422989291591101,0.6116376333814478,-0.484168353571423,0.6426718292328856,-0.7460687757364549,0.6044511744105168,0.5377484112347584,0.4864435078466542,0.6068472524898796,0.5174102625384253,0.31464590920666036,0.4929709740029313
acc_z_abs_sum,-0.3296700006320959,0.4799181704020713,0.16293206273294292,0.4775223289897474,-0.5594431034142724,0.4516950795357686,0.45999524654612306,0.29082286306695204,0.21926018223039817,0.45543608484976067,-0.10646787063938762,0.5211258929703884,-0.07344583324318422,0.6778498953642363,0.30540581435328423,0.9627398033143191,-0.5782748027785986,1.0,0.452397946937265,0.22485475882236045,0.5779683864245813,0.41631273670638175,0.210709623119292,0.40945818039761794,-0.3673413812906863,0.4629351068600168,-0.10631478667715806,0.16691699295993573,-0.5535673409678505,0.11815551037699748,-0.11233649822656051,0.4412189997361443,0.1825893798235312,0.29211715351561923,-0.5181421753900238,0.26589581083097286,0.7275058305963795,0.22862070946234564,0.6786323096320037,0.7266853253601351,0.7627931488099419,0.7275058305963785,-0.1684242598611878,0.1789072481535511,-0.07501410877744306,0.1696947595468336,-0.22157630534292755,0.16842425986118734,-0.3508612927578861,0.2292029877166737,-0.26211893870268355,-0.3506129789595047,-0.3605808892626035,-0.3508612927578871,-0.7091065693320971,0.2780905642726566,-0.7220815942793133,-0.7106144550544962,-0.681760043204751,-0.7091065693320969,0.3048960573977597,0.37488596650398764,0.38477702580153483,0.33215666297440033,0.16830528982176482,0.30489605739775955,-0.3711549308815256,-0.3906154770796176,-0.4569000173679521,-0.5094354350955742,-0.24297279157944052,-0.5142930845008106,-0.14614058834145685,-0.19459515569273142,-0.1745388713359981,0.13731944368158952,-0.010617798007088472,0.13978489455769288,-0.6802239521794979,-0.07598699701476407,-0.5353579202570891,-0.6159425837421346,-0.6933970272102702,-0.6397633807670134,-0.6123477754347727,0.16206435985952225,-0.36697992486140707,-0.5498388051108648,-0.5764192899697196,-0.61715539970582,0.4891574511680676,0.04861084221468267,0.5976721573448224,-0.39708342410373326,0.320274429298188,-0.45068979942216725,-0.6127330019277399,-0.251982210443733,-0.5522782707001441,-0.5681268746797896,-0.4774643883250107,-0.576372852967704
gyro_x_mean,-0.6625298502986376,-0.06520670391665172,-0.40086636492258026,-0.2047961682540815,-0.33344947213717063,-0.22609738192673234,0.6435338975478457,-0.33419703806569745,-0.28889487515196605,-0.30528037981115996,0.4735023361836879,-0.25401369201762425,-0.043108544909952674,0.07428221364998766,-0.167584046499166,0.32149796907806044,-0.18854976192809272,0.452397946937265,1.0,-0.2238514638171813,0.7017374865998701,-0.0972057244357715,0.8261560123211849,-0.09038152023168622,-0.6661938909517602,-0.14065713902276739,-0.6261224693735716,-0.5258353819588863,-0.4125028346493534,-0.5485076260714055,-0.4681350276288251,-0.2157573217532149,-0.42291467326238147,-0.1908635764260451,-0.43050482688029795,-0.14539242407660388,0.4418469736151527,-0.23226917741996192,0.2700687750678744,0.4398525322054482,0.5683454444940688,0.44184697361515196,-0.6349309797706326,-0.15418955592772235,-0.5785967314307356,0.6353062413869088,-0.6136160540091503,0.6349309797706316,-0.5406683576708516,-0.06269015293552858,-0.5388838197799223,-0.5411146845385553,-0.45235020470815207,-0.5406683576708523,-0.46924493554743,-0.11273317678848149,-0.552645604532841,-0.47259910084561957,-0.33077752388930265,-0.4692449355474285,-0.035862310888499956,-0.13890895384012952,-0.09949299349399805,-0.05540315591006101,0.035242755338651545,-0.03586231088849994,-0.059928480844829005,-0.0065894645205003015,-0.10180671343254648,-0.02590747403454949,-0.11274327861782447,-0.020056097824897947,0.017673671140124747,-0.12961257414029065,-0.02488329002756847,-0.01812159004608103,0.21467047323518806,-0.016229516945446183,-0.02080580998498871,0.0553900259142146,0.009117618589195029,0.012358506947278122,-0.04219959174108687,0.00023967656800626724,0.004728197986503332,-0.015362657305700071,-0.03512609819183911,-0.017223799066275438,0.16694309526790435,-0.018323089591402882,-0.009975279266114998,0.18942528377742363,0.05396504162587675,0.05288521621179609,-0.11048493796630915,0.023011745005164914,0.022972831030637478,-0.02131281041671647,0.017681637532419227,-0.020580968545555616,0.10210418346096957,-0.020635329004477062
