,acc_x_mean,acc_x_std,acc_x_max,acc_x_rms,acc_x_min,acc_x_abs_sum,acc_y_mean,acc_y_std,acc_y_max,acc_y_rms,acc_y_min,acc_y_abs_sum,acc_z_mean,acc_z_std,acc_z_max,acc_z_rms,acc_z_min,acc_z_abs_sum,gyro_x_mean,gyro_x_std,gyro_x_max,gyro_x_rms,gyro_x_min,gyro_x_abs_sum,gyro_y_mean,gyro_y_std,gyro_y_max,gyro_y_rms,gyro_y_min,gyro_y_abs_sum,gyro_z_mean,gyro_z_std,gyro_z_max,gyro_z_rms,gyro_z_min,gyro_z_abs_sum,quat_w_mean,quat_w_std,quat_w_max,quat_w_rms,quat_w_min,quat_w_abs_sum,quat_x_mean,quat_x_std,quat_x_max,quat_x_rms,quat_x_min,quat_x_abs_sum,quat_y_mean,quat_y_std,quat_y_max,quat_y_rms,quat_y_min,quat_y_abs_sum,quat_z_mean,quat_z_std,quat_z_max,quat_z_rms,quat_z_min,quat_z_abs_sum,encoder_angle_mean,encoder_angle_std,encoder_angle_max,encoder_angle_rms,encoder_angle_min,encoder_angle_abs_sum,grf_x_mean,grf_x_std,grf_x_max,grf_x_rms,grf_x_min,grf_x_abs_sum,grf_y_mean,grf_y_std,grf_y_max,grf_y_rms,grf_y_min,grf_y_abs_sum,grf_z_mean,grf_z_std,grf_z_max,grf_z_rms,grf_z_min,grf_z_abs_sum,grt_x_mean,grt_x_std,grt_x_max,grt_x_rms,grt_x_min,grt_x_abs_sum,grt_y_mean,grt_y_std,grt_y_max,grt_y_rms,grt_y_min,grt_y_abs_sum,grt_z_mean,grt_z_std,grt_z_max,grt_z_rms,grt_z_min,grt_z_abs_sum
acc_x_mean,1.0,-0.302103594158825,0.4616041658291314,-0.11550698858097427,0.40733669978069115,0.025757449824321082,-0.9682354469985103,-0.2159123090877264,-0.3216307322325362,-0.12549074137151478,-0.12525839833538258,-0.03031572602431136,-0.36822922834794725,-0.09421627643850695,-0.16392219522642182,0.05601318930714747,-0.11222859796550479,0.1963296110219938,-0.16084215932243848,-0.013688007877137443,-0.10389987432855739,0.10166453854550278,-0.09876170787126258,0.14881458578893456,0.2007095162608499,0.290230061468353,0.32273650984031194,0.1988523132309269,0.14314201519304967,0.1723679491197957,0.1464064820729926,-0.22219787186850368,-0.0077122575151054315,0.005237549332494863,0.33832527988147587,0.01924707538095788,-0.6660380682766867,0.026504066027860054,-0.5380165377250211,-0.665534078081498,-0.6299398637665872,-0.666038068276688,0.8010702384894985,0.03543817865896663,0.6726814109736629,-0.801387915753539,0.7116937601577894,-0.8010702384895021,0.43203611207852544,-0.40178136927151964,0.2915783018575398,0.4316740814084484,0.42691301281221194,0.4320361120785242,0.7812266361676219,0.1480637395654512,0.6920072498078037,0.7813636888359274,0.6733493823088421,0.7812266361676229,0.32220180553077343,-0.34931398552728243,0.17043516190396119,0.2857731928766091,0.48774644673901735,0.3222018055307732,-0.11033801913737636,-0.2768819597349853,-0.1746468394366041,-0.1525912738802471,-0.02770641299721664,-0.14102765719312146,0.16137804862381872,-0.28836886302878134,0.09487419355741074,-0.16714771010102447,0.25738582056336334,-0.16137804862381877,-0.15959193396173574,-0.3310092349734449,-0.29125112770735073,-0.12815891940419363,-0.0864592318185522,-0.10855738986208885,-0.1347480903522988,-0.44343476087394795,-0.3254462652636929,-0.2673606061237349,0.1075401671277733,-0.2132126699136883,-0.045185628919749254,-0.36850326295074987,-0.23229117474274075,-0.2249842221501905,0.23237142954349693,-0.189675634484953,-0.021808639416740785,-0.1892036887289707,-0.12689200813408788,-0.10535471455241313,0.0943491751429178,-0.08755062926790325
acc_x_std,-0.302103594158825,1.0,0.5986187455413327,0.8497899215311132,-0.9621139914701468,0.5738817485072046,0.3430077402682129,0.8742743524195978,0.8407241326490765,0.7983211535491355,-0.6141935239396599,0.6103408127914598,0.4174419952398956,0.585454016786614,0.5903332914288059,0.531320716708554,-0.43183037415901165,0.4172044082802191,0.013833547771448008,0.46914233427058494,0.3631211554812671,0.33561215566595487,-0.5102631989412292,0.28744498480629255,0.4174911384073136,0.15118282836438524,0.412392995353899,0.3678362662170597,0.08796975329295664,0.3742142956416519,0.03126288976016841,0.5032571807441069,0.5636381709946608,0.33392481968479515,-0.2257607307487199,0.2785160781796307,-0.14616094428512588,0.14297904687907406,-0.12065140357073029,-0.14568153406716136,-0.2426266932668632,-0.1461609442851215,-0.04634025028954758,0.2774527128603914,0.10059522291120117,0.0484353991035426,-0.09353400847698064,0.04634025028955238,0.019791266533871768,0.2085464284299303,0.09793519497265572,0.020136054172589766,-0.03133764205505213,0.019791266533883946,0.10035137800830653,0.1493286060168843,0.1726162736032263,0.10117409597133865,0.08171716871240214,0.10035137800830236,0.271066694475265,0.45063655919533957,0.42536959845370237,0.316993758421642,0.1513435924980718,0.2710666944752651,-0.05255979733880675,0.3848607562792679,0.10958787732473207,-0.024565368446947795,-0.1663363354859949,-0.049971797098380955,-0.09526255551285415,0.423255033043013,0.023499197824293466,0.10479652752986707,-0.29817890297666294,0.09526255551285429,-0.15013032069132962,0.14522953943227065,-0.05055370507238292,-0.20859041280598267,-0.1966264375408267,-0.21366938446965802,-0.21761803411662062,0.35465439954691624,0.17059305915847373,-0.07844387862883538,-0.5966453141563542,-0.1486891420133007,0.44733561164965857,0.3392412160702357,0.6142803243668593,0.4520591183401704,0.020931659644951438,0.42769126065415636,-0.3449504431966132,0.04904613511913626,-0.22435461362238224,-0.18377414326501113,-0.4877390911466879,-0.20142304690854548
acc_x_max,0.4616041658291314,0.5986187455413327,1.0,0.6529083296013797,-0.4324498570338181,0.562054342239444,-0.42150822223466156,0.48637851527675696,0.35212208318517546,0.5185761258646643,-0.5269278894848791,0.4998667932519112,-0.0631547877043523,0.3097219786065973,0.23173227428728674,0.3799269573082164,-0.49163757312368955,0.4214443231782537,-0.13567178549232112,0.421494646902019,0.24551253125367115,0.41123913539192297,-0.517819425825088,0.40062427694808184,0.4531609205998554,0.2982174703417813,0.5359804511893189,0.38956065864549666,0.2225203124460004,0.3728839404921035,0.2726567844985698,0.33047105811871447,0.5506146317899302,0.33466981475248225,0.1143571865492032,0.2986868718410781,-0.5806965430439549,0.21575259705296124,-0.44914861894109637,-0.5797073969590315,-0.6580399021793862,-0.5806965430439514,0.5053895606918065,0.2871518396997556,0.5586568566276019,-0.5035964249755457,0.3919135009139138,-0.5053895606918034,0.29042812954151415,-0.074163956976803,0.2787882539672647,0.29052576650112233,0.24785879331268598,0.2904281295415255,0.6286971276261115,0.2672401365916239,0.643037378790815,0.629848036750812,0.5265159309526369,0.628697127626109,0.4911122462267567,0.2560209112854981,0.5347232676270534,0.511298813954396,0.4332153145433855,0.49111224622675753,-0.1457910017115605,0.09197965359937048,-0.05584569432774656,-0.152969108825886,-0.17859509381226635,-0.1628432302886244,0.052410776083160526,0.11972053273642312,0.10252984998965499,-0.04951136412367982,-0.02455834452333543,-0.052410776083160505,-0.28076916578067695,-0.1961500941381978,-0.31316145023987474,-0.3087908877382176,-0.24275194912553716,-0.2948616517171479,-0.3417246369304362,-0.10825148892151536,-0.21020078187767724,-0.3496748908386902,-0.40393551106890657,-0.360723013364288,0.4131151367637473,-0.00042272820241149575,0.4163597992921897,0.23260951013855544,0.23440774161607267,0.24644806841891703,-0.34139928388894497,-0.18004748915817234,-0.33490165020224455,-0.2992194863767662,-0.30276033759096604,-0.2908405215444659
acc_x_rms,-0.11550698858097427,0.8497899215311132,0.6529083296013797,1.0,-0.7606759081692418,0.9076642952586762,0.16745525402279443,0.7420778518751076,0.6676517296507339,0.8619225261765813,-0.5353160782624478,0.8665052292335489,0.15024326757134937,0.5759272704948921,0.4771209311433207,0.588541991910063,-0.6307009517105479,0.6000645120192966,-0.10140305942771205,0.41951592090945417,0.2322935851767566,0.33291692358741853,-0.55517195920634,0.2878988291862531,0.33811024876704915,0.38149837152763705,0.4495635017005565,0.3968357553010311,-0.021324276939474952,0.371959078629831,0.14323060050465336,0.793818431518228,0.7613765181759521,0.5105543378132663,-0.34807176931189393,0.422668898113194,-0.19985092259051507,0.19098681439223408,-0.13137161254098997,-0.1992400868200819,-0.29030299778368174,-0.19985092259051013,0.14428862447455587,0.36638546549540635,0.28549310867122074,-0.14197500176082994,0.02420768875373265,-0.14428862447455088,-0.1033695311675193,0.14099415604652232,-0.07038883612955114,-0.10319191751535997,-0.12261772491866108,-0.10336953116750545,0.29015602286249237,0.2454633242749186,0.36041951171056497,0.2911601797993447,0.21106908069820787,0.2901560228624882,0.4308175379766641,0.4730363584406727,0.5700664218659202,0.47687977769865225,0.3138741035533154,0.43081753797666433,-0.3490493593340762,0.08892028943360752,-0.224575296022755,-0.3270824202931689,-0.4061266698920471,-0.342128087780445,0.22671552385082663,0.18440723227652714,0.2990129751232026,-0.22082888494415,0.06973897967761246,-0.22671552385082647,-0.4660494419491767,-0.05772136537038419,-0.37637260977612164,-0.48351326299852787,-0.45568928432527467,-0.48227066446713357,-0.3606007408220919,0.11429146858201157,-0.04715893009425313,-0.33034800153107763,-0.5492687003885155,-0.391559245833057,0.3108934175822789,0.11544951342140107,0.3570307618243427,0.14956664098855757,0.05037661848068894,0.13282291364682214,-0.44569122683140383,-0.23837529958567233,-0.4176942589731446,-0.4197485316614466,-0.40792351365986107,-0.4193647957043934
acc_x_min,0.40733669978069115,-0.9621139914701468,-0.4324498570338181,-0.7606759081692418,1.0,-0.44639789220193976,-0.4464820050339316,-0.8675833569803205,-0.8919613643633582,-0.7588651265869468,0.5783387450491364,-0.5147783556056735,-0.5390326153099099,-0.5932704526884507,-0.6402731765981466,-0.49915891993281775,0.33211460837240664,-0.3343940350393605,-0.10865114329783565,-0.4364643331077252,-0.39724431185962783,-0.2663885868926004,0.4259190229899835,-0.2126907868006771,-0.4288523952663698,-0.08779349234722034,-0.39701825252398953,-0.3229511708123512,-0.09939257953257509,-0.33748105481402196,0.10871342803935248,-0.4224388450501948,-0.4344753174432336,-0.19099665310346448,0.27989997367179675,-0.13988911174650281,0.09883915701828301,-0.005996339708201535,0.12970192198637062,0.09885544025686306,0.16021360952408328,0.09883915701827883,0.13452922545874899,-0.14744809457170888,0.017163543356540537,-0.1355284475936319,0.11453864129231317,-0.13452922545875348,-0.03866948685171591,-0.1625763451123146,-0.11158472308759083,-0.038911670165542825,-0.004738928092800405,-0.03866948685172684,-0.005761612448058694,-0.004125322437709321,-0.047918923943644165,-0.005648325016761892,-0.0481142538503913,-0.005761612448054581,-0.15548988280417733,-0.417564450839266,-0.3120847707763135,-0.19914179282524416,-0.04187495313135385,-0.1554898828041772,-0.0625258605755173,-0.45321933023082445,-0.2203478464848178,-0.09300105760752092,0.05981502755003269,-0.06639759396645441,0.20090962089397127,-0.47797828594951935,0.07243888222978208,-0.21119492432794837,0.4107765586449007,-0.20090962089397138,0.02125629942322647,-0.21158576725094322,-0.08052037494883833,0.09037696575445478,0.08325966922136184,0.09515207075805768,0.14477259156625422,-0.44824693043309655,-0.26917566259617315,-0.03814863380083773,0.587360355998672,0.0361008647158246,-0.45601282917130503,-0.3954584815478343,-0.6477469393762934,-0.5186551971069298,-0.008087854700124677,-0.4917166084634411,0.27417829830062457,-0.16533500077433413,0.12240305638670033,0.07039370794280818,0.48666291891767444,0.09533039477059341
acc_x_abs_sum,0.025757449824321082,0.5738817485072046,0.562054342239444,0.9076642952586762,-0.44639789220193976,1.0,0.031487851497569774,0.5235251624051253,0.416579543537822,0.7606569423264563,-0.40623809654216936,0.9241541802761015,-0.08559746654638124,0.4976739864549854,0.3325756765310387,0.5689060797993066,-0.7058821100163538,0.6797882969376146,-0.19662398663669656,0.34194442862228364,0.09855827149614506,0.3221549192539907,-0.5221634693253232,0.2885985201542311,0.1810298222126684,0.5039543125854782,0.3582986777122343,0.37981803587025414,-0.16372336047279326,0.33677393316005094,0.25194988131865775,0.8805434816949286,0.801748252774423,0.6434551860097492,-0.3605010399237954,0.5551639151073063,-0.13378004210900488,0.3003038669943055,-0.01973064446480066,-0.13283740239219358,-0.24012933517146068,-0.13378004210900024,0.22213428537438965,0.46512129679361075,0.37632068962870974,-0.2190234375639649,0.028798064760302625,-0.22213428537438457,-0.2524824527627394,0.1614220655423519,-0.22981477130557135,-0.25234515408646807,-0.25575296279109666,-0.2524824527627266,0.3379558548721564,0.3855164869236784,0.44100743182494495,0.33975857778336427,0.1882278847887995,0.3379558548721529,0.5351484421946877,0.39395228814365674,0.6179446606429423,0.5689095922637147,0.4365646945259462,0.5351484421946876,-0.5790155273507904,-0.1982994153371067,-0.5099167871337169,-0.5646104618341203,-0.575083786541201,-0.5693532902601608,0.4968196428288925,-0.023820397526617815,0.5135365133788627,-0.49413379801823,0.385188646550089,-0.4968196428288922,-0.6774536242600755,-0.22275680559104702,-0.6097908523390349,-0.6565556528505255,-0.6204863565731507,-0.651114727079703,-0.3937745087301743,-0.09901840671618654,-0.1868501590255803,-0.4748416048706937,-0.39400630556116767,-0.5204881450137588,0.11373143277719112,-0.11010267678507567,0.04455439718157118,-0.16862443819763387,0.06773692733093158,-0.17714964964484717,-0.44535268004863254,-0.4273338905756015,-0.5047020122350596,-0.5470724059244714,-0.27708456719157215,-0.532624267401116
acc_y_mean,-0.9682354469985103,0.3430077402682129,-0.42150822223466156,0.16745525402279443,-0.4464820050339316,0.031487851497569774,1.0,0.30322947448827414,0.4120599449699405,0.21013374503671897,0.042724414450837404,0.08432964146601693,0.48746531944637544,0.20479787215886627,0.2762140881219986,0.04658957153270623,0.06326896788114648,-0.0990643824637261,0.2126259150270758,0.02071798467783777,0.13648925627593153,-0.12291483904703124,0.10582589040203814,-0.17843298431687257,-0.09610952229058263,-0.24356288826380906,-0.22499127361221785,-0.09806237091990352,-0.1192169476305909,-0.07070892990892605,-0.24483724467440116,0.27688510628667246,0.005040358265218524,0.030972060495682432,-0.4535081063399233,0.010704947960648636,0.6234356871147222,-0.02778077174867094,0.4977648656509327,0.622941293301874,0.5845201800472904,0.623435687114724,-0.7635886585494168,0.020270713139935895,-0.6118480078584194,0.7642886458429813,-0.6884183273063356,0.763588658549421,-0.4447218517257214,0.4083306566218326,-0.29964254074798585,-0.44436051000012494,-0.4375126669316529,-0.4447218517257194,-0.7165298145779528,-0.12524580329330698,-0.6197169542217413,-0.716648229878682,-0.6125319824058777,-0.716529814577955,-0.23603724649617663,0.35170453522286416,-0.09188433268795466,-0.20169664883108854,-0.39673194812738705,-0.23603724649617633,0.03624647866234548,0.25340079396774334,0.11224147943126908,0.08002337334794421,-0.04150012286663646,0.06622367802930591,-0.09458846202778581,0.33565907286436725,-0.017844695674790943,0.10204946751145635,-0.2353902082940301,0.09458846202778592,0.08245606170849787,0.32989077318001964,0.2257118128732286,0.05204703060532028,0.006086762681948717,0.03293313657443748,0.1297818340578573,0.4586328874657073,0.36831904521452663,0.25442475190002134,-0.14520241497563924,0.18994173653382387,0.028413973357227097,0.3516842940356834,0.21705847452507016,0.18243091144348922,-0.23107721591774266,0.14289776118017788,-0.012760909323997935,0.1612616730865369,0.083033533355155,0.05059764224675779,-0.13882830087859147,0.02913235527250875
acc_y_std,-0.2159123090877264,0.8742743524195978,0.48637851527675696,0.7420778518751076,-0.8675833569803205,0.5235251624051253,0.30322947448827414,1.0,0.9636819526487116,0.9292797784188491,-0.853207860819491,0.6967374859171073,0.5903596671990075,0.8246721755311782,0.8290621991719804,0.7773593083643238,-0.5685004328579704,0.6409273291724209,0.13361970926859168,0.5711786736624686,0.5059055404929619,0.42112899402508364,-0.5182446203993853,0.3618667693545284,0.5265603294451711,0.33491915701979896,0.5509122140104709,0.5808525646244678,-0.046823440711257464,0.5895094523657713,-0.10644191529280267,0.4938248730336947,0.4983718820678482,0.33980840608325685,-0.34696260901391063,0.28413337551400103,-0.11657603691013918,0.09906037048297765,-0.11433726995817288,-0.11627129378513776,-0.20236869069964764,-0.11657603691013513,0.015510032998190867,0.2785172888202922,0.1690085464745023,-0.013427972404726247,-0.025368395170465418,-0.015510032998186965,-0.0762846127456338,0.18271345466044558,0.00018169720254638464,-0.07611987024314076,-0.09001572455667223,-0.07628461274562383,0.16491650894890586,0.17279755501315916,0.24493805486826273,0.16563801788004545,0.13746763261153383,0.16491650894890275,0.5100099152958086,0.2974656136448175,0.5701977187029258,0.5325531331320292,0.43870120063226503,0.5100099152958094,-0.2280748835761507,0.2011094120470946,-0.09443655849557962,-0.20837605131507272,-0.30128639231993426,-0.23102124875295457,0.09262351060160917,0.4791900085239562,0.20411859979132924,-0.08016198228547751,-0.18005579372987823,-0.09262351060160924,-0.305430428992365,0.07559699479029303,-0.21478477064534765,-0.37248633707682727,-0.3452709208750188,-0.3736799892061378,-0.12941735072533866,0.40949934975443497,0.343017645621861,-0.03833993934812478,-0.5980322171998252,-0.12311544133364548,0.34577977383781533,0.20703252089953456,0.43574366786686797,0.2750895084774021,0.04518380972588603,0.2510754068022303,-0.31651732201757665,0.04878995197602286,-0.2348869446240958,-0.22397697786778442,-0.5199964713679378,-0.24810915499112568
acc_y_max,-0.3216307322325362,0.8407241326490765,0.35212208318517546,0.6676517296507339,-0.8919613643633582,0.416579543537822,0.4120599449699405,0.9636819526487116,1.0,0.8693940284085964,-0.7632970096960878,0.5864164289019,0.6858607243986101,0.8050302362253101,0.8473332119526549,0.7234396740552947,-0.4664496731303925,0.5473533382331599,0.19652298570856697,0.48941301741288706,0.48394874655663844,0.30896147157909426,-0.42338917390516534,0.24651012649336096,0.5132691416877002,0.2500402471916607,0.5017227819791719,0.49124152751185984,-0.03398556537748482,0.5065335216987013,-0.22892565708821402,0.428392545955218,0.3738354168922276,0.2232679736790355,-0.3996696757411544,0.17371451235728771,-0.0738192044251332,9.975767649012757e-05,-0.11344670242799439,-0.07389095734661302,-0.13179781808170027,-0.0738192044251293,-0.07305139743228173,0.1763742652855914,0.0582253810811853,0.0742682564305001,-0.05820581608104632,0.07305139743228624,-0.05883135901544415,0.14783776486113576,0.01503876916735899,-0.05872963004189345,-0.06218975060988631,-0.05883135901543397,0.07398411223506833,0.050696598190522066,0.1291597276179678,0.07393848190008342,0.09800285678935167,0.0739841122350653,0.3659509791696345,0.28513154584643247,0.4408098944232436,0.3890535426567907,0.2947705105690823,0.3659509791696346,-0.11537127294242788,0.27794834433986704,0.021921664873789035,-0.09095226771359471,-0.19976550392475745,-0.11554286560110555,-0.0167094802269958,0.532973111919959,0.10281614104850698,0.029919697529485905,-0.2975498686787612,0.01670948022699576,-0.17413988295265345,0.15409366194239768,-0.07328431389529638,-0.24582965553158964,-0.2298341230384446,-0.24799613945031362,-0.0607701090215607,0.49010671409436607,0.42132251437707074,0.06730440742652254,-0.5831672343787933,-0.02068235720232359,0.3428107653508554,0.2853293213274679,0.4756164613187236,0.33517874382389806,-2.555862414413617e-05,0.30574387038593964,-0.24335237136293825,0.13776503290223754,-0.1386057485776949,-0.12421275835578761,-0.4940302722339111,-0.1529767051317576
acc_y_rms,-0.12549074137151478,0.7983211535491355,0.5185761258646643,0.8619225261765813,-0.7588651265869468,0.7606569423264563,0.21013374503671897,0.9292797784188491,0.8693940284085964,1.0,-0.812479609027054,0.898129258282742,0.39775106507517927,0.8342695656005528,0.7669651157050208,0.8396744370480294,-0.7297318079601186,0.7883312313282608,0.013501106711676106,0.5534885871900833,0.41247839928074187,0.4469216153610841,-0.5866824457756548,0.38731681894454406,0.44973378889524224,0.4930599300904233,0.555051377858647,0.5758471848044157,-0.15257318289154118,0.5644349025337176,0.006591109169724445,0.7126042854530329,0.6743100786455101,0.48391569655952493,-0.41039464892187283,0.40557050976188724,-0.12231201074199025,0.15934998144533674,-0.0883159907440389,-0.12184821641883425,-0.21651291529648767,-0.1223120107419856,0.1170735354299289,0.34152452062940797,0.2730373057456979,-0.11478969701965554,0.030269887673370927,-0.1170735354299247,-0.18966730380810068,0.15688721537187195,-0.13730878183097533,-0.18960519648197838,-0.17875679752488993,-0.18966730380808905,0.26809483603513956,0.2512547681491641,0.35660508743762614,0.26906024424634833,0.19596460876422353,0.2680948360351365,0.6167412156873132,0.3260272207186092,0.6697107739448642,0.6409088743645265,0.5402326073314551,0.6167412156873133,-0.4379901442657524,0.0075265555802838295,-0.3269588212105392,-0.420604179977839,-0.476446968939119,-0.43686708657984524,0.3143142710196022,0.33388911354945827,0.3965748076552262,-0.30385744424222677,0.06743346920717445,-0.3143142710196018,-0.5269663786901307,-0.05194381572273662,-0.43769507027140886,-0.568658614131773,-0.5317739855834568,-0.5661745492857312,-0.22347171724371434,0.26717638040147873,0.21359881318290175,-0.2018071651280898,-0.5769188846708904,-0.28415100385928943,0.2555685852023671,0.07159268805867491,0.27229746609690997,0.07718505857661023,0.056186782778018154,0.05620987675095818,-0.39411770155978093,-0.14409387404907076,-0.3715746931021744,-0.3924658424828363,-0.47946399724789335,-0.40525629252238166
acc_y_min,-0.12525839833538258,-0.6141935239396599,-0.5269278894848791,-0.5353160782624478,0.5783387450491364,-0.40623809654216936,0.042724414450837404,-0.853207860819491,-0.7632970096960878,-0.812479609027054,1.0,-0.6149792912390022,-0.5049193904645362,-0.8446123034215092,-0.8328936457774769,-0.8430852043266569,0.6281188595772192,-0.7312917186880707,-0.14348426136513118,-0.6081772065787397,-0.5494910729683189,-0.4967210223212647,0.4752036578114614,-0.4538712478245107,-0.5870704860724547,-0.42533323631226355,-0.6341553134621583,-0.6276945567886764,0.048585623702865205,-0.6378281229518147,0.10767032006149727,-0.33187810593140327,-0.4076228207066413,-0.24740125472269037,0.2288313840627714,-0.20496042624906916,0.28682017338590343,-0.04395352248810413,0.27073555613325256,0.28660762211376384,0.33499668715095243,0.28682017338590055,-0.24327283909588787,-0.1839384482020209,-0.32851177827762773,0.24211803590995756,-0.21797495906198025,0.24327283909588687,-0.026625865917677325,-0.014289565749146133,-0.05233491284220814,-0.02654823682345916,-0.04590845075517687,-0.026625865917683254,-0.3867730180319461,-0.14967229147226407,-0.4207975434047365,-0.3870801604575667,-0.35280105558433594,-0.3867730180319448,-0.6821529718975182,-0.05563704285278969,-0.6238391741141669,-0.6757411979198595,-0.6884903933279406,-0.682152971897517,0.27529747521790915,-0.0033037428682639114,0.1970133176885517,0.2775726338355813,0.2914627503403854,0.29145944268372037,-0.1764873677989606,-0.4152876037988071,-0.26360579020938874,0.16492007589555965,0.06915351519893657,0.17648736779896038,0.3505909889827916,0.07040120383861317,0.32563952003504504,0.416465530786765,0.3560760816256267,0.4088673525529422,0.10099648073590771,-0.2710649786182651,-0.32975658096678667,0.07937188132085142,0.46620053916601883,0.1458559578349992,-0.27264629272762797,-0.03580032271486301,-0.2700005214633351,-0.12008355135140802,-0.1159450633030871,-0.10959499090746143,0.2492377696613855,-0.032687009176374925,0.22129628266437873,0.21412595923376657,0.45764322466024904,0.23751685313584747
acc_y_abs_sum,-0.03031572602431136,0.6103408127914598,0.4998667932519112,0.8665052292335489,-0.5147783556056735,0.9241541802761015,0.08432964146601693,0.6967374859171073,0.5864164289019,0.898129258282742,-0.6149792912390022,1.0,0.04232663588068768,0.6692844572669253,0.5204604865632305,0.739674658240431,-0.8009226497411012,0.8041307485524266,-0.15481017464006483,0.4967401169566696,0.25310683045913124,0.47551161071341147,-0.6134537589377104,0.4286838734702664,0.233149441753167,0.5710496181583575,0.4158598611166975,0.49919757053524394,-0.26025669364112003,0.466185654340583,0.24380831828100233,0.8530035567217868,0.8191396511407929,0.6467372713906185,-0.3526780815639853,0.5597959423652885,-0.04492051335180025,0.29236098015750467,0.04277842144897255,-0.044024004286028616,-0.16544564269682807,-0.044920513351795296,0.15937195941093604,0.4428159981027116,0.33003567393162,-0.15625031725029911,-0.007605597207763957,-0.15937195941093169,-0.3365909104608238,0.19672764743210605,-0.29157057706641176,-0.33650880019333723,-0.32070388063682276,-0.3365909104608127,0.28148767150901877,0.39726572422751627,0.4042704404849385,0.28342853576412763,0.13524002757759757,0.28148767150901566,0.6611865445474356,0.33561369018108805,0.699248668273767,0.6850370056408635,0.5733292818154351,0.6611865445474349,-0.6333269454680632,-0.21321023426914734,-0.5657449288907999,-0.6201538711545599,-0.6326797925164072,-0.6264326745241073,0.5381802318506299,0.08520584025291966,0.5707709803876253,-0.5325023482268944,0.37413519542933726,-0.5381802318506304,-0.7172229218134969,-0.19845274044643127,-0.6461719431207371,-0.7207861317599124,-0.6841057729906787,-0.7167252293071025,-0.30173080596180596,0.028610191866879464,-0.011342975201755229,-0.3772978135346745,-0.43457198166472344,-0.4367070041158646,0.11582995639099175,-0.10975793377272511,0.03497117222061571,-0.15601883360850144,0.07550075876558217,-0.16692680936223445,-0.43400854613034856,-0.34917600152672046,-0.480696823823716,-0.5382201648140515,-0.3530272606777186,-0.5332547093482483
acc_z_mean,-0.36822922834794725,0.4174419952398956,-0.0631547877043523,0.15024326757134937,-0.5390326153099099,-0.08559746654638124,0.48746531944637544,0.5903596671990075,0.6858607243986101,0.39775106507517927,-0.5049193904645362,0.04232663588068768,1.0,0.6095687404084628,0.7541193446689907,0.4062789373054929,0.020925174592283272,0.13718629496724974,0.5413654450696646,0.19333132966611805,0.4766287342022076,-0.09109041989383419,0.11865484954951593,-0.14378457251876758,0.5115522758673148,0.016593663411926453,0.37250849119696117,0.3192734981837823,0.0952868427758738,0.3504571213537601,-0.7770394409623486,0.012398158640080904,-0.29918015532708636,-0.28906955420626446,-0.6155855821529717,-0.31835486270479857,0.051227026440062225,-0.3701502846388657,-0.10944604222285417,0.049755039300418316,0.1408748092557044,0.0512270264400634,-0.25298815453897905,-0.21837698184502977,-0.2548015535663178,0.25081388297831536,-0.08692496801001956,0.25298815453898027,0.006953625655220973,0.00416682153422346,0.04497290886787969,0.006777046180108663,0.04661073945187623,0.006953625655222593,-0.1576557791775349,-0.37214417319675686,-0.22521121790145623,-0.16045508634643801,0.021845798873160863,-0.15765577917753554,0.06148624229103448,0.11567442122760739,0.11872725514473252,0.06912907374471404,0.03839958201808149,0.061486242291034464,0.12938295915263492,0.385796378358765,0.24653277387269484,0.15506172319072398,0.041395409860887716,0.12825190137547995,-0.2187536961282951,0.6217816095109803,-0.07905967568646162,0.23288608747518058,-0.48171697055632995,0.2187536961282951,0.17283746363217606,0.4034356983752593,0.2951384099097391,0.10830881997791436,0.0553337211140381,0.09169982421194052,0.2461444273499108,0.6516793781591078,0.6555652194698667,0.41056027749025104,-0.28440647514427975,0.3274716784396278,0.1252854921551564,0.41761821123598086,0.35633350987514195,0.3388710340033153,-0.18053017590599374,0.2928147273412355,0.031768355125249025,0.4024084093746289,0.17559836144889715,0.1793679245688611,-0.3254745856929662,0.13604840686868486
acc_z_std,-0.09421627643850695,0.585454016786614,0.3097219786065973,0.5759272704948921,-0.5932704526884507,0.4976739864549854,0.20479787215886627,0.8246721755311782,0.8050302362253101,0.8342695656005528,-0.8446123034215092,0.6692844572669253,0.6095687404084628,1.0,0.9647157998017809,0.9562008650679317,-0.7096480185587829,0.815744358081504,0.1789223929310269,0.5211438711428609,0.4892252197854779,0.40430624601567905,-0.38206849033282836,0.3588501737043958,0.46878572420625136,0.46607941241240514,0.5132107881964213,0.5553339344944686,-0.23084647440551873,0.5573177042357335,-0.23692950615368885,0.4847173671191692,0.37504907580380087,0.32064710263654,-0.4817827151160767,0.2656707630742192,-0.0723073495605322,0.07033586414029741,-0.07618053607471943,-0.07216979240707157,-0.12852877332726162,-0.07230734956052907,0.09045133429022652,0.22020580406156176,0.21153013156819261,-0.08896778394557507,0.05803916303245194,-0.09045133429022284,-0.15540926311071554,0.06868148665878536,-0.10883489390156396,-0.15550464276892084,-0.11625947600218776,-0.15540926311070852,0.20249543400741465,0.16718616377091775,0.26892827451583723,0.2029394442127072,0.16211812855780927,0.20249543400741263,0.5787531910125155,0.08395202423779867,0.5435071628167224,0.574819233034082,0.5728761749279052,0.5787531910125159,-0.38516798062943514,-0.05011620114597541,-0.3084737763403861,-0.37313731013438084,-0.39695148927581003,-0.388739612121763,0.2569572657048827,0.4345223378270711,0.35538745470396715,-0.24402975759519946,-0.010427401691703121,-0.25695726570488286,-0.4132187567945825,0.017599278869223342,-0.33260450998258806,-0.45339178807403596,-0.44237530763128263,-0.45155948662645795,-0.04260936951246154,0.3241155041408729,0.41291468101429113,-0.04200025954297642,-0.410740382653425,-0.12167705007297434,0.13344459364099306,0.07749604036032809,0.15785802397625537,0.01725482891876554,0.0032194655490021024,-0.012841134281089187,-0.2149555575947606,0.03191377457573968,-0.18384810596138967,-0.23322747708088998,-0.4095795203988282,-0.2570181733953533
acc_z_max,-0.16392219522642182,0.5903332914288059,0.23173227428728674,0.4771209311433207,-0.6402731765981466,0.3325756765310387,0.2762140881219986,0.8290621991719804,0.8473332119526549,0.7669651157050208,-0.8328936457774769,0.5204604865632305,0.7541193446689907,0.9647157998017809,1.0,0.8825637273003006,-0.5371225778243307,0.6838077536346885,0.2873787661643897,0.4912313313750318,0.5368475762091759,0.3191030107138452,-0.28812235459137603,0.2700477234535929,0.5057531254400991,0.3516191010517743,0.49667067285481353,0.5252852782736368,-0.16628360662755842,0.5416640947119535,-0.3827051019406453,0.346635804038597,0.21122882611023988,0.1588939336321755,-0.5056284793093849,0.11312309297776856,-0.058448131103160994,-0.04238735594289147,-0.10527350639092355,-0.05871789857920714,-0.08254466345981913,-0.05844813110315822,0.0018494494137835107,0.1023900525771532,0.09570555429703882,-0.0012951072143127136,0.031599756693541016,-0.0018494494137803064,-0.09511805066839378,0.05311794392859866,-0.046640499271834175,-0.09523575006379893,-0.055297857211234466,-0.09511805066838762,0.11888328619454439,0.02788506566214466,0.1535799198161462,0.11847630678370444,0.13990425473240917,0.11888328619454253,0.46522694940111897,0.0713735720107315,0.4421415063417545,0.4612374722543266,0.4594571970600432,0.4652269494011196,-0.231627940311105,0.09358118788331976,-0.13502454376497844,-0.21629215878799557,-0.2672991461802759,-0.23700424425405534,0.10414237393722915,0.5367869953082345,0.22218146530769914,-0.08972118117732718,-0.1862961689386924,-0.10414237393722907,-0.23833112426515365,0.13010642613244294,-0.14807178923262035,-0.29354918720222506,-0.2956161713377222,-0.29584438740165864,0.05665139553963274,0.4462296827875163,0.5326026659913279,0.10743161168593948,-0.3963768712770497,0.02384956139758398,0.16108923041189857,0.18722578866373332,0.2520830187220129,0.14007515349924485,-0.03751874114029083,0.10481915163256576,-0.13950858207454345,0.17683960191640274,-0.06688472337329177,-0.09947502544253846,-0.4193339755464405,-0.13156818592482522
acc_z_rms,0.05601318930714747,0.531320716708554,0.3799269573082164,0.588541991910063,-0.49915891993281775,0.5689060797993066,0.04658957153270623,0.7773593083643238,0.7234396740552947,0.8396744370480294,-0.8430852043266569,0.739674658240431,0.4062789373054929,0.9562008650679317,0.8825637273003006,1.0,-0.804513821346437,0.9398815518809367,-0.007085352497964024,0.5022931713045001,0.3745188611132485,0.4713387179073798,-0.4873362483510672,0.4359020469778993,0.3713211851823252,0.5443519005547982,0.4672202238199104,0.5681828396603269,-0.32612274939420854,0.5628945680327074,-0.04247881399603811,0.5101282513271019,0.5054076497792189,0.488880710798358,-0.33500929772503285,0.43829469967624346,-0.11866185817285906,0.22987714829730793,-0.05437152102229168,-0.11793491156587015,-0.21842959875128892,-0.11866185817285618,0.21608280750065142,0.36867324201252255,0.36447885812640995,-0.21332210122778753,0.10315815614161095,-0.21608280750064796,-0.17827883158065333,0.09151900386727013,-0.14184754970783192,-0.1783269635369851,-0.15563169051571116,-0.1782788315806461,0.3170339465763804,0.3501392486172934,0.4228299536594832,0.3186092740465398,0.1948054947725056,0.3170339465763781,0.6642660855555846,0.00480894969393521,0.5888354651270763,0.6533249737739505,0.694180447471019,0.6642660855555845,-0.4988388710046545,-0.18510340337365067,-0.44514404098408084,-0.4945795548186177,-0.48105180399558334,-0.5052658995441679,0.3918091581850993,0.3119528401691601,0.4579061249250349,-0.3808979773567971,0.15258734169175767,-0.39180915818509926,-0.5404898895754647,-0.09010453638844018,-0.48206862223882213,-0.5592353271072099,-0.5422491087626216,-0.5532656817149149,-0.11377121391458843,0.183810667007593,0.29432755937195076,-0.16447800113022293,-0.39145033395450407,-0.2343849149613173,0.0658370094602064,-0.04527783365294472,0.028431857278223966,-0.1241838980568771,0.03339321212564039,-0.14841088935485022,-0.25211777751091385,-0.09855120961202637,-0.2689450423949882,-0.3272995345250836,-0.3682231848739138,-0.34348170747763007
acc_z_min,-0.11222859796550479,-0.43183037415901165,-0.49163757312368955,-0.6307009517105479,0.33211460837240664,-0.7058821100163538,0.06326896788114648,-0.5685004328579704,-0.4664496731303925,-0.7297318079601186,0.6281188595772192,-0.8009226497411012,0.020925174592283272,-0.7096480185587829,-0.5371225778243307,-0.804513821346437,1.0,-0.854249700088282,0.20399063821717275,-0.4907884038213666,-0.2469227619026354,-0.5489504702288058,0.5745940077517738,-0.5225800368668968,-0.22027063369524885,-0.5238985970793508,-0.3685345545873041,-0.45093194411875037,0.26916884607923663,-0.4279710322163681,-0.3229748921062545,-0.6330733415151845,-0.7222377098061933,-0.626451232138743,0.12592038604625083,-0.5742424040490798,0.11683558220890104,-0.3756989511300492,0.004525644149729768,0.11555957238091787,0.25735350359002374,0.11683558220889761,-0.2710797927010283,-0.4572773961541293,-0.4347609927224882,0.26752461960295715,-0.10359665351579674,0.2710797927010235,0.21933341195223874,-0.11006955920165708,0.17856231488372348,0.2192796370418802,0.20598018588640352,0.2193334119522297,-0.3557266677960012,-0.47366474065264397,-0.4877169747274267,-0.3583386865626231,-0.17903115258840968,-0.35572666779599893,-0.673442507022606,-0.11406237052930765,-0.6177487665644538,-0.6724022246994709,-0.6442996770598269,-0.6734425070226067,0.5797969998364438,0.3335579709348599,0.5639509687959668,0.5815144807803253,0.5346859929205618,0.5802795057446176,-0.47240230447734793,-0.08220635679769311,-0.4974940866528652,0.46687308762995494,-0.3438134577554272,0.4724023044773473,0.6645082699005186,0.2724291756632529,0.6439033030862211,0.6700077709971722,0.6083698195500292,0.6558308831657675,0.280927157130071,0.07596012221735668,0.02788715742928656,0.39251589775290013,0.33602605430099797,0.43484915253856354,-0.11882478668453236,0.20468603201134594,0.02489637119726073,0.20043179064410105,-0.15413416375837202,0.20179829934175667,0.3381137406765114,0.3067026253290467,0.40655235275350765,0.4686714539786759,0.2801166440106196,0.46413611607023475
acc_z_abs_sum,0.1963296110219938,0.4172044082802191,0.4214443231782537,0.6000645120192966,-0.3343940350393605,0.6797882969376146,-0.0990643824637261,0.6409273291724209,0.5473533382331599,0.7883312313282608,-0.7312917186880707,0.8041307485524266,0.13718629496724974,0.815744358081504,0.6838077536346885,0.9398815518809367,-0.854249700088282,1.0,-0.19159035167681301,0.4091779231436112,0.19940911235635678,0.46960733417657696,-0.5320781039764444,0.44620437003358027,0.24448911227780312,0.6237365735698667,0.40312465542802545,0.5530537189628021,-0.3887560659372418,0.5314471961174113,0.15380170661668133,0.5858295661870154,0.6344369525291876,0.6682082812516389,-0.2267892599792978,0.6198990040154039,-0.14547557201329242,0.3844697594318385,-0.012304178053805804,-0.14419105980988794,-0.28233927545739945,-0.14547557201328967,0.33661690272532147,0.5313144361331189,0.514024956322464,-0.3325488766463479,0.1269375283272592,-0.336616902725318,-0.23339577837609898,0.11659172062759014,-0.21206977504843183,-0.23339083914009345,-0.22504917817462375,-0.23339577837609202,0.42169224967745944,0.5331101864634525,0.5678194087741668,0.4243745800985247,0.21449957136794062,0.4216922496774586,0.726199445544268,-0.0297081455915191,0.629165856461059,0.7127744085304392,0.7752816066756143,0.7261994455442676,-0.6406804431874961,-0.3658370593597973,-0.620126929783483,-0.6437068205986012,-0.5849628882689136,-0.646243441176663,0.5729796429306294,0.10804771813074686,0.5877230658948327,-0.5658320505070283,0.3900387429058321,-0.5729796429306284,-0.7034645513849254,-0.2351375862567008,-0.6693119639196696,-0.6884651450030725,-0.6619919235287884,-0.6775351770505009,-0.23193827678897255,-0.024359794233767676,0.08347386151706603,-0.347965598974148,-0.34757949963392265,-0.40353182857216097,-0.030811339987592726,-0.20537043419155143,-0.14729970979348497,-0.32112243420819164,0.06473476018735207,-0.3362478780896427,-0.30588169841827795,-0.3020961981216232,-0.39011693114411244,-0.4605864797991233,-0.2830919831117659,-0.46375729094021817
gyro_x_mean,-0.16084215932243848,0.013833547771448008,-0.13567178549232112,-0.10140305942771205,-0.10865114329783565,-0.19662398663669656,0.2126259150270758,0.13361970926859168,0.19652298570856697,0.013501106711676106,-0.14348426136513118,-0.15481017464006483,0.5413654450696646,0.1789223929310269,0.2873787661643897,-0.007085352497964024,0.20399063821717275,-0.19159035167681301,1.0,0.19544339668094757,0.680895777169966,-0.11952206181048419,0.5166391168244843,-0.15769331194587072,0.32111349931191985,0.019535382236310007,0.27513317230212947,0.22264601073036203,0.17886203128642789,0.23262836006429682,-0.574990342557992,-0.07989528653709757,-0.39191142403984147,-0.4551072143402116,-0.4368980485156776,-0.4658889364097572,-0.04357085876040543,-0.521089293369181,-0.2337538578928623,-0.04546283770018466,0.10742764168302206,-0.04357085876040758,-0.12204587957342229,-0.3668063555344275,-0.21624712588281894,0.11889432652693098,0.07693160150317994,0.12204587957342161,0.17986065612359167,-0.1448051547019949,0.17823822163249045,0.17971686863914177,0.2151483535174855,0.17986065612358976,-0.10678184795225436,-0.47339526766257994,-0.2343567649998885,-0.1102459490740756,0.10608558971034103,-0.10678184795225278,-0.05267502828707787,0.05796654196265854,-0.031014489297216306,-0.05536986751494865,-0.09795922988627301,-0.05267502828707784,0.26520408556822656,0.20352302302706982,0.2855165095994454,0.2694840402454613,0.23871261572110772,0.264357196291392,-0.25236011189350427,0.3138235987597922,-0.18909575156897965,0.2585680113675281,-0.3490974729821734,0.25236011189350394,0.2580254189195222,0.11124171694188484,0.26096583634888315,0.1931648608372009,0.2446750072771134,0.19581090697820946,0.182576713328191,0.32009774367741844,0.3242543414561384,0.2052419123737049,-0.04494299292802744,0.17882471652685406,0.24621922352996486,0.14665604024692844,0.2879213909832344,0.26012635279867236,0.06733019722411704,0.2630154463517764,0.2576968689469702,0.3392367226486041,0.31905456863692927,0.21785897977876267,0.02309011421179058,0.19679127435913724
