,acc_x_mean,acc_x_std,acc_x_max,acc_x_rms,acc_x_min,acc_x_abs_sum,acc_y_mean,acc_y_std,acc_y_max,acc_y_rms,acc_y_min,acc_y_abs_sum,acc_z_mean,acc_z_std,acc_z_max,acc_z_rms,acc_z_min,acc_z_abs_sum,gyro_x_mean,gyro_x_std,gyro_x_max,gyro_x_rms,gyro_x_min,gyro_x_abs_sum,gyro_y_mean,gyro_y_std,gyro_y_max,gyro_y_rms,gyro_y_min,gyro_y_abs_sum,gyro_z_mean,gyro_z_std,gyro_z_max,gyro_z_rms,gyro_z_min,gyro_z_abs_sum,quat_w_mean,quat_w_std,quat_w_max,quat_w_rms,quat_w_min,quat_w_abs_sum,quat_x_mean,quat_x_std,quat_x_max,quat_x_rms,quat_x_min,quat_x_abs_sum,quat_y_mean,quat_y_std,quat_y_max,quat_y_rms,quat_y_min,quat_y_abs_sum,quat_z_mean,quat_z_std,quat_z_max,quat_z_rms,quat_z_min,quat_z_abs_sum,encoder_angle_mean,encoder_angle_std,encoder_angle_max,encoder_angle_rms,encoder_angle_min,encoder_angle_abs_sum,grf_x_mean,grf_x_std,grf_x_max,grf_x_rms,grf_x_min,grf_x_abs_sum,grf_y_mean,grf_y_std,grf_y_max,grf_y_rms,grf_y_min,grf_y_abs_sum,grf_z_mean,grf_z_std,grf_z_max,grf_z_rms,grf_z_min,grf_z_abs_sum,grt_x_mean,grt_x_std,grt_x_max,grt_x_rms,grt_x_min,grt_x_abs_sum,grt_y_mean,grt_y_std,grt_y_max,grt_y_rms,grt_y_min,grt_y_abs_sum,grt_z_mean,grt_z_std,grt_z_max,grt_z_rms,grt_z_min,grt_z_abs_sum
acc_x_mean,1.0,-0.19193604258245406,0.7594881626368869,-0.03787267932316327,0.6240893652665656,0.019162006945005684,-0.7454941036510025,-0.021796621602271905,-0.22891736699738868,0.026491588434245615,-0.4436658799699193,0.05011357094357626,-0.11454573899956093,0.16022496758228832,0.1573340318384333,0.15863371096048878,-0.20162194832628544,0.15632869144100892,-0.2439496939340784,-0.2500860402800042,-0.2897517958996204,-0.17580479222352566,0.019574421964019508,-0.17802511579645566,0.4215146470886834,-0.11243161948087879,0.27787730452711784,-0.0016131472830810036,0.35519280901016953,0.030852287249282843,0.6693230576908921,0.042263220706201435,0.44664001763349864,0.16617812792264858,0.6921389513727011,0.13809975024607177,-0.49565894789757836,0.3341732878611245,-0.339186471483054,-0.4894849598641603,-0.5613870698849426,-0.4956589478975786,0.627061307693972,0.24972465113711384,0.7180027788520459,-0.6138933473295414,0.43651903097967093,-0.627061307693972,0.5651147559301091,-0.03632381457029396,0.6636677028120014,0.5712414012334589,0.40447979833420394,0.5651147559301094,0.5457677486822932,0.06973476021130157,0.6010731317106479,0.559636676320973,0.3960275005534931,0.5457677486822933,-0.04286200662163457,-0.12862543840702795,-0.06027404403449274,-0.0491516642893939,-0.011465736896369266,-0.04286200662163457,0.19117391317867616,-0.47761477058076185,0.08987505259892538,-0.3123748714196447,0.33052296293338945,-0.2678720594777354,-0.13846464963925345,-0.5240737455804809,-0.3048284511702538,-0.13597094087574874,0.06886791713410453,-0.07414516339835053,-0.25647438494994934,-0.44971832531453043,-0.40643248097335344,-0.21705593286979288,-0.11778418728574218,-0.18143978441256017,-0.09541856625166097,-0.4912313979733039,-0.3175732512296079,-0.31205739501276036,0.12001056305956538,-0.26794584008860867,0.26774419213332934,-0.5329267584515051,0.0964350828235543,-0.32221846630141016,0.42187656892547076,-0.28257236221934073,-0.0753997436056831,-0.5323542767339212,-0.2678737226270279,-0.335620254867908,0.1474079313650848,-0.2781386647134567
acc_x_std,-0.19193604258245406,1.0,0.44693167320336813,0.8452968496492562,-0.8226274467063098,0.7736521500588881,0.21628589060237308,0.7933684197611858,0.717209247895004,0.707726872879751,-0.4585692441449437,0.6583280092542518,-0.20578838488623458,0.7003799763504286,0.47300050350138884,0.7229404812790953,-0.713997581928887,0.7528650152130383,0.13501673013299753,0.5899546758148495,0.50186055812395,0.4583967223212729,-0.34462459641125864,0.4367004879984016,0.03423831943738682,0.5896853047838467,0.4808185804795642,0.4574694179648753,-0.36486710268865225,0.416412295677467,0.1627078907690324,0.6528046453654992,0.49031276792127987,0.5821302764822474,-0.502214632327977,0.5714879559084814,0.05474322158589898,0.42084372432855205,0.17746396567155556,0.058713114751231234,-0.12080605508440435,0.054743221585898894,-0.31268434462000116,0.46168701541739965,-0.11731492468478515,0.3203923594253914,-0.4203933028061503,0.31268434462000005,-0.45547919807934206,0.5870976070813646,-0.25021952282263393,-0.4501300946613917,-0.5332420599715045,-0.45547919807934173,-0.16491432376279597,0.5225663668125173,0.07127771300323339,-0.14232764307298695,-0.3043946092670925,-0.1649143237627959,-0.09514558964059174,0.5616235599305216,0.029856147644152748,-0.06915554224993326,-0.23535775278527943,-0.09514558964059186,-0.059877012970606054,0.3955406515935197,0.06913572255812979,-0.048843711815644356,-0.1591516605198946,-0.10278395657702356,-0.041171058899764,0.22109757858975618,0.04768769882077441,-0.023481740362842632,-0.14947938976319947,-0.04755204860037629,-0.37371049703300413,0.1698470604393883,-0.2457476542546463,-0.24836359435337785,-0.4598603756763781,-0.2689828124560047,-0.2692001124989125,0.2520129325270284,-0.11840119397543684,-0.2320602925247336,-0.4133695229023815,-0.2681408430627171,0.15431425743230612,0.2429950754386794,0.3038890844934016,-0.08988993953332484,0.01555583854707272,-0.12057489610240106,-0.05150072801306682,0.12593742717990464,0.00493793190480976,-0.18555429448667923,-0.11742546500196921,-0.2261560996543835
acc_x_max,0.7594881626368869,0.44693167320336813,1.0,0.5303106475499739,0.08652835819321168,0.5464639731405835,-0.49962868861102144,0.4806666028350628,0.22175649451196636,0.49189870622278464,-0.6997236457628857,0.48934562743363835,-0.3155838308059076,0.5872717589665856,0.40698479319580105,0.6118599871124498,-0.6856925348758567,0.6440765517891403,-0.1270113720534404,0.18399377060664207,0.07885698710790312,0.19865036765303762,-0.23074427919500062,0.18284360699859725,0.4080742048341948,0.3248912904763926,0.6081465563226783,0.323402034540612,0.06566181792872867,0.32028166147781967,0.7087979367481835,0.5161581589467441,0.7608266322149632,0.558692796599579,0.26234960365387966,0.5227545241980581,-0.3983352506800818,0.5892576708066486,-0.1729694598834528,-0.39016600505755894,-0.5772282589519522,-0.3983352506800818,0.3272408357302131,0.5339269689443239,0.5394214421212288,-0.31061800110863524,0.08690832054434326,-0.3272408357302139,0.17037473254985017,0.37519665719965783,0.3983993702561283,0.17928365726941245,-0.019891502436798148,0.17037473254984978,0.3613600486714042,0.4296438991131724,0.5745351242925814,0.3892396454927763,0.13227440579657024,0.36136004867140437,-0.07649563367584958,0.2928359003234816,-0.0044856501199086515,-0.06386888359611481,-0.15106684518387986,-0.07649563367584965,0.11918553750905365,-0.18846764828519405,0.09751853928369682,-0.3158020818700702,0.17563839273686258,-0.3100601433588203,-0.1548224904961089,-0.346780090329221,-0.24840475886392616,-0.17158937277864308,-0.025212778896667818,-0.12868698620008673,-0.5021704474979647,-0.3212881855913894,-0.5513841731822566,-0.37913938361048166,-0.4197023818903795,-0.3597044519379539,-0.254906659140871,-0.2967637276216591,-0.36382453334284465,-0.42851630021235737,-0.14294388747999034,-0.41144796164685726,0.3526108146295806,-0.34323092801136423,0.2807277873677959,-0.3655969619064321,0.39998449507446243,-0.34932393152046104,-0.10883932843438117,-0.4120673675572595,-0.24702544097682252,-0.45456049114886876,0.05664169135295771,-0.43070283365049816
acc_x_rms,-0.03787267932316327,0.8452968496492562,0.5303106475499739,1.0,-0.5461013090336009,0.9893872596243881,0.056584050952283825,0.7103812084601642,0.5210390566199075,0.7804550679803925,-0.5276683724355425,0.7672301072172923,-0.35902338170910725,0.6956655839091802,0.3696143621437471,0.742533945871651,-0.8544653420684781,0.8349393583359614,0.12383107755439612,0.5614632517836536,0.48455556738942823,0.47102438248651807,-0.33160611403051093,0.45516003239948377,0.08957740789074345,0.6973629832463171,0.5871101862351041,0.5864957234876359,-0.4040744040209353,0.5447901882058183,0.24882745411023163,0.7909647915424516,0.6296117839045507,0.7568757309914715,-0.4985802755959695,0.725939040381906,0.009929774319044628,0.6406285774402988,0.24019038480747873,0.016957297863735763,-0.20128248933598838,0.00992977431904421,-0.27490516417023775,0.5806955285563971,-0.07032496544271098,0.2876972560626396,-0.46067324859385567,0.2749051641702364,-0.44062859242591873,0.674134691012122,-0.227567444338827,-0.43499370511631946,-0.5783720935326324,-0.44062859242591845,-0.12791233908493263,0.6538794155689966,0.12319273945958864,-0.10290871469561781,-0.3535074763763795,-0.12791233908493252,-0.11649279623426023,0.7341596666885974,0.06578390989094948,-0.07700285181323867,-0.27335649141063045,-0.11649279623426027,-0.15872651952334094,0.33437263836920084,-0.06140452132233205,-0.16089695884012786,-0.23408276173095202,-0.21455684513304152,0.03322759655363452,0.265461463129794,0.13251288761008215,-0.11856324982571763,-0.06406510455808176,-0.14729282468569685,-0.4557105284020251,0.13403437354258077,-0.3203752418108652,-0.28725586498811245,-0.5253322537648222,-0.3077485646250286,-0.28835316310652237,0.25351510011785905,-0.1265047028211655,-0.24104173459138914,-0.40907849277046526,-0.2820146018083052,0.10836310817510991,0.28426716133681584,0.24965282168994088,-0.06224148179564934,-0.04911191248935408,-0.09867789392737544,-0.00487866601625592,0.1474602152812338,0.0591432361483024,-0.21161049235074494,-0.06718664088529727,-0.2614785995072025
acc_x_min,0.6240893652665656,-0.8226274467063098,0.08652835819321168,-0.5461013090336009,1.0,-0.4429238829186323,-0.5164167637789097,-0.5721800145483014,-0.6980365516020699,-0.43652108945511753,0.07387562719072771,-0.3657227069520279,-0.04482804519675383,-0.42799869994502165,-0.3572349736970805,-0.42021377846105445,0.3195982526551238,-0.4029079988133833,-0.19394956866396415,-0.49472345004515383,-0.45200196337902243,-0.33789900700280395,0.2280323209290501,-0.3238281098116394,0.19992833195375892,-0.36394624598139,-0.10811455696309522,-0.23513457967566115,0.3917329734012568,-0.20010176018533393,0.28001074918038577,-0.30643677566176564,-0.008339739392377619,-0.1952177993993071,0.6456819175763714,-0.20483403459051697,-0.22146258353392592,-0.027244135300869686,-0.19612023217716534,-0.21991039521848135,-0.16722336897888657,-0.2214625835339261,0.4533603306106074,-0.10113575341644959,0.3980954795766555,-0.45001694491834665,0.40770592213450796,-0.45336033061060727,0.5001166243121714,-0.31165305203517496,0.44099381122969755,0.5004048695037441,0.4588127793086922,0.5001166243121707,0.3079227246766966,-0.21466318744925197,0.2117475489609586,0.30191517222302167,0.30103512708298835,0.3079227246766966,0.0865898290058116,-0.3331939624190375,0.014932571090551022,0.07039894081771567,0.17031438721583958,0.08658982900581158,0.08254275652210466,-0.5479362481389458,-0.08638525138307757,-0.17360471336303232,0.2268251374113745,-0.11357085348899411,-0.0160825779601491,-0.4055562141197314,-0.156864410026413,-0.12945973988647488,0.17495078593929997,-0.08211652254766741,0.06847125099262828,-0.3639854095564077,-0.08999834508396197,0.024437490442910978,0.2049843181701417,0.056244662146516786,0.13307774286093843,-0.4193748406691034,-0.07756674860623865,0.007807559525298881,0.3551593682241353,0.05279040567304085,0.02516792723525465,-0.4228043497406715,-0.16926454065113117,-0.10771946090699198,0.1884526974442867,-0.06975566001107725,0.011380015626166886,-0.34463486939599797,-0.12023014551386525,-0.07564263702405448,0.16978971579260438,-0.025688824013667826
acc_x_abs_sum,0.019162006945005684,0.7736521500588881,0.5464639731405835,0.9893872596243881,-0.4429238829186323,1.0,0.004590421772098653,0.6705754829422663,0.45418241736689036,0.7667443504949331,-0.5383294526552798,0.765181784074493,-0.3806569415776769,0.6860800803089395,0.350787142655213,0.7345553488912689,-0.8570621849189862,0.8360290227986047,0.10988538938969089,0.5348484394262009,0.45712738695814076,0.4564770101940529,-0.32324834412473336,0.44182812418908063,0.11323138996133988,0.7043453602138116,0.6079783140456464,0.5966941457911447,-0.39320465432750873,0.555368819333368,0.27519729052321856,0.7927273437178735,0.6473469208176745,0.7718971033921267,-0.4658413480849614,0.7383312083211774,-0.00827297035834774,0.6710049614793553,0.23772030251773954,-0.0007312082835039467,-0.22329858116176254,-0.008272970358347993,-0.24567874309498383,0.5954508747950955,-0.040551797243524694,0.25931649424741826,-0.4451262756799963,0.2456787430949825,-0.4144453716146178,0.6746915189080653,-0.19992428796502287,-0.4085887551852813,-0.5621606110553712,-0.4144453716146177,-0.10711828712531542,0.6658483002849543,0.1440028932717579,-0.08197774660808375,-0.3453673825859161,-0.10711828712531518,-0.10970234550485118,0.7445599530748347,0.07688209524387746,-0.06922722227444543,-0.2655605464464871,-0.109702345504851,-0.17414946727941016,0.3047870138809312,-0.08909421766311264,-0.19189399338524854,-0.239288194020207,-0.24416722959654588,0.04774564746654859,0.24614644545759984,0.1394710434341428,-0.1521799126739665,-0.03553498836488185,-0.17821520348884398,-0.4708795445001073,0.1085127318549604,-0.3405826471627145,-0.29760786553080637,-0.5297222337365831,-0.31614112537611117,-0.28219049495135834,0.22610324863926615,-0.130622642042407,-0.23704675901241243,-0.3860214630767048,-0.2765258573463497,0.10312723182143638,0.2643678484845691,0.22932625513307694,-0.06528401988632083,-0.0482430696633601,-0.10041382250698509,0.008197904886328522,0.12890147019894058,0.06434054324955689,-0.22619642408590088,-0.04503835263948664,-0.27521430310006895
acc_y_mean,-0.7454941036510025,0.21628589060237308,-0.49962868861102144,0.056584050952283825,-0.5164167637789097,0.004590421772098653,1.0,0.13960194919453825,0.4559673999602417,0.034029519333843135,0.5330893261992634,-0.010222916650172895,0.010742002834968935,-0.011122553888871843,-0.02710726823379264,0.0028646340904944227,0.031523236804231275,-0.005727226921120042,0.45345113743927884,0.1984878860289514,0.40439184464439504,0.2898873134741966,0.1323062236138651,0.30058982328443457,-0.08599442234657101,0.013177373088763175,-0.0783224677638405,-0.05489003393164046,-0.09215141162962348,-0.07360469216718298,-0.6466709573941755,0.01900754979280669,-0.36439621609231987,-0.20158088895739795,-0.662709527918191,-0.1900975601413424,0.21607440920214463,-0.35404940382639877,0.07601244749930522,0.21105538164413995,0.3087970009505365,0.2160744092021444,-0.4914786179848146,-0.3152722446399537,-0.5979929281093052,0.4743601102540185,-0.2888766592755714,0.49147861798481485,-0.34625031058615735,-0.043286807350339955,-0.4247026638115723,-0.3512354319728895,-0.20882798442689327,-0.34625031058615663,-0.3962679687980351,-0.15342796066597902,-0.46238293515885903,-0.4062620111940759,-0.23464206072165492,-0.39626796879803483,0.03264080110418125,0.05745471813723936,0.028248305451372795,0.03452854745010372,0.010404458137343463,0.032640801104181216,-0.12087156120074681,0.3757961733083829,-0.03745168170245917,0.200768610311214,-0.23877730054567595,0.15932429639383264,0.08399043370655143,0.28198280054791475,0.19547529662410376,0.026815066731840188,-0.00755803168140702,-0.0033224578109162417,0.10464637382605442,0.32859066606202153,0.2384686688788829,0.06494130284082013,0.0038945772621789376,0.03937394020818004,0.0070220001340371326,0.2017501757210575,0.12308227211371481,0.09221097149932453,-0.08171137411411508,0.06797788622484997,-0.10787285973472013,0.35067891224578074,0.011869350521049178,0.15530714933066847,-0.2412431060696257,0.1256473219663305,0.08772611786384953,0.2767836220759339,0.20896741892972284,0.1681208465219576,-0.02838300501135262,0.13124497721604167
acc_y_std,-0.021796621602271905,0.7933684197611858,0.4806666028350628,0.7103812084601642,-0.5721800145483014,0.6705754829422663,0.13960194919453825,1.0,0.8626714330253825,0.8888311956722821,-0.7028068367164689,0.8232386606227329,-0.14493543983697743,0.8393324309652215,0.6442633592218368,0.8425739221024423,-0.7403191362157058,0.8354895484740849,0.273543707246398,0.5676053231455408,0.5621011732577608,0.5117963016764004,-0.2321413254677439,0.4923026135780536,0.10125451667086852,0.5219542583872288,0.47726163016597173,0.32018029027918715,-0.30538944251938244,0.29720573550720725,0.20963168814479013,0.6394887903390333,0.5051195427189286,0.5613338496146277,-0.4531249780428573,0.5475792128329516,0.04845372670550979,0.3161748796000149,0.13715770422867982,0.050815995909699305,-0.08768654246071132,0.0484537267055098,-0.10905146026888483,0.5097427877696814,0.12398948234675215,0.12011177767467585,-0.2528450242070694,0.10905146026888371,-0.22537713870539722,0.48901686029641145,-0.0028271456918380544,-0.219892129372242,-0.3203569488607711,-0.22537713870539713,-0.2122736352155866,0.5465761071136458,0.032910341960202205,-0.18254551458035795,-0.34880995741964155,-0.21227363521558648,-0.06885064179302329,0.5131623697600717,0.04287593803586302,-0.046019459686112,-0.19984843752922343,-0.06885064179302325,-0.060964800515804066,0.2931742141135372,0.035610340042917424,-0.18882528453382413,-0.13061272863611392,-0.23798575803160918,-0.0026983547739263753,0.08301635161330576,0.042358580619574836,-0.19541032344976939,-0.03167297570633123,-0.19898772408017862,-0.46901375756152,0.08209324517291797,-0.3548471444931011,-0.3475677465232742,-0.5226587399709441,-0.36060783111914246,-0.25231036275967544,0.09370290548020724,-0.15580799928581618,-0.30003627471851885,-0.3412979360756781,-0.32623106712237177,0.20359369374211617,0.12094858495563245,0.2975801769859186,-0.16180635878485153,0.09039665937088373,-0.1863088208557031,-0.00775585125613338,-0.030225696585247486,0.009108650454313232,-0.3022773103501786,-0.007600309288410632,-0.33338880037705354
acc_y_max,-0.22891736699738868,0.717209247895004,0.22175649451196636,0.5210390566199075,-0.6980365516020699,0.45418241736689036,0.4559673999602417,0.8626714330253825,1.0,0.6645383834597323,-0.36792137195426466,0.5563805547259196,0.09708307329179404,0.7662564599856195,0.7311909996653564,0.7375110745997241,-0.5061689212081125,0.6620341478109,0.3588778691136961,0.4591851783977726,0.548395077649667,0.43142442947446924,-0.10480419635894185,0.4179978510783711,0.0738795970916802,0.31928952283108475,0.2922465288653076,0.15454923949204707,-0.22933519906522354,0.13586330539721145,-0.15460471820284086,0.32147761391960944,0.12054664022145263,0.19675489122527548,-0.5016694124368503,0.19676258754013637,-0.03418811965276411,0.014483699122685012,-0.04680413194263895,-0.035231901104717835,-0.06605794729787831,-0.0341881196527641,-0.10303592826740285,0.1491062780248919,-0.009216014876209612,0.10272043514345157,-0.1139853139941845,0.10303592826740202,-0.13752419762800538,0.20562467504663456,-0.03327250722971421,-0.1356969602828484,-0.14726641278347957,-0.13752419762800536,-0.14020362756009896,0.21791810017814445,-0.02691218308563996,-0.12417478684932536,-0.16214806349932054,-0.1402036275600988,-0.11477815808336879,0.2656548583077547,-0.06065684063814666,-0.10237259569054785,-0.18712796220294303,-0.11477815808336869,-0.010778139961603886,0.3847145360161964,0.11962673928017264,-0.04301041259286276,-0.11009848371032929,-0.09754048493801397,-0.022791507991686034,0.14058749167302606,0.04501831855154309,-0.06568760021898563,-0.09328991195004696,-0.07732945519721428,-0.30618962530035526,0.2087690487208839,-0.16555037142087842,-0.24876272289677873,-0.3942135910449244,-0.26691824897237937,-0.2194733456618683,0.1442404010471886,-0.10185560520960812,-0.23181013367861358,-0.35212621125309723,-0.2610289494975616,0.15651563411430716,0.17621555282363233,0.2709565731056557,-0.09938520353773637,0.03471674506612444,-0.12546975224185164,0.004572454781697928,0.044646350334343235,0.051821359423819546,-0.17990028788766163,-0.029759306216303287,-0.21140446159760323
acc_y_rms,0.026491588434245615,0.707726872879751,0.49189870622278464,0.7804550679803925,-0.43652108945511753,0.7667443504949331,0.034029519333843135,0.8888311956722821,0.6645383834597323,1.0,-0.7049551006654273,0.9861707134517733,-0.28649793252311445,0.7329698088118837,0.45747193809757525,0.7542827357262036,-0.7763832673355829,0.8049750296350713,0.26283239360467175,0.48530961494027,0.5198788414136644,0.5194680001758615,-0.18239158695558064,0.5140782719529442,0.13589330741755418,0.5489149583765196,0.5148258892483464,0.3494337061436982,-0.2901694290318691,0.331970538438173,0.3052724699736489,0.7468916110422453,0.6306849096291955,0.7191380864432051,-0.42364635697409925,0.7014947899977794,0.11715234054471851,0.47704453635278454,0.26849360778677195,0.12151753578609367,-0.057168380194809194,0.11715234054471849,-0.12462541963124568,0.6508770847000661,0.13652813409528836,0.14207560290782612,-0.3355738926735315,0.12462541963124459,-0.23265944446915035,0.5734791205123889,0.007324645518480547,-0.226861854531407,-0.3703761325525737,-0.23265944446915007,-0.291609837142818,0.6954560624797497,-0.020399826981387786,-0.25850959257560324,-0.49011923849224853,-0.2916098371428181,-0.0508825268666053,0.6972200471249894,0.10793140345767373,-0.0168767096898852,-0.21170064921681858,-0.05088252686660543,-0.11573458555828886,0.25712234780003984,-0.04518210160589663,-0.22066804105330573,-0.1768688261045386,-0.2685451212606245,0.053819815034689265,0.07192650457422259,0.09478498907941041,-0.2699871161227909,0.05666600699259523,-0.27226654855375837,-0.483065074397608,0.04084927336012033,-0.37587051707611313,-0.3416727459587067,-0.5206582276633658,-0.3531907954433591,-0.24390634013303594,0.03445868679259753,-0.17277177792452503,-0.3132397912914788,-0.27835030187758014,-0.3332931290898546,0.1717296742936768,0.1359085780004848,0.2579690205311913,-0.1441010775442155,0.05206069264516596,-0.16951558978215722,0.02683897488254023,-0.03872214137136381,0.036390071125031204,-0.29877726457341736,0.03575008837454301,-0.32957944627304014
acc_y_min,-0.4436658799699193,-0.4585692441449437,-0.6997236457628857,-0.5276683724355425,0.07387562719072771,-0.5383294526552798,0.5330893261992634,-0.7028068367164689,-0.36792137195426466,-0.7049551006654273,1.0,-0.6827819658394987,0.17067394488005136,-0.6817512469521299,-0.5396893745181007,-0.6908240701933323,0.6227816180254275,-0.6830565534509542,0.0727801436321017,-0.28962702460805345,-0.16900997138984114,-0.231151674352429,0.26431913377864813,-0.21690794068287772,-0.1415830098749385,-0.42313354609514053,-0.4354924031331093,-0.3032249223703204,0.2127009988076312,-0.29590724773162613,-0.5570827349988535,-0.5316876793534784,-0.6614919577753369,-0.5637191337895813,-0.04582236237669793,-0.5430785784952953,0.09205064595168581,-0.4491613751980757,-0.060294911532651964,0.08732165558430877,0.24770425866188983,0.09205064595168597,-0.2513739759536074,-0.573659242501215,-0.491999213524842,0.23207049697711005,-0.013924806387437733,0.2513739759536084,-0.036032755195072284,-0.36917057657771896,-0.241015574227599,-0.04250231744250166,0.10636685245653475,-0.036032755195071736,-0.0830185386342858,-0.4996872391197584,-0.30759565412164036,-0.11039900668767448,0.11425174915796346,-0.08301853863428572,0.06910401269934731,-0.38049573002609904,-0.018779578434563515,0.053002764933748864,0.16594782803790376,0.06910401269934754,-0.041299230154210026,0.0024503612364131194,-0.05223650860294266,0.3032483623672888,-0.04465845113139585,0.318313433884058,0.052995685646059686,0.1475911393878355,0.10257785333145854,0.2087269170929666,0.008016405760956647,0.18876114947141726,0.4622420085993109,0.20021515803966694,0.4666291632070965,0.34578298851052974,0.42022570418140825,0.3345109336991142,0.18576212546079213,0.06085679969314653,0.18961329448696565,0.27183621909733413,0.2086580211227764,0.27683706159607896,-0.2375810997716927,0.17828834900085183,-0.20811497150618632,0.24140907449190582,-0.24361295621213355,0.23684311138977795,0.06612569100738229,0.2270499548319735,0.1474156454302804,0.383778551102161,-0.01058438550164622,0.38483745409866876
acc_y_abs_sum,0.05011357094357626,0.6583280092542518,0.48934562743363835,0.7672301072172923,-0.3657227069520279,0.765181784074493,-0.010222916650172895,0.8232386606227329,0.5563805547259196,0.9861707134517733,-0.6827819658394987,1.0,-0.3727205640926256,0.6642707396794169,0.34995490284180847,0.695028864088062,-0.7759168621041699,0.7719927890899762,0.25068014122966414,0.4498345429875283,0.4897943539075524,0.505661580970987,-0.164848191161808,0.5036188853069135,0.14613614452611062,0.5457581298815265,0.5206968836086053,0.35424177811003005,-0.269621520537985,0.33843186468308295,0.3674449258465605,0.7889282056964497,0.6898921667588913,0.7729183727269985,-0.39742852627871805,0.7551887699724865,0.15779762745695985,0.5243631001395277,0.3233851844983969,0.16283562970921553,-0.032596746854450895,0.15779762745695988,-0.14820168682795118,0.7064414806173833,0.13125277323655415,0.1676312736176166,-0.3769690442861509,0.1482016868279502,-0.2577235058745305,0.6137954369082845,-0.005270027809301781,-0.2515496841696408,-0.40399888692634783,-0.2577235058745305,-0.330519139257292,0.7468535901226867,-0.04155053960211493,-0.29583026620738495,-0.5413173431003133,-0.33051913925729187,-0.02054243040652175,0.7399399453132188,0.1446345961855451,0.014823080372316628,-0.19226109665833882,-0.020542430406521883,-0.12649182906890793,0.21355056231155634,-0.07528613729495441,-0.24638932680405387,-0.1775489735029561,-0.2910349175137102,0.06452403736706797,0.04111111598864842,0.09371532272499121,-0.294151810115686,0.08659865394035841,-0.2936089129625376,-0.48128968170215164,-0.0013178330214789393,-0.3879667872729309,-0.3336960726688192,-0.5015359669215859,-0.34204907962049047,-0.23851056476225882,-0.003076397540248325,-0.18561085587355564,-0.3143352669873091,-0.2411309260896646,-0.3303470922268455,0.16337882090823855,0.10899826684539556,0.2332649073869479,-0.14467953883190218,0.05372142285052793,-0.16712185949696456,0.03430883741647713,-0.05857029348609836,0.0318539637779859,-0.29846317722776616,0.05195667609842201,-0.32608906453739217
acc_z_mean,-0.11454573899956093,-0.20578838488623458,-0.3155838308059076,-0.35902338170910725,-0.04482804519675383,-0.3806569415776769,0.010742002834968935,-0.14493543983697743,0.09708307329179404,-0.28649793252311445,0.17067394488005136,-0.3727205640926256,1.0,0.015654740764084497,0.3782326500495932,-0.1094177947477713,0.5338935656930006,-0.2816345150293252,-0.05170351722344476,-0.04385287521193845,-0.07224808325173172,-0.15317255963377757,0.009027808501044668,-0.15878150943755007,-0.28671629846507696,-0.14081074842787356,-0.3758408754144504,-0.11421233245809002,-0.12629195293002785,-0.0992546788685477,-0.32546093500176704,-0.6890769462933494,-0.6443170389633107,-0.4308794084240883,0.21940542132905883,-0.3801397938906727,-0.13010888946483684,-0.21356913866382307,-0.21115993341449588,-0.13240434053424183,-0.05645957650350749,-0.13010888946483692,0.1489590587970822,-0.2888201967316766,0.0247831855099084,-0.15528474584028262,0.22561036093455974,-0.14895905879708193,0.279397020364018,-0.2629086889431636,0.189456365274812,0.27822805032693626,0.2805944774705043,0.27939702036401765,0.1943434317121111,-0.3019205847891586,0.05204067455904348,0.17987193802443469,0.2465784037298663,0.1943434317121111,-0.14222150828953073,-0.35398989021810967,-0.19615900902755642,-0.1534851412736642,-0.03703080022342163,-0.14222150828953062,-0.00864606793610907,0.2586175215111081,0.09169934832863316,0.33067978810917775,-0.05138759727164243,0.32472762312396636,0.12006697284425108,0.2761322211462129,0.17978015557557853,0.18333997747222897,-0.01755670396757549,0.15333903450979466,0.36190083008696977,0.34975076001693745,0.39174095326068936,0.27490636876072105,0.21776998645653523,0.258629391369849,0.20982089162001835,0.2798657953404371,0.30668413383889553,0.28197865982303144,0.020641622665229835,0.27299546985596485,-0.24413055755355817,0.25952986710712983,-0.1362935321569141,0.28789978616799744,-0.2374633258500532,0.2789438978555735,0.11921985249679685,0.24932501700845083,0.20438513350351067,0.2272263515335092,0.014751579391973585,0.22763388373140647
acc_z_std,0.16022496758228832,0.7003799763504286,0.5872717589665856,0.6956655839091802,-0.42799869994502165,0.6860800803089395,-0.011122553888871843,0.8393324309652215,0.7662564599856195,0.7329698088118837,-0.6817512469521299,0.6642707396794169,0.015654740764084497,1.0,0.8759157619643657,0.98367703102362,-0.7686715777419015,0.932216833798251,0.1860245128109229,0.4554955277411454,0.44649831005242446,0.3842562741607381,-0.23208679559173173,0.3671164422092825,0.11590013475912807,0.49513898748832175,0.44069926323911307,0.36875394285975077,-0.31600839000942665,0.3488286149343878,0.16704051163400038,0.48606238337373264,0.4179377430758738,0.4522086615651447,-0.31949684484972973,0.43608793775306115,-0.2150715508979775,0.3594736341871528,-0.08694332617712337,-0.21167039141587513,-0.3388841634574417,-0.21507155089797766,0.0983307189499502,0.38578279886303807,0.26268305753226956,-0.08971429637686,-0.04738566791992911,-0.0983307189499514,-0.04394781743769721,0.35780884371068317,0.1386810008649227,-0.03866270207121399,-0.15497995003878628,-0.04394781743769705,0.0786715047997699,0.4060413226881402,0.26831963373383744,0.10043372752611099,-0.07291598995822142,0.07867150479976992,-0.1490071058656504,0.3753644296684283,-0.05703889080211049,-0.1297824821420895,-0.23729563104179913,-0.14900710586565058,-0.039409331666634975,0.3054684009858749,0.06812672710221476,-0.1531499722376663,-0.10625381533416699,-0.2022550124723047,0.019830070078390372,0.09493781379960643,0.043251656161743514,-0.17827302487293467,-0.043166172523924,-0.18385912831819745,-0.4401393636000298,0.10481335388851562,-0.3317242567748337,-0.31787466573353595,-0.5138193302376669,-0.32658044326773406,-0.22958102401297842,0.12078356210075336,-0.14554188057404643,-0.2616301890733332,-0.366686026782839,-0.28795884079170125,0.1620955284070736,0.08485018794019421,0.25112926499425264,-0.12763330331733763,0.08810409311631374,-0.14424665320466432,0.03237172700121598,-0.02933878525090763,0.021842064800419086,-0.336450427138231,0.015578350236839905,-0.3625843542919602
acc_z_max,0.1573340318384333,0.47300050350138884,0.40698479319580105,0.3696143621437471,-0.3572349736970805,0.350787142655213,-0.02710726823379264,0.6442633592218368,0.7311909996653564,0.45747193809757525,-0.5396893745181007,0.34995490284180847,0.3782326500495932,0.8759157619643657,1.0,0.8138008972425185,-0.40208586819831427,0.6721184208320934,0.12485694665666498,0.27803723975106115,0.28522255981987676,0.2004596782713882,-0.14134429606988022,0.18669106754456338,0.0680484326448141,0.24232488270985394,0.21006323829578927,0.1507891078134925,-0.21253092253451694,0.14347728398991277,-0.044842952282026095,0.06471057501720957,0.05283580932350817,0.05869320044496813,-0.1230580944279242,0.05734750579128035,-0.3471985660272508,0.06228734577337516,-0.3173668542150658,-0.3473268109861416,-0.3667033355811891,-0.34719856602725135,0.28908611831858505,0.05568255994617457,0.3292780754461298,-0.28823447022195037,0.23545635699784792,-0.2890861183185859,0.2063925635377385,0.007870171968465562,0.2744935010163638,0.20883953250308132,0.1551665285988316,0.2063925635377381,0.2690147167971071,0.056973354449995246,0.32182529632051027,0.2773584745348336,0.20810920149500023,0.26901471679710726,-0.20150528951272004,0.032931457517563226,-0.18187134754313272,-0.1980045185846053,-0.20803123074767071,-0.20150528951272004,0.05497495717964661,0.3101417301325833,0.17941963805266856,-0.03606987249554733,-0.013579553693557348,-0.07706516619077135,-0.005759295334088532,0.06069973872486989,0.0027832538766161246,-0.06216530854620846,-0.07881876928178812,-0.06417256780464223,-0.2580236942276154,0.14234873535264284,-0.1683544502912161,-0.20983798711524368,-0.336131721792802,-0.21651405498021664,-0.1464974725303374,0.11516183908088676,-0.07810940290057386,-0.16513363380070373,-0.30820803321350265,-0.1857100333756147,0.12522805101312498,0.030862787094780332,0.19028773319275008,-0.08651570377920875,0.0932161953798001,-0.09411565987729364,0.03317290096887251,-0.03634005200917702,0.019571809205008877,-0.24754044556799376,0.014910780600012889,-0.2599769134173507
acc_z_rms,0.15863371096048878,0.7229404812790953,0.6118599871124498,0.742533945871651,-0.42021377846105445,0.7345553488912689,0.0028646340904944227,0.8425739221024423,0.7375110745997241,0.7542827357262036,-0.6908240701933323,0.695028864088062,-0.1094177947477713,0.98367703102362,0.8138008972425185,1.0,-0.8268357825110455,0.9718940634503117,0.20787008282840572,0.472803316279234,0.4728453762866261,0.40791721884431015,-0.2341780156338695,0.3908835447149602,0.12809856915506657,0.5122875243540889,0.4680167486810019,0.38998635746236376,-0.3163919109836913,0.36693285907817014,0.17502236064193755,0.5775474825859973,0.4868140588089423,0.493761343293264,-0.376369941121766,0.46856762644265165,-0.2043813407969726,0.36444190999136095,-0.06998013243348852,-0.201134661797757,-0.3296718550572996,-0.20438134079697254,0.0660782805037877,0.3921388741173845,0.23359133629661263,-0.05776080319511368,-0.07929241382524022,-0.06607828050378901,-0.08708479188993191,0.37517620936064655,0.09678039677739969,-0.08215746797819205,-0.19257329693981554,-0.08708479188993207,0.05354113750484724,0.4184436655236361,0.25257971034247995,0.07536782728792106,-0.09611408964455118,0.05354113750484749,-0.14478095280977737,0.393372583587724,-0.05044913718282238,-0.12529647631412918,-0.24103939306003574,-0.1447809528097775,-0.056732435595900604,0.28093958174072126,0.04055818746110566,-0.18446685396088536,-0.11946604832435051,-0.2320943839066321,0.03523618622005905,0.09472164664021654,0.053537809827012436,-0.19612526964162594,-0.027275911466361595,-0.2019970143571326,-0.46444821963421057,0.07581575483386936,-0.3648042975077013,-0.33108350799185027,-0.5330430868233835,-0.3381213295481218,-0.2400484826667626,0.1170944718040933,-0.1635237993901537,-0.2724267287884339,-0.3735521477764209,-0.2993490612725467,0.1588946774263431,0.07975448728090824,0.24648017223928317,-0.12696467370220257,0.08753421126243856,-0.14260879705557222,0.042392560517584735,-0.025636822469906582,0.027543775694096044,-0.34260329110446835,0.02117951174157118,-0.37068746393578694
acc_z_min,-0.20162194832628544,-0.713997581928887,-0.6856925348758567,-0.8544653420684781,0.3195982526551238,-0.8570621849189862,0.031523236804231275,-0.7403191362157058,-0.5061689212081125,-0.7763832673355829,0.6227816180254275,-0.7759168621041699,0.5338935656930006,-0.7686715777419015,-0.40208586819831427,-0.8268357825110455,1.0,-0.9081556340100068,-0.16925784528125923,-0.45487026858337193,-0.44263802081634374,-0.4261195856803977,0.23289021063806384,-0.41233095972678313,-0.20607742847049537,-0.5719879502112385,-0.5909285815141744,-0.4822424634469079,0.2490530011578656,-0.4581331764984954,-0.3961045418300173,-0.8255422910687078,-0.7518969505083226,-0.7458145154812283,0.38013451114533336,-0.7078267155691624,0.07301533008216093,-0.5892791319521822,-0.1394938465428702,0.0662858983394616,0.2674807663312189,0.07301533008216105,0.07876461464159906,-0.6118382911417263,-0.16152083723339983,-0.09325780901659711,0.287217796340672,-0.07876461464159787,0.25937111154743564,-0.5979796776681678,0.017091710266470647,0.25268788477596,0.4059064523264459,0.2593711115474354,0.07598108781170297,-0.6319732727564684,-0.1946025989366947,0.046105151755412285,0.2863706630166762,0.07598108781170286,0.04434927552220877,-0.6192603102901798,-0.09670191874590459,0.01418285804211067,0.19015276826739852,0.04434927552220895,0.08966567802092525,-0.1213736119971146,0.05239455790061558,0.2635300296113385,0.11598981485763639,0.29776927805543957,0.01611853279628383,-0.023948562403775436,-0.0028487850247693254,0.23390937834080905,0.012875644385928933,0.23327711160643128,0.5417795318213315,0.04430306397706989,0.459281283379407,0.37478440753206455,0.5524793175202507,0.38024636603899725,0.2743307332907478,-0.01340972444950817,0.23072700494684234,0.33887582379590825,0.292257538022976,0.35743177764979406,-0.21616159544556293,-0.040110087793502905,-0.2728314813004049,0.20477864531752152,-0.1267197876991466,0.2226204544482563,0.02409650181975424,0.09503104305776197,0.05079158505464499,0.3678095804722119,-0.006911065006874064,0.3945694186799977
acc_z_abs_sum,0.15632869144100892,0.7528650152130383,0.6440765517891403,0.8349393583359614,-0.4029079988133833,0.8360290227986047,-0.005727226921120042,0.8354895484740849,0.6620341478109,0.8049750296350713,-0.6830565534509542,0.7719927890899762,-0.2816345150293252,0.932216833798251,0.6721184208320934,0.9718940634503117,-0.9081556340100068,1.0,0.2111241329993476,0.5149065051599575,0.5039302668996587,0.4639518856582872,-0.25753940393007774,0.4468750621074739,0.1349485019381924,0.5891266441512865,0.5394336728162855,0.46530955798478124,-0.3392630421255256,0.43714249195797394,0.24020083352246416,0.7162978798546489,0.6024405459071671,0.6238334155623053,-0.4350079192518218,0.5909488036585903,-0.14130164431209546,0.46234962791826323,0.02891916076816689,-0.1369859917541684,-0.298588981891647,-0.1413016443120958,-0.02533653614288441,0.49330464565503274,0.17601996011617635,0.03594645863791097,-0.19840735346687333,0.025336536142882806,-0.18687184174336235,0.4917386588903808,0.02721327439729256,-0.18132858655358414,-0.3106549671298198,-0.1868718417433623,-0.024478050430672967,0.527399872257371,0.21157732406562677,0.0007325091111327594,-0.20364496401820342,-0.02447805043067265,-0.11686240702701657,0.5073819829996744,0.0035042545732408377,-0.09180929981627166,-0.23840628277263176,-0.1168624070270167,-0.11038658832355239,0.2611562694603062,-0.023799542838583366,-0.21491162214295903,-0.16404825251080532,-0.2624087403146477,0.05871296820308521,0.1206953147969985,0.08623625020294558,-0.23443643291667846,0.0007737753344570843,-0.24359170558336152,-0.4966452927328481,0.06377108190984146,-0.39361181227844344,-0.3370445723398001,-0.5588981934562557,-0.3455812293032721,-0.25062375152836025,0.11742828563571264,-0.17035661272742045,-0.2816432259409617,-0.36216412522417085,-0.30983000461812565,0.14322424259123376,0.11844633948375513,0.24023087845378288,-0.1153747484305233,0.05714398726895146,-0.13487035501259637,0.04822958856057164,8.329026765144403e-05,0.04381204548750465,-0.3382210960604621,0.02477771070656432,-0.371166271695126
