,acc_x_mean,acc_x_std,acc_x_max,acc_x_rms,acc_x_min,acc_x_abs_sum,acc_y_mean,acc_y_std,acc_y_max,acc_y_rms,acc_y_min,acc_y_abs_sum,acc_z_mean,acc_z_std,acc_z_max,acc_z_rms,acc_z_min,acc_z_abs_sum,gyro_x_mean,gyro_x_std,gyro_x_max,gyro_x_rms,gyro_x_min,gyro_x_abs_sum,gyro_y_mean,gyro_y_std,gyro_y_max,gyro_y_rms,gyro_y_min,gyro_y_abs_sum,gyro_z_mean,gyro_z_std,gyro_z_max,gyro_z_rms,gyro_z_min,gyro_z_abs_sum,quat_w_mean,quat_w_std,quat_w_max,quat_w_rms,quat_w_min,quat_w_abs_sum,quat_x_mean,quat_x_std,quat_x_max,quat_x_rms,quat_x_min,quat_x_abs_sum,quat_y_mean,quat_y_std,quat_y_max,quat_y_rms,quat_y_min,quat_y_abs_sum,quat_z_mean,quat_z_std,quat_z_max,quat_z_rms,quat_z_min,quat_z_abs_sum,encoder_angle_mean,encoder_angle_std,encoder_angle_max,encoder_angle_rms,encoder_angle_min,encoder_angle_abs_sum,grf_x_mean,grf_x_std,grf_x_max,grf_x_rms,grf_x_min,grf_x_abs_sum,grf_y_mean,grf_y_std,grf_y_max,grf_y_rms,grf_y_min,grf_y_abs_sum,grf_z_mean,grf_z_std,grf_z_max,grf_z_rms,grf_z_min,grf_z_abs_sum,grt_x_mean,grt_x_std,grt_x_max,grt_x_rms,grt_x_min,grt_x_abs_sum,grt_y_mean,grt_y_std,grt_y_max,grt_y_rms,grt_y_min,grt_y_abs_sum,grt_z_mean,grt_z_std,grt_z_max,grt_z_rms,grt_z_min,grt_z_abs_sum
acc_x_mean,1.0,0.04424780220099126,0.3802155725087809,-0.039841673706095426,0.45898384913023,-0.08248495771639637,0.8353670923356314,0.11534046091215114,0.5411333153983047,-0.04950477985865264,0.49749854184148007,-0.09233695829895072,0.43997339600067675,-0.008784754260474594,0.1180119394420965,-0.07279362226819706,0.1916759016954642,-0.1486958459818246,0.3334311573597564,-0.036560507335402934,0.1722205111823586,0.003334066764416441,0.21630426126581334,0.007190557874143968,-0.11428457091769069,0.11144129571687512,-0.04955126665396381,-0.032102625174005445,-0.2018050144695802,-0.03554615558603034,-0.49899256959078997,-0.12832560976213503,-0.3270384677203802,-0.27863419774022175,-0.4792819430317518,-0.26078582771853215,-0.25797067898684456,0.06465286949623511,-0.2350162893055525,-0.2580951254980309,-0.19356259846232052,-0.25797067898684134,-0.29546226281216903,-0.2296704830736007,-0.34924657741545595,-0.16326397055910635,-0.14057352015092475,-0.14343960263848796,0.23191269588172234,-0.22026511576085758,0.14962101033190328,0.2305081785194818,0.2494350639371967,0.23191269588172264,-0.26467773570423986,-0.3059828212152275,-0.3191096477626499,0.1951412749157324,-0.10342394801557299,0.2200819321750674,0.046311834354320916,-0.06014892107838638,0.016347194524808296,0.041590202331312796,0.0369149926804968,0.04631183435432094,-0.04856412575678568,0.15898619466510422,-0.04084425942687855,0.0731728024159063,-0.10128486167451627,0.059137825275339506,-0.04498819072549352,0.13960696263478284,0.02931017486054549,0.07140292746858513,-0.12880670409707148,0.054561449058015035,0.035244750338231434,0.20533564254082534,0.13206393049474313,-0.001143973895380511,-0.012702392667459171,-0.014460472099285911,-0.048082250436405544,0.17781773722282446,0.04557672019594534,0.04734244952963622,-0.1625304824205082,0.026457083633808113,-0.00686269183934969,0.15373376633399388,0.04571834615281981,0.04535464039925667,-0.08210994073110531,0.02715321323835628,-0.030473260323735363,0.15074356121304225,0.0490242558214989,0.05745481707818536,-0.1078671049243075,0.03212381852718682
acc_x_std,0.04424780220099126,1.0,0.8326403372289495,0.9382288660932371,-0.74082505831533,0.8469507488614153,-0.08958903047944447,0.9281167653284732,0.7118726983011026,0.8186165264142781,-0.6373595966033027,0.7602829169191767,0.0077038884992059005,0.8256400673746048,0.7245175515226252,0.8429463867516976,-0.757602535469014,0.8159645296856184,0.0932964207486994,0.6128380432896485,0.5634764886298069,0.5576688253914688,-0.4343289280948507,0.5463243689444175,0.2657551334742825,0.6786962228996728,0.6252815133348244,0.5746389334076138,-0.39071457329879444,0.5484178809322697,0.3222592446133963,0.6662937222448246,0.5677987375965711,0.6275910898435718,-0.35405944240244147,0.607338972591762,-0.011142026130004938,0.4859039039656737,0.20398433368163224,-0.008170755606339836,-0.17075744117402136,-0.011142026130009688,-0.017521622352331765,0.5810016942731938,0.20766882416030225,0.2668826311264124,-0.18788066749897944,0.2242848461267197,-0.35185524641642413,0.557147632630063,-0.14445515355023444,-0.35060013490461944,-0.4878706429842004,-0.3518552464164213,0.14334614598420475,0.5629608683436748,0.34848734004563725,0.05188898563338312,-0.04185363262807366,0.02283548591078409,-0.2534127585216341,0.487190893910488,-0.1646202740602491,-0.23887105632912328,-0.3392033383542675,-0.2534127585216336,0.10166284040617175,0.17660098193852164,0.18426839133090953,-0.2368104351534797,0.06053823720100684,-0.2605156320082171,0.021109278513694145,0.19516379970741268,0.09430759526764874,-0.11375329752068636,-0.09683249971809352,-0.1235548461228756,-0.38430931679965896,0.16435144374735816,-0.2581249356591373,-0.21514373528830916,-0.4644091021045242,-0.22762838451235815,-0.22016707788994164,0.28864841857419044,-0.027993389794109882,-0.09331805811810412,-0.4782526228896898,-0.1425499639214818,0.15888581027986148,0.1641376271840967,0.26466772969146796,-0.08537845636685436,0.028154454143220865,-0.1079093680230049,-0.2619839815388605,0.10185083723269854,-0.16371947406525725,-0.17039598959004468,-0.31758334195119015,-0.19840191165672527
acc_x_max,0.3802155725087809,0.8326403372289495,1.0,0.7075857947189016,-0.34489604329010076,0.5448468505271221,0.17650383290898153,0.7741784109982567,0.8734189872988727,0.5676464493276407,-0.2652349401641405,0.48715837646883337,0.30716965095485743,0.7608797884323945,0.8024378876788526,0.7280628308141937,-0.5608326406911129,0.6070108742660615,0.1331348368317274,0.40388551022264674,0.41207543336401137,0.3447197775250922,-0.2523942437438263,0.3338850072673395,0.18077464283545042,0.49123721538786697,0.4137886626693244,0.3769132854725786,-0.3539853577875312,0.35949941194888874,-0.04125960673980435,0.2965603866385379,0.17360474444005347,0.23341355522851515,-0.4045466262548891,0.23007178316604546,-0.03087345422366125,0.23339081079150173,0.08182829062178802,-0.02959665362268295,-0.08948250314105484,-0.030873454223664772,0.0012971114289172657,0.23196320435221193,0.11480274519653688,0.21239705588735786,-0.050560507661040206,0.1962213068398317,-0.20219489513378683,0.31695477913442,-0.10069713215755391,-0.20181550036916412,-0.2915459321502936,-0.20219489513378514,0.1398054790781966,0.19289377019886023,0.23148178003859263,-0.004718870183059022,0.087657807669613,-0.012050571437105525,-0.21943734577925764,0.19996832906637219,-0.1878288528688405,-0.2143563640097257,-0.26048242782434516,-0.21943734577925736,0.08656753762573334,0.20713514503626568,0.16257821966519567,-0.14949806551074907,0.03618902404365191,-0.17331657823593563,-0.03564110719165569,0.21597022110597258,0.05422366290502592,0.003840702703069023,-0.1881830983344434,-0.013628211498508916,-0.2692218759846401,0.2299776783752136,-0.1308301411454608,-0.18104661083745682,-0.35833792472320297,-0.19530112144004796,-0.2029533700217576,0.3217191077953771,-0.009491512417071453,-0.04708986334655358,-0.5048975298915277,-0.10252014501365656,0.14117211530187276,0.1535242696878506,0.2406088775250329,-0.06580310098212383,0.02819875724071515,-0.08674906258300252,-0.21319054857505054,0.12916267090250708,-0.11088432959013476,-0.12104968112423123,-0.28859181727156885,-0.1490405938313662
acc_x_rms,-0.039841673706095426,0.9382288660932371,0.7075857947189016,1.0,-0.7538754491243735,0.9659604431840124,-0.13059050339834088,0.892297137824505,0.6159423677520379,0.910437121196248,-0.6545434449693122,0.8811758852816314,-0.12549100741234345,0.765502549052623,0.6069280673488985,0.8062089908552856,-0.7769960827880695,0.8201728832679247,0.08267683960321928,0.6517603578546407,0.6083802206115845,0.592750341280486,-0.4465798450576008,0.582460475413914,0.30036989447350326,0.7443621981442201,0.6858543657181665,0.6312387823197426,-0.4105352167155684,0.5987401179860047,0.40254481773275935,0.7668854181218557,0.6600506999492024,0.7257266111167058,-0.35860248077993484,0.7021273138992475,-0.014382333420049272,0.5279334876105161,0.21498997055271055,-0.011347929277303043,-0.19208042871613287,-0.01438233342005368,-0.040814284834239066,0.6511140864885663,0.1964318954855897,0.26901044622113557,-0.23872106284022432,0.21822330257030018,-0.3848434388878007,0.6365080360152211,-0.12998462139945394,-0.3829774377180978,-0.527706365196977,-0.3848434388877989,0.11489815782402545,0.6601586047094402,0.34091879593370955,0.08554695479947592,-0.10734123600474221,0.05262171892817599,-0.24943808129658657,0.6161466759912145,-0.1374797026648381,-0.22909024059770097,-0.3532588236455448,-0.24943808129658543,0.09139986097222445,0.1440452335589757,0.16081037007684448,-0.2574929025391339,0.05478913877473618,-0.2802138988815768,0.037470847540199005,0.171614073976499,0.09972903846293352,-0.16508801160222097,-0.05822958514657485,-0.17015257522845265,-0.4223367804816227,0.12857050605991552,-0.2988342421530418,-0.23379140042956073,-0.4892603255366495,-0.24511961002767307,-0.23448829023030587,0.2581307602615782,-0.05222867499695035,-0.11571929381761913,-0.45671560955153695,-0.160499335573542,0.1629248224606269,0.1586492498500819,0.2586074718756022,-0.10158439650064431,0.024998057707924,-0.12525701311033696,-0.26548881434692373,0.08758565129608875,-0.17683202692735056,-0.18326383584740688,-0.3126404303984925,-0.21263805891670703
acc_x_min,0.45898384913023,-0.74082505831533,-0.34489604329010076,-0.7538754491243735,1.0,-0.7149846307396581,0.4920384779674334,-0.7035549568373569,-0.20824664676478555,-0.7113492836728393,0.9272036805212237,-0.6804258490140582,0.2398734668133842,-0.7107516425883248,-0.5382261894999574,-0.7469127693594044,0.7472945675781089,-0.796719901591425,0.13707631203342838,-0.5115508504215126,-0.3596417812405608,-0.47900556091078766,0.4973301631019111,-0.46627722331769333,-0.28108408077535496,-0.4963648360725162,-0.5427309175981038,-0.4939557748678084,0.19511560729012176,-0.4751301777259879,-0.5608359144625719,-0.7207250458519979,-0.7384832077184014,-0.7330455123819919,0.05684122574486822,-0.6949293109794584,-0.07713015161909823,-0.43382923045934263,-0.27089585439583475,-0.08014464064633348,0.10255386333063879,-0.0771301516190924,-0.08781817889776887,-0.6372971749256106,-0.3066237336076345,-0.3022453642286372,0.1417913450164212,-0.25654354588517164,0.42044526944680527,-0.561863707019691,0.20379733632965136,0.4191025948451421,0.5234741430294867,0.42044526944680344,-0.21538706482866493,-0.6662110758975528,-0.42185719539790395,0.005427343163115075,0.03750564888988899,0.045744223128858535,0.2178841553019726,-0.515595437974083,0.11236935921941256,0.20200956545429297,0.2963122125210848,0.21788415530197228,-0.09534564414148701,-0.08958243241571504,-0.17458765614437743,0.23459200675247943,-0.08194660419068449,0.24964176825096202,-0.059115717142066,-0.07036815392996,-0.0696482474343671,0.13883293892275458,-0.019510248018161376,0.136556172243968,0.33915807153108224,-0.0018690124228952533,0.2947220664853104,0.16619243873595507,0.3751371755002671,0.16795315576006686,0.12602596079175205,-0.11023127240380322,0.027292410697521145,0.10162024395854048,0.24898172478705713,0.12349986869550804,-0.11924465645175751,-0.07332762282394958,-0.18783368490248073,0.07101580677536304,-0.04139306060214891,0.07908416690137186,0.19630682962205903,0.00038236902905307627,0.16295115224605494,0.17327729285753657,0.20761256862762772,0.18457159404537976
acc_x_abs_sum,-0.08248495771639637,0.8469507488614153,0.5448468505271221,0.9659604431840124,-0.7149846307396581,1.0,-0.12351870791778603,0.8103818801020437,0.4968287284590963,0.8905908912211479,-0.6134186926139121,0.8858947206386846,-0.23967399712478624,0.6219358833513774,0.42405248185361566,0.6775568042060195,-0.7037488796771838,0.7310541159469534,0.13076017872554574,0.6590736568290172,0.6475738884930473,0.6114582436816106,-0.4049372090342104,0.6045770093083319,0.268906180668026,0.7525011905397585,0.6785875030771673,0.6273818580106472,-0.4145836558785345,0.5913645763814198,0.47029289032128974,0.8041451591779689,0.70320679324447,0.7799460835964138,-0.3338872721310075,0.761468831552167,-0.0447639902020621,0.5885771736250268,0.2055088102756668,-0.04142693173377637,-0.23701486512326178,-0.04476399020206553,-0.10552503563558434,0.7110749865532162,0.15009060233357763,0.22231556950845743,-0.3122027577274199,0.16561267648918,-0.3667710241279199,0.6593104571695063,-0.09578552349017522,-0.36454969551573335,-0.5200006921330989,-0.36677102412791796,0.035504834304091654,0.7206724423669865,0.2855249625418966,0.1431388530742078,-0.19745482559006736,0.10823716800733722,-0.21148046120265812,0.6782653517572071,-0.09284983650756673,-0.18927786192226886,-0.3296323942127629,-0.21148046120265798,0.07482534492206085,0.11444710764304152,0.12800839951218118,-0.2518672546200658,0.04184992723546188,-0.27196454497022965,0.058696080657290955,0.14197899651892049,0.10604361585130202,-0.20537953465876146,-0.00978795418484822,-0.20643233899244212,-0.4123525538323512,0.08812695187430716,-0.3042422648730098,-0.2167792101736939,-0.4635044535417539,-0.22625972547692252,-0.21601870889363795,0.21140953935179765,-0.057587259665833994,-0.11957703883260407,-0.385229972315135,-0.15520636650753658,0.1471484265228817,0.14463395618115152,0.23068052796555433,-0.0970792188181346,0.018175216939375058,-0.11918568358375464,-0.24988979372775058,0.07402345257518446,-0.17223172064363337,-0.16937554412782715,-0.2877914889156865,-0.19712220202438407
acc_y_mean,0.8353670923356314,-0.08958903047944447,0.17650383290898153,-0.13059050339834088,0.4920384779674334,-0.12351870791778603,1.0,0.02351358702310286,0.48969578720350465,-0.11516480629681947,0.6273271124167468,-0.15857748032417607,0.5058750604300017,-0.1694564166885077,-0.06252051946122555,-0.23004545290295877,0.31477193860306857,-0.2701656130533445,0.39985120990884815,0.006934590831503335,0.2577062426598725,0.03092490226688765,0.24005523823623004,0.0346746314728449,-0.37227816282647797,0.15909119005882352,-0.170339728659093,-0.06644441467200977,-0.4114400631052629,-0.08353639326869551,-0.5272327192363048,-0.20444059238500317,-0.4175737082276357,-0.24974522119020867,-0.4839583431926026,-0.2184015538614851,-0.28461569697179007,0.09580516686933434,-0.2739181377700676,-0.2846668765079516,-0.24261025768813357,-0.28461569697178696,-0.46940847020424054,-0.18192938351913968,-0.5293747993719912,-0.3255234780914309,-0.31294071267492884,-0.3123075583192957,0.3180816370374647,-0.17546419053037998,0.2764555428563375,0.3173911658037938,0.2987418920187975,0.31808163703746584,-0.41354432230997995,-0.22489729125654317,-0.4479451901440506,0.2501676056824702,-0.27186351777358536,0.27058825299014644,0.0766861578567895,0.02270844348287273,0.06526736965728466,0.0761716160992933,0.059578257055870595,0.07668615785678935,-0.11504584547153522,0.2456335242095207,-0.08929035017319636,0.16073079163268988,-0.18518739469162446,0.14440841999833262,0.06786499465647458,0.3390524843101659,0.19485329130407694,0.10483730789129209,-0.08029864460214547,0.06871246741842953,0.19350215338455523,0.35576077160304626,0.30960112861973366,0.1472625582734208,0.0913223681328324,0.12235235193923438,0.09135942000526989,0.3596743471807835,0.23499909592240253,0.22212085122265401,-0.08509454201122178,0.19839991906210488,-0.1842937908228799,0.37443621803838967,-0.052805953062891126,0.24219076624141445,-0.2977754574932276,0.21084970101815514,0.05365476512643473,0.37083234293286654,0.2135685133177435,0.24245663381239607,-0.12570726678808078,0.2054503047586067
acc_y_std,0.11534046091215114,0.9281167653284732,0.7741784109982567,0.892297137824505,-0.7035549568373569,0.8103818801020437,0.02351358702310286,1.0,0.7901000893006117,0.8791593880826282,-0.6460487722390699,0.80509964862534,0.07109812713878672,0.8244055141048804,0.7035655984093159,0.8285690344155657,-0.7740015123657127,0.8170120764831308,0.10417449414160868,0.6605113817968133,0.6397662640558648,0.6054360238930706,-0.44835046287039654,0.5950409201992682,0.23549047847291804,0.7305570913158275,0.6435979482981431,0.6396626831367878,-0.4427172016658817,0.6162263984209971,0.2780447264649225,0.6902559802013035,0.5586439435637056,0.6495443233386057,-0.4289119328682944,0.6300005185190475,-0.02726331694189605,0.49332587817287926,0.1862364427250021,-0.024459162573263787,-0.19286981293363253,-0.027263316941901237,-0.10273862181498815,0.6021102686460728,0.11985219688233352,0.19517394546129976,-0.2704965147473738,0.1505876425750698,-0.2945131681410789,0.5535625510073852,-0.07512238206835563,-0.29337488653700794,-0.43452105845400263,-0.29451316814107686,0.09499389057900141,0.5857909366328765,0.30353020860739066,0.06863021367637391,-0.09673134179851228,0.037933774639744906,-0.2688306378855253,0.550328182203418,-0.16664456605601705,-0.2521151167178248,-0.36274268326936965,-0.268830637885525,0.08316174941151316,0.21473791831725292,0.17752241722870624,-0.22637794407973186,0.0335260192974722,-0.253078723681204,0.03861399632317413,0.2816597804106082,0.1368776502942481,-0.0940444898544736,-0.1244437421475761,-0.11072470526542029,-0.37190127245655735,0.24767128019894016,-0.2236845492189168,-0.18715136455171288,-0.4836892846809897,-0.20601438017378054,-0.20116431469939527,0.38035502122248493,0.026120903546520875,-0.0551186352201954,-0.5059780250389339,-0.10727476481495796,0.12200675743156611,0.26854579308848114,0.27435405492206844,-0.027144188584278223,-0.038223070990501526,-0.05810876411307524,-0.28855117264684194,0.20458581225102515,-0.14401341077427898,-0.12386068397336761,-0.3902500487185182,-0.16041649674820865
acc_y_max,0.5411333153983047,0.7118726983011026,0.8734189872988727,0.6159423677520379,-0.20824664676478555,0.4968287284590963,0.48969578720350465,0.7901000893006117,1.0,0.5662508011157782,-0.10055748292904945,0.4720822553284888,0.4280721503082036,0.6389734883893349,0.6679734380833873,0.5962578477373482,-0.4610462265870668,0.49940321675708665,0.25091297394035156,0.4552201293789758,0.5509503167989165,0.40318316153096734,-0.20154251703785306,0.3962441688676863,0.011858625832894773,0.5757506489075782,0.3642522419602048,0.4195323498180936,-0.5262144729035035,0.39802705210605815,-0.16377806140951504,0.27905402121377526,0.07721040387375226,0.2268849488958049,-0.565159630856,0.23368209098431764,-0.1261385639027008,0.29162205494488486,-0.0025530645095685044,-0.12479787681310707,-0.18583648890543367,-0.12613856390270314,-0.21768751150869906,0.24476104593330927,-0.1095980866628245,0.04168235538938509,-0.2386210301662628,0.02355305175533353,-0.06836705075521254,0.3048097020010262,0.05419102853907103,-0.06792843853771414,-0.1801931769246883,-0.06836705075521078,-0.035114962481624976,0.19931212730596495,0.06542244236416764,0.09129819850030896,-0.07111597499946067,0.08604471618899157,-0.20323426333278158,0.2659369155417142,-0.16100274413242793,-0.19594898480632864,-0.2567587297149301,-0.20323426333278125,0.027913822916915326,0.28936955316466423,0.1167187801828233,-0.09031534932630748,-0.04387797878265268,-0.11807640318531917,0.05523985141161261,0.3991911208439586,0.19267776806200093,0.02852712249810712,-0.17240746911400917,-0.004952012026494476,-0.1691738469133672,0.3923538977272595,0.0051337104545059785,-0.07798308853219718,-0.3169338852449988,-0.10399278028929237,-0.10787013795670865,0.5024577440403637,0.14122111632469733,0.0884134387664299,-0.48477533654808747,0.02898922000826787,0.003993809631902014,0.3574757640496597,0.18358090016179032,0.10222260674291214,-0.14959031947434664,0.06760494345976077,-0.1854338790357621,0.34415746864671876,0.0015355355067287544,0.031860353186230664,-0.3610513281781228,-0.012417270447907707
acc_y_rms,-0.04950477985865264,0.8186165264142781,0.5676464493276407,0.910437121196248,-0.7113492836728393,0.8905908912211479,-0.11516480629681947,0.8791593880826282,0.5662508011157782,1.0,-0.6614219425154255,0.9867779936629019,-0.21459112804304944,0.7124307188908436,0.5005975407405727,0.7754163755780134,-0.7990180106910622,0.8350575319168676,0.07812311739402311,0.6849761224099393,0.6504172632418279,0.6344522955482642,-0.45937856829080204,0.6267621346619962,0.36051133099517507,0.8168523092914753,0.7781120865854044,0.775093189642654,-0.4064769761442494,0.7499867421193831,0.3521992625573847,0.8203259306002464,0.6655751681246274,0.7579942587497805,-0.4497381825670127,0.7269098423085397,-0.018578210069964813,0.5157941907698593,0.20268525304046395,-0.015916955308321358,-0.19502864007651127,-0.018578210069968966,-0.08422363225052189,0.6487830820710409,0.13682717578246775,0.2640666721432921,-0.2870678760355544,0.2125323235852366,-0.4080897956130821,0.666031048670566,-0.12184948826518519,-0.4063426185144684,-0.5411981031895378,-0.4080897956130795,0.106625359528649,0.6831780760218401,0.3251678977758731,0.10975848140987596,-0.13686845290882363,0.07681973517242704,-0.27174192892747445,0.6799659459813795,-0.13908716134455007,-0.2471767612516909,-0.37717244457732324,-0.27174192892747323,0.054024783136941444,0.16644991617730345,0.12672815966221063,-0.2507467450659223,0.0144835201037758,-0.2752995481639092,0.07635574658675875,0.2569157477521822,0.16436318934499414,-0.19475240252040024,-0.0501700539652842,-0.20489250737375664,-0.42348953807282064,0.20051300393408802,-0.2760550647918919,-0.21113980011487482,-0.5148377553214556,-0.22961019422755766,-0.21781730289430795,0.3387981682883672,0.0034626519645446106,-0.08673642949155072,-0.4649999215424047,-0.1334632082339757,0.11114665015019835,0.2772983139939469,0.25096199894580223,-0.0409588471439416,-0.061122565019314574,-0.07592325112239234,-0.2831181052961678,0.1861028949710497,-0.1461912664798468,-0.13420655703273737,-0.3683419937138197,-0.17216029345422273
acc_y_min,0.49749854184148007,-0.6373595966033027,-0.2652349401641405,-0.6545434449693122,0.9272036805212237,-0.6134186926139121,0.6273271124167468,-0.6460487722390699,-0.10055748292904945,-0.6614219425154255,1.0,-0.6311235553770743,0.29971926752172906,-0.6844494920825959,-0.5022282893983674,-0.7164126726368818,0.7650433051524844,-0.7680794442295225,0.22946556762490355,-0.42691778170860867,-0.23979973999898746,-0.3952933872647418,0.491059160628227,-0.3837599998274655,-0.3691563964914949,-0.3631256454705405,-0.5127016593367634,-0.4329807429188947,0.016920283862471748,-0.4256953086882049,-0.5973469594868693,-0.6873909884231135,-0.7485674005600294,-0.6925213588592568,-0.04921027134849418,-0.6494596975489936,-0.12846413989786132,-0.3585360575700198,-0.29338360972258043,-0.13109485006028665,0.03979069756358184,-0.12846413989785427,-0.16641883918259506,-0.5959056829388196,-0.366773973260164,-0.2898350164654893,0.06682384851580056,-0.24792743099147097,0.372472176931624,-0.47707557904938336,0.18726017249192844,0.37142269554793783,0.4472576454719189,0.372472176931624,-0.26405814799184235,-0.6231779230308652,-0.44685371862543843,0.0678193032572008,-0.01572384139489592,0.10853013386825747,0.19644553006652102,-0.46628868011812896,0.09800115097378573,0.18238235927168953,0.26424962447973294,0.19644553006652066,-0.10195171540491822,-0.007460719577365752,-0.1634726821378018,0.25154152219072673,-0.10942553047736543,0.2611658328471615,0.018750587735999514,0.058479410402762964,0.04120228538885854,0.11263403345349324,0.01098393355272042,0.09908423151782103,0.3684737258889477,0.09820302723630711,0.3568135461780262,0.20251061434191628,0.3685504604200366,0.1969795387466113,0.178660056499725,0.028436785283602918,0.14021878429446236,0.19419067196760126,0.22326891953944925,0.2053647877942558,-0.19566451041074923,0.040444916538937434,-0.21928561091654153,0.1520968185099746,-0.14533183431830268,0.15226425906843083,0.21682846694761868,0.12320946235830407,0.2345653956914031,0.2535291222929688,0.1602834289641241,0.25354305953921974
acc_y_abs_sum,-0.09233695829895072,0.7602829169191767,0.48715837646883337,0.8811758852816314,-0.6804258490140582,0.8858947206386846,-0.15857748032417607,0.80509964862534,0.4720822553284888,0.9867779936629019,-0.6311235553770743,1.0,-0.30514051254449925,0.6389475751656242,0.41017688700367133,0.7168183536749987,-0.7584635038319518,0.7954677474868832,0.07739269612415133,0.6693481361197079,0.6321888989506588,0.6260439788111927,-0.4402025517340215,0.6204330803273685,0.38925640118442456,0.8114526034223779,0.7916302140804233,0.7887183959167984,-0.37684090070271314,0.7644782789523049,0.36341864372598964,0.8238481465482212,0.6700265835472692,0.7597538682277245,-0.43652109570632325,0.7288369065477311,-0.011276377371082613,0.5084658702730206,0.20898743640684025,-0.008675712998346569,-0.18488458893348728,-0.011276377371086044,-0.06972637687090057,0.6444144409348035,0.1492913687115887,0.2781474061722458,-0.2749838809885113,0.22610294754718477,-0.43048252763329986,0.6797660570761883,-0.137367908152306,-0.4286046247999155,-0.5608627649610194,-0.43048252763329753,0.1088569156091114,0.6861004826817221,0.3262851182281253,0.11890976764160714,-0.13773447865228494,0.08700170570795693,-0.2629675734057231,0.6828923175337671,-0.12985346622222296,-0.23769036138553484,-0.3684684771300179,-0.26296757340572285,0.04817860919308821,0.14034751054042183,0.10869836745774729,-0.2503855013139058,0.014262671416573933,-0.27298169483202045,0.08690126001809012,0.23189769123452542,0.16394283180741323,-0.2265035851099181,-0.021716189999482754,-0.23376997217592818,-0.42162071704021403,0.17040977016395237,-0.2823743377754107,-0.2076998234620069,-0.4988589778835665,-0.22442178002826588,-0.21173416812234874,0.30643625366541105,-0.003870032429520442,-0.0907877457264841,-0.42853954595735544,-0.13421883365044374,0.10579418102870282,0.2566894560064445,0.2321626682659606,-0.04727848074085239,-0.05813242769945259,-0.08083746688317028,-0.2732210031275463,0.1634210943694261,-0.14748012865009688,-0.13267157007931268,-0.34685651778084,-0.16858467866290247
acc_z_mean,0.43997339600067675,0.0077038884992059005,0.30716965095485743,-0.12549100741234345,0.2398734668133842,-0.23967399712478624,0.5058750604300017,0.07109812713878672,0.4280721503082036,-0.21459112804304944,0.29971926752172906,-0.30514051254449925,1.0,0.1399745537474741,0.3780154799499618,-0.007840167437477293,0.2710615116010333,-0.17345021374191041,0.06142104514441478,-0.0736567675994792,-0.018325680330192523,-0.137609957414124,0.07462866238633614,-0.1491241464951475,-0.3391080127012778,-0.02949390170596088,-0.2579493004780352,-0.18240528435549558,-0.26130098431090765,-0.1851705418838414,-0.42361662278800194,-0.4108477001869094,-0.47276079349500383,-0.3271935870205462,-0.12228066916560071,-0.30467211113340503,-0.0101214901221,-0.22775743738542664,-0.1442504700199366,-0.011694117357036724,0.04784826949858756,-0.01012149012209968,-0.07742262000960005,-0.23296519546314998,-0.16850211363228196,-0.2837969781315729,0.011997501211448075,-0.2640895645033313,0.3950948588293185,-0.3246553526673941,0.24760197681488336,0.39370199536742206,0.3893975700847825,0.39509485882932005,-0.04897742720432715,-0.2631176414267135,-0.13634556194425157,-0.09807082297249749,0.049798240966525104,-0.08911213803386268,-0.03413408639566664,-0.20382713570055433,-0.06500110351830732,-0.04015776117191742,0.010277071343981991,-0.03413408639566675,-0.02266892209318806,0.2614206509775492,0.05533315283443619,0.14957869624785466,-0.07583745394066431,0.13526682870898882,0.04104729483864252,0.33448718560034385,0.15440938824838232,0.2027296253369729,-0.14610707152268854,0.1620870759350638,0.26300268900995244,0.36525668619626883,0.3403885020073195,0.1754505411423131,0.13359179785065733,0.15645514164625193,0.14343035953922778,0.3533873811619678,0.25782794832851225,0.25748543881730884,-0.08830153661871701,0.229692442742988,-0.1656306312523304,0.312747334171865,-0.030396898364161706,0.24350287694553324,-0.2352703061722899,0.22355476575793307,0.08867673988623051,0.3334432876097216,0.22070816993248865,0.21207368118179645,-0.09365394584971279,0.18835014284478474
acc_z_std,-0.008784754260474594,0.8256400673746048,0.7608797884323945,0.765502549052623,-0.7107516425883248,0.6219358833513774,-0.1694564166885077,0.8244055141048804,0.6389734883893349,0.7124307188908436,-0.6844494920825959,0.6389475751656242,0.1399745537474741,1.0,0.9383034580716756,0.9785694435839212,-0.8358680208417691,0.9174233147891693,-0.03349109208621524,0.47094954793807264,0.3907133548756101,0.4066018983352199,-0.4207864388275017,0.39116463492390585,0.2618692019834517,0.5108550249261667,0.5035513301865651,0.4589780338858877,-0.297772899306932,0.4408365951911305,0.24570396738428132,0.5554324693738047,0.5000587098936614,0.5194940663046378,-0.25844477696788093,0.48979491444776446,-0.01776997966315263,0.3464033717106322,0.13495636383231951,-0.015550661304266558,-0.13281972792872598,-0.017769979663159557,0.054955452264856125,0.4430284460725085,0.21568795732697393,0.3522372184564364,-0.09682091557534808,0.32235927693734656,-0.35934575590947704,0.5091230472826038,-0.16556368598299687,-0.3584876459693441,-0.4590491432315039,-0.359345755909477,0.2248343408735253,0.4594746983925036,0.37549773408463155,-0.009808591595544678,0.05205097175647819,-0.03638638216643703,-0.2394740965034959,0.4075916709984498,-0.15679663947156292,-0.22751738726265708,-0.3023117481815273,-0.23947409650349516,0.10257325697249518,0.16170740127776365,0.19579467716634316,-0.2430966870957521,0.07031091427575223,-0.266194275355922,-0.013924510947406436,0.167888143610488,0.04922957847741518,-0.04454331127148608,-0.1424221107861386,-0.05391269439660509,-0.3772359041252432,0.17832406816465193,-0.25235655276875496,-0.22695146826241844,-0.4693048936078537,-0.23708128839418863,-0.21326357675541405,0.23599164752213297,-0.050637809901669065,-0.11242001646415317,-0.45866909946795315,-0.15775968184199465,0.1804118881569668,0.13396935775284952,0.29450052923231984,-0.08338794442090729,0.06732244438539385,-0.10209646129940102,-0.2235839894974511,0.07262337775995938,-0.14528170611322297,-0.2027040747644904,-0.27231865507772407,-0.22560691441246825
acc_z_max,0.1180119394420965,0.7245175515226252,0.8024378876788526,0.6069280673488985,-0.5382261894999574,0.42405248185361566,-0.06252051946122555,0.7035655984093159,0.6679734380833873,0.5005975407405727,-0.5022282893983674,0.41017688700367133,0.3780154799499618,0.9383034580716756,1.0,0.8762546702425273,-0.6339439295534336,0.752319809053922,-0.03473876924361631,0.33201268681024976,0.2630585727508977,0.25875572823515053,-0.32527938813617907,0.24177554857789468,0.17600780581986564,0.36353371145109703,0.3381203455398708,0.2887105378772353,-0.2644404627227472,0.27539324325858955,0.07369192342363934,0.3085257056068029,0.271022008370716,0.2829445860752247,-0.20925847560448127,0.26311138544749557,0.01888363242784258,0.17939329403212684,0.1034853177063811,0.02026376278006291,-0.04584478070526598,0.018883632427836774,0.12380201709529007,0.24047794665938405,0.22126403287472132,0.29896541136122123,0.03171049076180711,0.2853373522797803,-0.23781163680965398,0.3256466067367251,-0.1310200151377195,-0.2375757451706659,-0.3110017561794834,-0.2378116368096534,0.26196608025985624,0.24497649475256716,0.3457335039918368,-0.08267537214525024,0.16302102099354365,-0.09894570670242656,-0.21576524101641018,0.20638523363504563,-0.17085945250351317,-0.21068995054896025,-0.2452953374705647,-0.21576524101640981,0.10860429611930986,0.16163316663905836,0.1991343271164129,-0.18325891777592868,0.07785443743304647,-0.20379842932075337,-0.04189331667400199,0.15941286383747294,0.021904334052176552,0.037198641185794516,-0.17928048962881873,0.023702871106695753,-0.27117879247253407,0.19051915522542365,-0.1571307151616458,-0.18211573512810517,-0.35971925461403786,-0.19110333552972888,-0.17434067522237745,0.23051325439146644,-0.025898487390429457,-0.06753925307407263,-0.4247680608457502,-0.11213147791826038,0.1583177112872961,0.0998896433508741,0.2533797231163352,-0.0636227563467099,0.0705597657559176,-0.07735368437372604,-0.17455925185287935,0.06849771328026011,-0.10733065516445929,-0.15910222318330616,-0.23078000218634762,-0.17722196115918976
acc_z_rms,-0.07279362226819706,0.8429463867516976,0.7280628308141937,0.8062089908552856,-0.7469127693594044,0.6775568042060195,-0.23004545290295877,0.8285690344155657,0.5962578477373482,0.7754163755780134,-0.7164126726368818,0.7168183536749987,-0.007840167437477293,0.9785694435839212,0.8762546702425273,1.0,-0.8795062309737378,0.9680643647453052,-0.03500638707373737,0.5091397641428648,0.4178890561158336,0.443779765868523,-0.44411178117070144,0.42904874684829125,0.30800553465741903,0.5614017607050984,0.5696934074570971,0.5292553872072382,-0.29565622350728765,0.5097275152440418,0.28289382108950306,0.6235457056573414,0.553757082190833,0.5742153958851565,-0.28821261897541833,0.5419530520918161,-0.023659957812782434,0.3811336271833333,0.14771084164048565,-0.02134280753305058,-0.14540529035009556,-0.02365995781278892,0.06230901285616454,0.4764511867595476,0.2348372116947274,0.39970058391112456,-0.10380677207851005,0.36670216198409006,-0.4319987959128157,0.5807727354182005,-0.201025244759791,-0.43085021491094094,-0.534754386439114,-0.43199879591281526,0.23826050638059804,0.5040412524831689,0.4019115282471523,0.013740737939870674,0.046101329591618,-0.013525982834046912,-0.2507537002736092,0.4422188299206219,-0.1603970658821988,-0.23706354156088758,-0.31870720891695115,-0.2507537002736078,0.09128388555402088,0.148782282308437,0.17843609471916294,-0.2556734195723582,0.06224733124682078,-0.2778873769080033,0.0030057929273174717,0.16988667704654373,0.06448496725119643,-0.0776842749312656,-0.12025388448125159,-0.08529362767710275,-0.4060760739598846,0.16766210218215455,-0.28236617535250425,-0.2386217230932707,-0.49824562996096555,-0.24900873052234943,-0.22195497570302228,0.23545799242675405,-0.05794220652964176,-0.12363965296610618,-0.46128434846077065,-0.16809532752451858,0.17910760505529733,0.14060012777406264,0.2958417755614536,-0.08687991574933256,0.06509522409035375,-0.10668157399603696,-0.22932291162287316,0.07329734685842458,-0.1526673457949896,-0.20721418991062313,-0.27759087352961836,-0.23055177443597946
acc_z_min,0.1916759016954642,-0.757602535469014,-0.5608326406911129,-0.7769960827880695,0.7472945675781089,-0.7037488796771838,0.31477193860306857,-0.7740015123657127,-0.4610462265870668,-0.7990180106910622,0.7650433051524844,-0.7584635038319518,0.2710615116010333,-0.8358680208417691,-0.6339439295534336,-0.8795062309737378,1.0,-0.8963878544022719,0.061061967481941586,-0.5080847746214304,-0.41155234850587014,-0.46998529093927766,0.44135747359356886,-0.4615415633017432,-0.3650366157574883,-0.5243758671605139,-0.594175895200839,-0.540316124335633,0.19550511319984953,-0.5237137165924824,-0.3990706662994344,-0.6955412994307963,-0.6510532659089824,-0.6474386043365025,0.2224055620264111,-0.6136326918151398,0.07883196957100887,-0.4501905340826426,-0.11777837389197902,0.07628681873987715,0.2114975421905328,0.07883196957101576,0.02703432469092943,-0.5476713979920612,-0.16426335226430125,-0.3975563449326452,0.20385795807057988,-0.3570264886322931,0.48004056966344033,-0.625873051459358,0.22395779572773467,0.47856173923203077,0.5792637446942989,0.4800405696634416,-0.1295634337841395,-0.5722160799168458,-0.3146991724442386,-0.08080373494803433,0.07776698429695719,-0.050426121975115326,0.1901954065450365,-0.5108243955118837,0.09151061863460865,0.174348144552312,0.27344397512285085,0.19019540654503586,-0.08248401443805044,-0.10043095856498646,-0.1495669068689191,0.26967951709373933,-0.05817841967218832,0.289241189429816,0.023336232524833828,-0.06049549703503942,-0.009530560994584658,0.10506375956071637,0.07529389210089944,0.100559578654888,0.44553690798928147,-0.06277990430084807,0.3509054607187941,0.2661414286004212,0.4962498773856628,0.27175918790927545,0.2492980441059056,-0.12150583619670795,0.13094933293997651,0.19238112447301225,0.4002043373856369,0.22462102393854846,-0.21905227043092518,-0.06307046670613582,-0.29490742468969555,0.1411372881936224,-0.11717843115696636,0.15600784012319202,0.2455978191286157,0.00416101125061362,0.19648622974015983,0.2522218466400893,0.23598204403125914,0.27085016922860194
acc_z_abs_sum,-0.1486958459818246,0.8159645296856184,0.6070108742660615,0.8201728832679247,-0.796719901591425,0.7310541159469534,-0.2701656130533445,0.8170120764831308,0.49940321675708665,0.8350575319168676,-0.7680794442295225,0.7954677474868832,-0.17345021374191041,0.9174233147891693,0.752319809053922,0.9680643647453052,-0.8963878544022719,1.0,-0.042116864134656484,0.5460914485392999,0.4478345796803593,0.48814946161391354,-0.47196897738002125,0.47349843327584595,0.3117160652303617,0.6166509971486349,0.6195948376844922,0.5832033309000244,-0.312443405659549,0.5606089581303167,0.37616641498564884,0.7382883916553329,0.6658343437066107,0.686361767718937,-0.28876008320691804,0.6481687825995507,-0.06500513022814342,0.47719393416436845,0.1422336035951518,-0.06216553528542907,-0.21203518586880815,-0.0650051302281498,0.0033548874573369157,0.5668971509334907,0.1999816371457271,0.40563555659607026,-0.1871152222705095,0.3653692928360105,-0.4831842257577517,0.6544224944490702,-0.21179119024591286,-0.48171931925881156,-0.5914025880660566,-0.48318422575775105,0.1842060188780961,0.604255387416187,0.37783792065026767,0.08283310122652161,-0.04206645317091831,0.05135741385805528,-0.23347617045550453,0.5445212805885853,-0.12313725598110256,-0.21628942816701435,-0.31805938394767924,-0.23347617045550334,0.06806111593245207,0.14267117624035813,0.15062689067549326,-0.2636807487969612,0.040650665071311556,-0.2859952370387043,0.03178817453781369,0.17105253587564836,0.08927190286591272,-0.1310002223781141,-0.07812754013252886,-0.13624922816224008,-0.4294678136863285,0.15045149523627047,-0.30918373460068765,-0.23452173854558392,-0.5158254510285415,-0.2454360781631025,-0.2172545860932476,0.22625983398313995,-0.054276795826337626,-0.13043815997331346,-0.431072600777846,-0.17107514478074148,0.16237901744618183,0.16571570017916462,0.28505741555979663,-0.08083629098638313,0.04002514580489111,-0.10340231106794978,-0.2344960787432912,0.08225104538566169,-0.1523869043400089,-0.1998802625917666,-0.2798269875628219,-0.22485048637373584
gyro_x_mean,0.3334311573597564,0.0932964207486994,0.1331348368317274,0.08267683960321928,0.13707631203342838,0.13076017872554574,0.39985120990884815,0.10417449414160868,0.25091297394035156,0.07812311739402311,0.22946556762490355,0.07739269612415133,0.06142104514441478,-0.03349109208621524,-0.03473876924361631,-0.03500638707373737,0.061061967481941586,-0.042116864134656484,1.0,-0.10299227575597356,0.5826082078051884,-0.13226192243817997,0.6668064219700036,-0.12103528225373882,-0.022826099488503507,0.17568661332578514,0.09265144340810737,0.10288970606507813,-0.16156872335844152,0.09071367316003418,-0.19666905035473214,0.08505563587975169,-0.07576645713131827,0.07499778851882638,-0.3994047256019878,0.10204982492949917,-0.31642778498681784,0.17965885759036168,-0.2785403791573087,-0.3170147670787174,-0.2949205854998796,-0.31642778498681556,-0.34450103975109997,0.056047357538177515,-0.31633667068253407,0.025219176778721247,-0.2889787869149852,0.02133501365601801,0.0382369029128938,0.10043296439733064,0.09788893165020197,0.03863132147865703,-0.021997215453609147,0.03823690291289612,-0.30194942233883965,0.03306661890916593,-0.25122878352492,0.28152641963478536,-0.2587090964401324,0.287201728166306,0.06773174314808278,0.09914352600763059,0.06525422257409151,0.06925751105783912,0.031884308819614654,0.06773174314808306,-0.09959744661033358,0.15801689724614415,-0.0849070394635194,0.12557253919862843,-0.1474786146582568,0.11711091478382542,0.16101094931042226,0.0952440575322779,0.1752896451891313,-0.22168031477638653,0.15596692717509458,-0.22532989951265994,0.05749258124255368,0.08493286725037957,0.0894501259853202,0.07995518002310659,0.03662540700832677,0.07805512216768809,0.1044950998071475,0.10273287048340736,0.13041185348695916,0.004952261846535187,0.05410857151515938,-0.00829069601771461,-0.0726831493356083,0.12752343308284855,-0.03607188824318418,0.09795598499499908,-0.1165813913658449,0.08700130975111818,0.28679799060671296,0.06027182744551419,0.27845990784137087,-0.036284705528067174,0.2339673649350459,-0.05233016724443096
