,acc_x_mean,acc_x_std,acc_x_max,acc_x_rms,acc_x_min,acc_x_abs_sum,acc_y_mean,acc_y_std,acc_y_max,acc_y_rms,acc_y_min,acc_y_abs_sum,acc_z_mean,acc_z_std,acc_z_max,acc_z_rms,acc_z_min,acc_z_abs_sum,gyro_x_mean,gyro_x_std,gyro_x_max,gyro_x_rms,gyro_x_min,gyro_x_abs_sum,gyro_y_mean,gyro_y_std,gyro_y_max,gyro_y_rms,gyro_y_min,gyro_y_abs_sum,gyro_z_mean,gyro_z_std,gyro_z_max,gyro_z_rms,gyro_z_min,gyro_z_abs_sum,quat_w_mean,quat_w_std,quat_w_max,quat_w_rms,quat_w_min,quat_w_abs_sum,quat_x_mean,quat_x_std,quat_x_max,quat_x_rms,quat_x_min,quat_x_abs_sum,quat_y_mean,quat_y_std,quat_y_max,quat_y_rms,quat_y_min,quat_y_abs_sum,quat_z_mean,quat_z_std,quat_z_max,quat_z_rms,quat_z_min,quat_z_abs_sum,encoder_angle_mean,encoder_angle_std,encoder_angle_max,encoder_angle_rms,encoder_angle_min,encoder_angle_abs_sum,grf_x_mean,grf_x_std,grf_x_max,grf_x_rms,grf_x_min,grf_x_abs_sum,grf_y_mean,grf_y_std,grf_y_max,grf_y_rms,grf_y_min,grf_y_abs_sum,grf_z_mean,grf_z_std,grf_z_max,grf_z_rms,grf_z_min,grf_z_abs_sum,grt_x_mean,grt_x_std,grt_x_max,grt_x_rms,grt_x_min,grt_x_abs_sum,grt_y_mean,grt_y_std,grt_y_max,grt_y_rms,grt_y_min,grt_y_abs_sum,grt_z_mean,grt_z_std,grt_z_max,grt_z_rms,grt_z_min,grt_z_abs_sum
acc_x_mean,1.0,0.050777978605466685,0.5325940407136339,-0.006194098659507686,0.3120233940138171,-0.026992945226037696,0.906243325726695,0.06396006660111712,0.5228208193604654,0.04597156226105236,0.34571480862217036,0.03804510571776464,0.15305770993575205,0.07738660056679558,0.13446144108453315,0.030483844648148323,0.04982424346614115,-0.011119390701710818,-0.3623820248216237,-0.09697748501608155,-0.3498135349102165,0.007001863141492225,-0.2121657778223654,0.020870642448983266,0.0822981770416236,-0.20175136788621503,-0.06570324960704922,-0.1674298811987535,0.19778489838950924,-0.18892246015560196,0.5415109441960553,0.15919864362828112,0.3869874805823929,0.16924677763922452,0.4287090576120173,0.13536812895617492,-0.5828487804310462,0.1313601768263472,-0.4162705572251983,-0.5720357571118069,-0.634213822352815,-0.5828487804310476,0.2905290489787832,0.19578362894385593,0.3177917468607923,-0.2893373563431254,0.19654538590367698,-0.29052904897878373,0.5807127615190941,0.11201320019766298,0.6300353166014164,0.5905869615163554,0.412248745237242,0.5807127615190948,0.4419428463078566,-0.06549839825105519,0.4453204611850619,0.4430196367589699,0.342599607786565,0.4419428463078582,-0.10128746640485713,-0.1671303438733631,-0.13474475323593005,-0.11475613509356225,0.029597407773036547,-0.10128746640485686,0.06374921632179839,0.05992296847697422,0.1354857898948076,0.09044314608325023,0.05410292050395098,0.08801421864272566,-0.03625540511561905,-0.16301856727834207,-0.10150584705922262,-0.09354099959881929,0.06582514392088772,-0.08392444791787447,-0.04063413445488058,-0.0752604144177644,-0.06355137208700383,-0.04029681938425084,-0.01701019584538384,-0.03324840529000762,-0.04644662248486429,-0.17941380727447284,-0.11354727970544203,-0.09231556299920768,0.052690060714823836,-0.07965998148965092,0.06382306819164127,-0.13601456593387762,0.02380093862674634,-0.08959351755246674,0.09878424796857216,-0.0769635948273814,-0.0315384152223884,-0.13093006976243265,-0.08513840541408053,-0.07665770325886795,0.07270550883143963,-0.06696361308909429
acc_x_std,0.050777978605466685,1.0,0.7686842837292036,0.9276372392539864,-0.8564396415322661,0.8510764670743466,0.0725853082390334,0.9058727571532195,0.6607513849968438,0.8041251042592698,-0.7720433501326733,0.7118429714947692,0.25985233979425326,0.6997560782138168,0.6847471861635624,0.6789799971603604,-0.4390041985848199,0.6829500570004752,-0.12420413025311705,0.411756105564204,0.2154509098216817,0.3417838087034736,-0.3907807015826555,0.32995466924423955,0.004430932294355135,0.33991192369056306,0.22667734942957485,0.27160190948519874,-0.2940299361975691,0.25754422640931424,-0.002057164178548719,0.4175617973164449,0.2726417143219965,0.33526195019197635,-0.47157887799930376,0.3088841421115047,-0.10135890512227687,0.2542124467291131,0.002257021736074436,-0.0965743454125345,-0.22751765540124225,-0.10135890512227733,0.1786322785323634,0.2931816059857616,0.27578398397633286,-0.17776966581728282,0.04782871475714669,-0.1786322785323638,0.07680035723366188,0.26442381333946,0.2205896854681581,0.08569383251517272,-0.03146463284397672,0.07680035723366188,0.01651965413801312,0.24650374640628953,0.14149005368550563,0.018033611345625023,-0.08216433620131056,0.016519654138015493,0.1594495155129973,0.2516977482027488,0.23694178959462214,0.18745738548961954,0.03640489889784734,0.15944951551299733,0.27518026999931355,0.37652034332856227,0.511640621389788,0.11129047759842266,0.0952456274587884,0.07429731104808628,-0.2694010490382116,0.05426115995775782,-0.16165758266554928,-0.08076324176537356,-0.39568022725826096,-0.09146256847527787,-0.2515011688015804,0.28187805194875776,-0.09120998899207526,-0.2261989336141258,-0.3734249051642651,-0.2536584629393019,-0.34804091104576695,0.09013418031066779,-0.19732130785912144,-0.2803134803529742,-0.5135418745698836,-0.3163239451878901,0.3268680745056216,0.13583903791202376,0.4410905202700336,-0.28047639401338464,0.16668317047091563,-0.3162207698604279,-0.2742865054950843,0.01931825510486483,-0.17504230254776,-0.21455808191738598,-0.3761223546537456,-0.23850130823121324
acc_x_max,0.5325940407136339,0.7686842837292036,1.0,0.7155576578358807,-0.3945762402975624,0.6304243066248236,0.5118765322481702,0.7335959247247656,0.9048236362486041,0.6618519295651052,-0.30212448541773596,0.5599566018260584,0.2800986968922206,0.5337424591994756,0.5528746797204818,0.5156768172483451,-0.23296621711980334,0.5246327866085444,-0.28300488702141574,0.33139084587545814,0.027614573270044608,0.34051956221877083,-0.45223155020562134,0.3385392428401829,0.044174954405052966,0.20275612319705325,0.16718681613631015,0.15952756257677841,-0.17052492176470999,0.13651817335512448,0.25366145884042446,0.41436352844473506,0.39193874868129,0.3565463160888529,-0.19224375730361612,0.3187279271975514,-0.27197013413522586,0.2778218809190377,-0.10993356605061651,-0.26285263247408075,-0.38922735379259576,-0.271970134135227,0.2961670401222888,0.3285577092765623,0.3875426275904175,-0.2948343270123038,0.14603066289810032,-0.2961670401222879,0.2606653249070358,0.2593081153125469,0.38586720862995366,0.27053678227774475,0.10191495306259897,0.26066532490703614,0.1986673270035782,0.20200960208386554,0.3070036903771532,0.20053746942227846,0.05676378957535822,0.19866732700357514,0.04161439013504145,0.11781098957970103,0.10329246543364626,0.06032386995587932,0.0010837671144423053,0.04161439013504144,0.2592400100021674,0.25225192487685316,0.42356624663596726,0.12559627552116195,0.12160225115791572,0.10534774305507405,-0.22779788249291885,-0.03589889390188146,-0.17599732887861444,-0.08264194860791503,-0.2732307243967015,-0.08531013186948297,-0.2676502642974831,0.14491339228901523,-0.16333722984114313,-0.2425682167104746,-0.33805627770161123,-0.2607841333808177,-0.285864586487609,-0.010281271538841386,-0.1991488379515658,-0.2520054282300926,-0.3742407874507593,-0.27599576549681326,0.27272002778842813,0.047450174604412206,0.3423252079642873,-0.2444245455428922,0.16319056506920343,-0.26741061306472663,-0.24529005468998294,-0.05233735219750984,-0.18602171661307418,-0.21203519259448925,-0.2692412637870125,-0.22878218045223425
acc_x_rms,-0.006194098659507686,0.9276372392539864,0.7155576578358807,1.0,-0.7793832153644721,0.9752722950338722,0.05428542058131149,0.85425647985919,0.6272834550244789,0.9031905994067843,-0.6957561982772118,0.8584396358406443,0.04366514006076726,0.6399230652391074,0.5687820127478338,0.6734682303903489,-0.4381558338440383,0.7430801663855836,-0.1345474246613045,0.5224473859840897,0.2814193934986787,0.4760732085642656,-0.46637299106801755,0.46275088480987564,0.047762630842658645,0.46384459795643573,0.347823227481261,0.38374048191434956,-0.3394698248261365,0.3689873701188407,0.04522339931186835,0.5673187538793087,0.39526599085671665,0.5054182886366425,-0.5526822450127616,0.4766168597637735,0.01574697306184524,0.3989697445640825,0.16525578448649103,0.024035660802724238,-0.1529322731210397,0.015746973061845325,0.19193889111810905,0.43173127399157696,0.3255581599901074,-0.19017169666088485,-0.019021467496780662,-0.19193889111811047,-0.016059093651758713,0.399758071336309,0.17002593592636372,-0.004221355575921536,-0.1751805337965338,-0.016059093651758723,-0.10387940310404624,0.4076956064318445,0.06884683792434558,-0.10146117993273258,-0.24839608545370756,-0.10387940310404428,0.2824684431164975,0.466822964546604,0.4339040235886623,0.3341877097998432,0.05763729007057158,0.28246844311649805,0.3192639781489313,0.2596131284061445,0.4890412168735532,0.03523278958297011,0.17847230080192747,0.010077975485840033,-0.3423713909434902,0.02914832254053181,-0.2211049297328282,-0.09472567885096417,-0.46587675873499984,-0.10288128336681938,-0.41740072045603305,0.1765425170872622,-0.26617387416631494,-0.37822513420886505,-0.5101770994306726,-0.4034468350598106,-0.4434387538562309,0.0639311211802417,-0.2757320994279783,-0.3675378039980242,-0.6040463419427972,-0.4069903252918474,0.4125116505157728,0.10904336819525555,0.5180364896814469,-0.3586341581451314,0.24145112533270335,-0.39821951861443333,-0.36655170855940444,-0.03369198977907496,-0.2615333551533873,-0.30077360653226487,-0.4505100310742119,-0.32687596299461696
acc_x_min,0.3120233940138171,-0.8564396415322661,-0.3945762402975624,-0.7793832153644721,1.0,-0.7086632866580438,0.26249199847573607,-0.7575769732572605,-0.3026837101950979,-0.6383520701570593,0.9110879225419839,-0.562905455642033,-0.19240868539267517,-0.6094999130508948,-0.6059387953247607,-0.5755267974872972,0.4410458449365278,-0.5542215587696984,-0.036651766759509825,-0.29130552296054024,-0.25011327384490034,-0.18731617701255127,0.1988765830274172,-0.17549404991547365,0.03311414561000278,-0.29338872051431636,-0.16486109985028385,-0.22248193290920357,0.27310651678776177,-0.2222363390828479,0.22439073681142102,-0.21093284624301914,-0.03502957179040089,-0.1466685160951414,0.48941926061949714,-0.14184699109370105,0.009247711696710214,-0.0990602496398103,-0.007927470527488788,0.010452010134471772,0.08175791545796793,0.009247711696710305,-0.11636339781771587,-0.14312595179818,-0.16646265054445253,0.11639636028966474,-0.056629066055521295,0.11636339781771628,0.02424737970665962,-0.1260507489676164,-0.0653182521715903,0.02040046148441822,0.0471851568895565,0.02424737970665999,0.03268889253409595,-0.1457235604684186,-0.05086448800868163,0.031985463613536984,0.06514170906278573,0.03268889253409007,-0.1377718904719298,-0.21248225118964614,-0.1908426428124639,-0.15987679899056256,-0.015850635515266692,-0.13777189047192961,-0.21349539252447836,-0.2995703795879716,-0.4170682252819103,-0.07996057050098544,-0.07603755593165816,-0.04405453087416706,0.21255660826644132,-0.0751290661862433,0.11428523156690884,0.05315982387708545,0.3501561029842589,0.06297336939770588,0.1352417846509151,-0.2747555681150237,-0.0042956529092343584,0.12599770667409832,0.2453737539898903,0.14887334049194953,0.26080948767227796,-0.10998862157648878,0.1293385953458856,0.19418863894843527,0.42452236781119235,0.2217343933641893,-0.23815172382157407,-0.12621496049800002,-0.33311008115527224,0.19845853299041208,-0.10759956906519194,0.22671411282472806,0.2068761482740126,-0.039848130950516356,0.1241903466791396,0.1466955238104915,0.32391431070910104,0.1631030131502007
acc_x_abs_sum,-0.026992945226037696,0.8510764670743466,0.6304243066248236,0.9752722950338722,-0.7086632866580438,1.0,0.04889579708785309,0.7850059702241802,0.5513243210694092,0.8891892882386857,-0.6399736722433094,0.883215604940956,-0.08580589926090948,0.5820942371488165,0.48599077036812627,0.6354386333408992,-0.4270521958540248,0.7324180783741411,-0.12366853332959134,0.5474586654746039,0.30352757851791623,0.507524197465493,-0.4686602591283391,0.49393682473555506,0.10345276193466359,0.4763341110582583,0.3979606417128738,0.39894081954059996,-0.2909277300907,0.3851124271926118,0.08589190655761265,0.5990337294796252,0.4438997184202404,0.5472988964329396,-0.5281056940617312,0.5190026063184114,0.05483833270864803,0.4374941561875603,0.21168217049548704,0.0642486933229463,-0.12722101491709137,0.05483833270864803,0.19209192139916426,0.46865672862512386,0.3344249930019805,-0.19003026685749802,-0.04160103727875998,-0.1920919213991658,-0.03700351459739374,0.4335597655861166,0.1603130579186147,-0.024159345015502903,-0.20677504723295229,-0.03700351459739394,-0.15696160845690788,0.4558561886402593,0.03129520153191108,-0.1542583726501178,-0.30833018018071007,-0.15696160845690624,0.3420504098899017,0.534968972394619,0.5066567735637648,0.398576835263945,0.0887775322876709,0.34205040988990104,0.3199559057885083,0.21593463169279084,0.4683554045902752,0.0031427141975836704,0.2044167723142066,-0.018579549867950542,-0.36471352004427826,-0.019860500860270733,-0.25679201976829863,-0.11577221143427754,-0.462300442862686,-0.11940497290628516,-0.4512704102202458,0.10715916723490619,-0.3203556770726839,-0.410936842695992,-0.5234920688412196,-0.4312173295473768,-0.47292211223410996,0.009434036421653493,-0.32012899141176393,-0.40388541773938397,-0.6029643810516357,-0.43762429261412916,0.4386644788620716,0.061173032893849254,0.523568726597988,-0.3885124473872542,0.28087036764813644,-0.42408791029301623,-0.38453614703254707,-0.07947372812834738,-0.2973137829281014,-0.3271607951811879,-0.44473628972234247,-0.3483374174448313
acc_y_mean,0.906243325726695,0.0725853082390334,0.5118765322481702,0.05428542058131149,0.26249199847573607,0.04889579708785309,1.0,0.06885462520059853,0.563262086800072,0.10316028953476994,0.35770235081664364,0.11294876562723011,0.0262427955099594,0.10858557071484778,0.12578842048175473,0.07821817765557194,-0.02730680329983501,0.06021410082784565,-0.4142072271822883,0.0056388026952601455,-0.3280079758387649,0.1384794992222958,-0.31056296645105663,0.15101827512853547,0.20950249733832604,-0.21114250817548463,0.03526294460445796,-0.14300229717919113,0.32518550027827015,-0.16903104642642225,0.6353154374532122,0.22877695323648664,0.48659275608379055,0.26952911753261877,0.45025301724684486,0.2375542284330718,-0.5549527529007852,0.24611437087424404,-0.35513299231458323,-0.5389788493226684,-0.6576253183574725,-0.5549527529007855,0.2705679250309976,0.27394753251720605,0.33984683065945637,-0.2686170796447911,0.14939538149077797,-0.2705679250309977,0.5958769530889759,0.18897243084701454,0.6774655368146509,0.6102726734705648,0.39155905473434066,0.5958769530889759,0.35155092453406833,0.03337397702528103,0.40304084006299484,0.35340302298845355,0.2409175999486042,0.3515509245340701,-0.012606821738083147,-0.06767379553884441,-0.027876777645899582,-0.019551384373425705,0.07606365274346882,-0.012606821738083205,0.14815149474389128,-0.05447557201253343,0.1652353716488792,0.026869234282304373,0.16809584651230486,0.032221967001047284,-0.14891901073816013,-0.29597712651810815,-0.23599681396322256,-0.2075757293081353,0.013233379778773409,-0.18987456540200937,-0.14692721858000715,-0.2080464325728461,-0.20024106740390854,-0.15028090843423023,-0.08322381284386036,-0.13460510306152698,-0.1718021528151947,-0.32646411030807737,-0.26726781581180414,-0.23448321284435353,-0.01202782358421754,-0.21261616312268639,0.1899687480308533,-0.2825306768263114,0.10063281365404653,-0.22434023659451244,0.2526454109609614,-0.20146630488126163,-0.14602832465461302,-0.28377821674615045,-0.23386307990779376,-0.21538353189570128,0.04208156055981406,-0.19461461385371034
acc_y_std,0.06396006660111712,0.9058727571532195,0.7335959247247656,0.85425647985919,-0.7575769732572605,0.7850059702241802,0.06885462520059853,1.0,0.7456907703079677,0.8816841253213284,-0.7959796655392839,0.7657619907044693,0.22617943169667262,0.6328635149054999,0.6110071731657744,0.6073883203806768,-0.41151851161293185,0.6026030182339491,-0.21754404847227168,0.4186098773984618,0.14168395988315755,0.3689589061178969,-0.4734634980492768,0.3556843443727471,0.16493708252796777,0.44985615834713727,0.38494480453470653,0.43185021017424113,-0.2813684938059333,0.4242335314122579,0.07289348386669278,0.5157386653607235,0.3759332131061642,0.4272633334498005,-0.5000863894896277,0.4040368576010485,-0.026500145856335998,0.32025989689740547,0.08364326402514706,-0.020955821254255172,-0.1886594460725708,-0.026500145856336282,0.1660732452733262,0.3671449049455849,0.3094822886507982,-0.16485834375482217,0.011141083893400216,-0.16607324527332626,-0.00954890133057616,0.37333998271613456,0.19563672228725595,0.0043511269886448364,-0.13548554033854554,-0.009548901330576134,-0.017497906634102937,0.31591343231936064,0.14290399750915295,-0.015204602411498978,-0.12924327969549407,-0.017497906634100245,0.2836964216557434,0.3154681423779551,0.3364485104108517,0.3057377685440058,0.13164395529627623,0.283696421655743,0.2795996599383701,0.27863759453356407,0.45042732289210685,0.04632933241275098,0.1254882503772349,0.02124083859586,-0.29656464423948253,0.01138467859813328,-0.19717347398590016,-0.08778947491716703,-0.41558359245028953,-0.09434717441100512,-0.29594488069224284,0.19114914847352613,-0.15789653361682118,-0.2725973467393778,-0.38167985479655225,-0.29338117257502,-0.3541634065332248,0.05762957579272155,-0.21182387176606174,-0.2874108948946047,-0.5150338641367772,-0.3188810156956385,0.33211652819089227,0.09537899702928217,0.4258354847221108,-0.2870147740487433,0.18504322903344653,-0.318879179763677,-0.2971042373748316,-0.008317674891747099,-0.20420976545943545,-0.23484362404176684,-0.398725082343412,-0.25735242785760865
acc_y_max,0.5228208193604654,0.6607513849968438,0.9048236362486041,0.6272834550244789,-0.3026837101950979,0.5513243210694092,0.563262086800072,0.7456907703079677,1.0,0.6761154710029682,-0.25385783266050316,0.5537425232451889,0.2318250312781977,0.5435538959829603,0.5325043561749583,0.5184732015385237,-0.3584546136740806,0.5005449320826794,-0.3661557018941017,0.3270656060841146,-0.047241848321775526,0.3553150724353343,-0.518972389322426,0.35112312352720465,0.17242309312926693,0.20471202376170378,0.24645139509927122,0.19716346351090247,-0.0895533876490837,0.17774673731523127,0.34099665018801834,0.4812406258924171,0.4893686328186608,0.41318561032336526,-0.16485440858662365,0.3769725391717508,-0.2223625680483229,0.3130592094037322,-0.05630166352045523,-0.21222116576741165,-0.3562349744496371,-0.22236256804832338,0.20102727553797847,0.3580084070835415,0.32954596713974604,-0.19944068050322747,0.04523988102739267,-0.20102727553797808,0.22203355020047602,0.3132837624153099,0.3753432554988439,0.2345181062497044,0.0498012315249444,0.22203355020047652,0.13270316165551452,0.23380307561776073,0.2497797364209106,0.13477120806801496,-0.004813722189380597,0.13270316165551257,0.14737021052424795,0.17256247668574812,0.19466916138091744,0.16276194277842027,0.10029078182903162,0.14737021052424784,0.24479131232540077,0.13914145105666453,0.3349502565071048,0.012323665790428073,0.13901280823642595,0.005450621211158424,-0.2800163026717916,-0.1090403659314758,-0.24312660414088727,-0.13010055184972105,-0.3040163535738718,-0.127352612289161,-0.3172111091847782,0.049550600381817855,-0.23681202912251603,-0.2993166244640682,-0.35632984415903657,-0.30988494633513347,-0.33063420830240114,-0.09181115023785562,-0.2660550492761758,-0.306403123227292,-0.399419121942218,-0.3231887020472995,0.3183495997291246,-0.04682272333895095,0.35673994985525065,-0.2979566882847075,0.23893343267208608,-0.31228379267368456,-0.28626097208982354,-0.11923934651006843,-0.24692753317372837,-0.26698935295928244,-0.27866864176360967,-0.27841162449087625
acc_y_rms,0.04597156226105236,0.8041251042592698,0.6618519295651052,0.9031905994067843,-0.6383520701570593,0.8891892882386857,0.10316028953476994,0.8816841253213284,0.6761154710029682,1.0,-0.6468269670336119,0.9678648025115858,-0.0010248951354175472,0.537593715304358,0.45016116601192385,0.5584382447976594,-0.3932550187931724,0.6230684003010518,-0.30270643207445613,0.5312088088918065,0.15653132146648802,0.5358050013601573,-0.5991319851213193,0.526612647393102,0.16909950462053389,0.6529522232127243,0.5509970423232399,0.5854945326326495,-0.390745512561549,0.565534716972519,0.17741530908972517,0.7100262288582767,0.5498001163672755,0.6784030606687288,-0.5661394444008793,0.6523321571648858,0.05399001580890382,0.5553713563606828,0.25573475432580817,0.06784482859972256,-0.18025884271646406,0.05399001580890349,0.20962262202019885,0.5997667086209393,0.4148855521424989,-0.20666975700453502,-0.07133769718599549,-0.20962262202020004,-0.07660550894638733,0.5738519868376185,0.18913437360098434,-0.056546982676489124,-0.2940899382117743,-0.0766055089463877,-0.10964209838931124,0.5418564293316372,0.11944206907129891,-0.10544187318621816,-0.30549495385194275,-0.10964209838930755,0.4075791844499859,0.5945207301193938,0.57271904870372,0.46597887320257747,0.12038393861992054,0.4075791844499855,0.29869128458457767,0.1471400737528775,0.40104266848243725,-0.025141362590179725,0.19708390384665087,-0.03779877015648797,-0.3261041895666,0.023101856772531133,-0.21044796300318322,-0.05862445248279286,-0.45501941087162256,-0.06300612541791967,-0.44949132757903404,0.08325469589515491,-0.32489073609097874,-0.4079278551521171,-0.5070408604240391,-0.4266413658421482,-0.40708907899415797,0.06897745099039873,-0.24451963379302302,-0.329809343702395,-0.5760829086894086,-0.3652064532994799,0.37490015515837266,0.09973936366474233,0.46674970490904305,-0.32170808744679985,0.21455666935563442,-0.35863403599596766,-0.3537404170135292,-0.0293196028389642,-0.2529670301571131,-0.28213483652854776,-0.45461154643661483,-0.30671347965784623
acc_y_min,0.34571480862217036,-0.7720433501326733,-0.30212448541773596,-0.6957561982772118,0.9110879225419839,-0.6399736722433094,0.35770235081664364,-0.7959796655392839,-0.25385783266050316,-0.6468269670336119,1.0,-0.5541787441136723,-0.19248099885695372,-0.5211216360459549,-0.5156097898108714,-0.48651246021406686,0.3793196932969666,-0.4588892349674371,-0.053008043376963,-0.28573213682858034,-0.2680818807755908,-0.1753393051514526,0.1762343778568917,-0.16058704142466732,0.00725647550659504,-0.3302712373534034,-0.1898954016015461,-0.2903913376001068,0.29760643093111194,-0.2944946622155162,0.2493094286756757,-0.21483376546607738,-0.027773808913129996,-0.13940868650180996,0.5147242560357131,-0.1370484309648572,-0.048955207914936634,-0.08666916540124035,-0.04753465366911814,-0.046049345950435756,0.02252206949290598,-0.048955207914936516,-0.0790355804298575,-0.13238879706206313,-0.13570702197753604,0.07919215998569457,-0.028489891012759068,0.07903558042985832,0.1027345529601709,-0.14328987306033572,-0.000980768583440738,0.09843227058158481,0.11039304153439926,0.10273455296017152,0.04486486033615519,-0.13388637363435255,-0.033139029475742314,0.04421024591361995,0.0680515091816877,0.044864860336148366,-0.16022968865290144,-0.20009559145319453,-0.19432151675616122,-0.17623552969934772,-0.04119950408673047,-0.16022968865290163,-0.17671695801615142,-0.31122870121100593,-0.37622809500071225,-0.06890473246597655,-0.03950632239268584,-0.034404048840483765,0.17351367639622964,-0.09028030006739088,0.07696273482335,0.022979224040630946,0.31555327742923245,0.03274875734583981,0.09420483321591441,-0.2668196832278413,-0.03767396961005314,0.08707437737640888,0.19591687413760095,0.10744609420657417,0.20430822981802366,-0.14485768372694532,0.06930861619651703,0.1381466629294075,0.37387785307220717,0.16534338245231647,-0.18824351739157905,-0.15509450806600364,-0.28940840134172985,0.1484775107735302,-0.061184279931681365,0.17717694409054024,0.15461449380916958,-0.08685834596487871,0.06802786291692442,0.09244322052530349,0.30276495802777875,0.11077404454093799
acc_y_abs_sum,0.03804510571776464,0.7118429714947692,0.5599566018260584,0.8584396358406443,-0.562905455642033,0.883215604940956,0.11294876562723011,0.7657619907044693,0.5537425232451889,0.9678648025115858,-0.5541787441136723,1.0,-0.11732774512758115,0.47291682236285665,0.36352049016677895,0.5083276348534804,-0.36496242091222786,0.5991537674120803,-0.3251883743221166,0.5483172404988749,0.15051264766849365,0.566032511114132,-0.6173117907848308,0.5593256036593308,0.1886989294648855,0.6916536587774571,0.6002090373419532,0.6230008588052,-0.38208751485164744,0.6004768759301032,0.216585576438964,0.7435582674666309,0.5942955971716427,0.7389925312283294,-0.5446837238820584,0.714295092055563,0.06709920145896123,0.6193561987415686,0.29110443435425876,0.08355229504946318,-0.19055663645668597,0.06709920145896126,0.23215607290583704,0.6622821894410637,0.45128938292661014,-0.22867335009865997,-0.08229188010359666,-0.23215607290583895,-0.08470123250245959,0.6300367073561765,0.2009000931710947,-0.06219102017864004,-0.3256280475217438,-0.08470123250245978,-0.13719440221198884,0.5954932569482314,0.11121338553041701,-0.1324722853986074,-0.34858062733476214,-0.1371944022119847,0.45794834690335706,0.6650162891206841,0.6416136513704485,0.5229720866196778,0.13688091269934738,0.4579483469033569,0.2949908637008089,0.08451471839380355,0.36869627487348383,-0.04176427847683175,0.22786244341449252,-0.04963612772120172,-0.32531043635276985,0.004723688666450432,-0.2179507655426886,-0.05311540204418637,-0.4401980147344428,-0.05439758065580528,-0.47982216729236155,0.020781430064212285,-0.37436318143837144,-0.4352474716954538,-0.5189247450491191,-0.4500789429861485,-0.4097681000409958,0.044410664527484954,-0.25877750745175043,-0.3369892930791382,-0.5557025946358328,-0.368224869151396,0.37527304294392316,0.07030965360747975,0.4488916869621358,-0.3251785692617045,0.22700441659017442,-0.3587537616115348,-0.35823207154427467,-0.053007675068783594,-0.26865669690000193,-0.29120432971585,-0.4440354682357762,-0.31214411826773725
acc_z_mean,0.15305770993575205,0.25985233979425326,0.2800986968922206,0.04366514006076726,-0.19240868539267517,-0.08580589926090948,0.0262427955099594,0.22617943169667262,0.2318250312781977,-0.0010248951354175472,-0.19248099885695372,-0.11732774512758115,1.0,0.446756903234915,0.5889299547733564,0.3114535819181432,-0.14965513984976642,0.1231497985089635,0.006210044299314634,-0.1637582220524321,-0.06325202135115356,-0.19981070705874024,0.10707227640671828,-0.2040664207050911,-0.3163943513933153,-0.036320536625966515,-0.2353004492056396,-0.0694695718337964,-0.24792790230114412,-0.07856267109765311,-0.24579669784619165,-0.20144538376353513,-0.28211669756892366,-0.20379590556696475,-0.08305437876995182,-0.2167974118203402,-0.24430644175329702,-0.1789769137424695,-0.25925164344872603,-0.24767079901867464,-0.16155551189992892,-0.24430644175329727,0.010058017302412459,-0.12294703294173033,-0.0403514737979609,-0.010882173353268267,0.07906915838522192,-0.010058017302412186,0.16877994278871342,-0.15529475430408102,0.09355322782998267,0.16405652907706275,0.1977867246652991,0.16877994278871367,0.3199440714131249,-0.20567428049163675,0.22970423880272997,0.3193114882181011,0.3129182722479181,0.31994407141312486,-0.3978639668404653,-0.30010486462406283,-0.3903017417170627,-0.3989447788484808,-0.2917046809501782,-0.39786396684046393,-0.09839952402658364,0.43952380666961105,0.10886763650338525,0.16778179337703736,-0.2818700647279539,0.13747354523440047,0.16839278567037733,0.3400761772958991,0.27329995164129495,0.15703102625647958,0.01221931242187926,0.12616321614951523,0.24707402848002197,0.5566187279990102,0.41517446015166504,0.24145654219693738,0.07117642225768875,0.20300749559516762,0.19320494932753074,0.3689626306368716,0.3122555094676418,0.2400614605660462,0.017974245404081605,0.20261047423021425,-0.1914242482813632,0.39837710613018257,-0.046787008017795076,0.22366531144176538,-0.3192099177571763,0.1867904074312128,0.16936091242046564,0.3605307417548931,0.30431664303845063,0.22805776706550998,-0.001527048666917251,0.18995403091682775
acc_z_std,0.07738660056679558,0.6997560782138168,0.5337424591994756,0.6399230652391074,-0.6094999130508948,0.5820942371488165,0.10858557071484778,0.6328635149054999,0.5435538959829603,0.537593715304358,-0.5211216360459549,0.47291682236285665,0.446756903234915,1.0,0.9590836356275411,0.9650436420210019,-0.8242054672965514,0.8636748742007037,-0.06937127739833487,0.34750630699809204,0.23639737233792393,0.28241977231405246,-0.29452787669375685,0.2684204665447882,-0.05983260723244002,0.19912747827310875,0.09356521098142065,0.11486904136168971,-0.23572965708438107,0.09891889256042763,-0.0712318437951843,0.2178432624914362,0.1273731540049552,0.16802077186120484,-0.29656899658433106,0.1479982662873266,-0.15012695589255862,0.11704525877964457,-0.08256007545149528,-0.1480313338121199,-0.21028378233984885,-0.15012695589255828,0.10316361056264214,0.17309423425308038,0.15759906658383105,-0.10281488068265597,0.02793241499221025,-0.10316361056264274,0.14042426104342043,0.11150142598676684,0.20992000515893344,0.14381028033020365,0.07726722266283334,0.14042426104342023,0.05610159548300046,0.11213181384057316,0.10904177844626628,0.05658693057025084,-0.007359527866979841,0.05610159548300211,0.15797240332728585,0.10690280755510137,0.16646917604748146,0.162677227354761,0.1673840948973413,0.15797240332728552,0.22875674632916598,0.26885627094836756,0.3732503714395669,0.02475300425351738,0.08057883636533791,0.008294379733231588,-0.28942130422430984,-0.014409788859203238,-0.20983402494786024,-0.08513459735146524,-0.37869877346184483,-0.08900671748697932,-0.2842095373757987,0.2894594111361925,-0.12308006885506136,-0.26364239076305906,-0.4135294292914573,-0.2906481863846844,-0.35943664593047414,-0.003181832425216307,-0.24890093014929796,-0.307444794039705,-0.47317328490642097,-0.33361091617909017,0.3353317129605078,0.03985506935296103,0.4045151812008125,-0.2994103557073452,0.2192516714164988,-0.32442387173920073,-0.27965940732094874,-0.021764965194666173,-0.19076005780242644,-0.23902090151877178,-0.3228445607012814,-0.2618183117920885
acc_z_max,0.13446144108453315,0.6847471861635624,0.5528746797204818,0.5687820127478338,-0.6059387953247607,0.48599077036812627,0.12578842048175473,0.6110071731657744,0.5325043561749583,0.45016116601192385,-0.5156097898108714,0.36352049016677895,0.5889299547733564,0.9590836356275411,1.0,0.8963112642255757,-0.7042192699974615,0.7526016100285444,-0.04400497261428105,0.21009287286302944,0.15386187233336004,0.1375852748001966,-0.19834596318241174,0.12616629561558154,-0.11948531927882054,0.11121937481206066,-0.012764402470693098,0.030644278195294864,-0.22440066345315512,0.017391580680986646,-0.12515172682502088,0.10503567109532565,0.02768495162849152,0.04094567726521308,-0.23714678079350154,0.019635851641724326,-0.2450311062745102,-0.002337442913025022,-0.20748619081889264,-0.24543286941451892,-0.25861443710600374,-0.2450311062745096,0.13464729002808934,0.07273571674261034,0.14563027950701288,-0.13485222322319737,0.1079418740223159,-0.13464729002809006,0.21182432551127697,0.006843124710958368,0.23595107735336673,0.21240689373115462,0.1792980206296122,0.21182432551127686,0.17316288363277452,-0.013382533366036845,0.18206238200487837,0.17314668638232283,0.13605115754487332,0.1731628836327765,0.009326986863537145,-0.021490777997724073,0.004060009423061915,0.00844577507093599,0.05458220785186854,0.009326986863537104,0.16287633041246985,0.3464560583525067,0.35624497559121404,0.07757493679657247,-0.0043724560344840895,0.052804523598705966,-0.19764483179708228,0.03165001981595106,-0.12736652595084955,-0.04743155323372638,-0.2935374122715555,-0.05471373588287773,-0.14663069743910068,0.36661072998238303,0.021823707155804756,-0.13674421806410983,-0.2914039253808737,-0.16571024911644652,-0.24649715722702495,0.04549395678316923,-0.14737072720526542,-0.19955452422564662,-0.3673822235908933,-0.2241170430284165,0.22516620861253167,0.09210325825308169,0.3042194415464151,-0.19434460145454396,0.11324712561844975,-0.2183456692092639,-0.1811889572813165,0.04120078168163603,-0.09615741940856624,-0.14039615050192852,-0.24542754028407243,-0.16307602100411603
acc_z_rms,0.030483844648148323,0.6789799971603604,0.5156768172483451,0.6734682303903489,-0.5755267974872972,0.6354386333408992,0.07821817765557194,0.6073883203806768,0.5184732015385237,0.5584382447976594,-0.48651246021406686,0.5083276348534804,0.3114535819181432,0.9650436420210019,0.8963112642255757,1.0,-0.809860266890419,0.9529918001083344,-0.036591730253677866,0.44528293200432384,0.3259869358594083,0.37153556656517045,-0.3269840562553577,0.35393918993786266,-0.05122118965953572,0.22623190671184107,0.11755993434392915,0.15320245216188516,-0.2518763663045991,0.13895990516193002,-0.0740844219673118,0.2664370715895953,0.1610784113024771,0.21231775403801526,-0.3442131298020588,0.19192174726301897,-0.04615081379409903,0.15659754391366743,0.019074585898394652,-0.04427258528331406,-0.12090281602252924,-0.04615081379409847,0.07107625491123803,0.18247446834574862,0.13236548352044564,-0.07071207317807499,-0.01025729177224895,-0.07107625491123834,0.05277258767667888,0.15095873696249257,0.13557387132918924,0.0556258202709095,-0.012086022263590035,0.0527725876766788,-0.05361121707152609,0.15356882918260983,0.012279086140565033,-0.05331831177875192,-0.10637948934314788,-0.05361121707152632,0.24121975497394374,0.15944888124527293,0.24391945658504552,0.2440665364831938,0.23750458623587392,0.24121975497394324,0.26715743093850697,0.20995891605197536,0.3731368372457547,-0.007668949071201521,0.13345958556856544,-0.01700561207162583,-0.3341967933908663,-0.03430843811632224,-0.24899471565790482,-0.09387988170587307,-0.41514189741857754,-0.09627318168406737,-0.39017222742791263,0.23087907154494527,-0.2321772429126258,-0.35808928903897846,-0.5050604585318587,-0.38461775385935537,-0.4216175956098737,-0.026332236948873898,-0.3043156041185972,-0.36717866330034227,-0.5264796913622474,-0.39676989030856,0.39491540008631626,0.01634959690659084,0.45822300713190967,-0.35395610239288666,0.27456324413162364,-0.38087007246648025,-0.3340972097717653,-0.05813816288539613,-0.2438559183551888,-0.29570032601640034,-0.35772426581611777,-0.3207070359174929
acc_z_min,0.04982424346614115,-0.4390041985848199,-0.23296621711980334,-0.4381558338440383,0.4410458449365278,-0.4270521958540248,-0.02730680329983501,-0.41151851161293185,-0.3584546136740806,-0.3932550187931724,0.3793196932969666,-0.36496242091222786,-0.14965513984976642,-0.8242054672965514,-0.7042192699974615,-0.809860266890419,1.0,-0.7097614635882149,0.05423112625453242,-0.27105429733841757,-0.19175143234546363,-0.2147271807474529,0.22549972434322663,-0.2019382186979892,-0.06228331730415994,-0.1469264730633372,-0.1408421370126206,-0.08079682586902212,0.08091302600122678,-0.07094593349366213,-0.007334490673646816,-0.21701746579879028,-0.17892689338038784,-0.17414039879678936,0.1899271316246792,-0.1668712299411615,0.051940400009275606,-0.1200660274941334,0.004072074432063383,0.049392733602522575,0.11408616824317806,0.05194040000927531,0.02038653511927583,-0.16959867116441965,-0.049321209060673374,-0.020998775686773375,0.09703552560070915,-0.02038653511927517,-0.0697273676556498,-0.11559626108557448,-0.13864091339634554,-0.07379631052304232,-0.018440446634186602,-0.0697273676556492,0.0708381648661908,-0.14137868020267821,0.01737263530557523,0.07036917077751877,0.11351642187169575,0.07083816486618562,-0.30342713469431565,-0.1980849179008663,-0.298624806428471,-0.30594455310674246,-0.2907649633005928,-0.30342713469431554,-0.15768301607374516,-0.08234639062489577,-0.1961803144224358,0.08849672122952629,-0.09215228763447454,0.08786166476426582,0.2911130015314907,0.11465692120314525,0.2566363537790769,0.1215098637363736,0.3269663302406136,0.11473947597132562,0.26070868373467726,-0.11860029860477071,0.17787820119165282,0.2505394093262787,0.3412787336354125,0.2617981717307905,0.3551529922563137,0.12205358158802555,0.30325467891658225,0.3245412041543184,0.40516807079705186,0.33112978344216687,-0.32831978197228945,0.10142152875755855,-0.341045839564938,0.31230845172729466,-0.28357700246450723,0.31816659711654205,0.2639456880238349,0.10319793491053457,0.225070510241374,0.24934757244212813,0.2621477918850234,0.2561980358603067
acc_z_abs_sum,-0.011119390701710818,0.6829500570004752,0.5246327866085444,0.7430801663855836,-0.5542215587696984,0.7324180783741411,0.06021410082784565,0.6026030182339491,0.5005449320826794,0.6230684003010518,-0.4588892349674371,0.5991537674120803,0.1231497985089635,0.8636748742007037,0.7526016100285444,0.9529918001083344,-0.7097614635882149,1.0,-0.023278046234481535,0.5793656516532099,0.42125367595938573,0.5121068041059398,-0.3977605493174987,0.4930823951951398,-0.0287597203942246,0.2962215712737482,0.18561004637007958,0.23131076762276215,-0.281263016380231,0.21733651323540285,-0.05070222887016809,0.35330852086071973,0.22676361303883066,0.30974576449867364,-0.41498402758851255,0.28874265095376334,0.0580648340663921,0.25142973304102195,0.14352856240426373,0.06125655287903166,-0.052345152438418696,0.05806483406639243,0.08502704958206266,0.23902431093971502,0.16553010234503918,-0.08441527031344058,-0.026804390472000377,-0.08502704958206302,-0.03342188895228246,0.23330961253013946,0.08171346294192589,-0.029127046537113184,-0.1184157995983737,-0.03342188895228277,-0.15264499533083456,0.24838077050885599,-0.0498455787674656,-0.15205931270573406,-0.22112238685175548,-0.15264499533083714,0.3175212559705851,0.2529669050206684,0.3410322448726987,0.32701501070210953,0.2697137169450161,0.3175212559705846,0.3342285775381293,0.13824137698150837,0.4030249050652814,-0.026113905088909053,0.22051449511709706,-0.03022198057121837,-0.38891593950861236,-0.053627434722380865,-0.2919799629514009,-0.11110231657094571,-0.462687294008112,-0.11220122155281924,-0.5111930485234555,0.1411095170456235,-0.3640038397942285,-0.4662159809127801,-0.5995999990600819,-0.49079273267183166,-0.49276109272921276,-0.04360746889855705,-0.3614828020264631,-0.4341930707753176,-0.5909730778876697,-0.46790819894431845,0.4666117186815009,-0.0027071649156024517,0.5262843763204499,-0.4189036465748815,0.33475988624658354,-0.4492754578884741,-0.4060094391287016,-0.10417401885150841,-0.3128611887664087,-0.3659148788625559,-0.4131035424748857,-0.39170985998100116
