,acc_x_mean,acc_x_std,acc_x_max,acc_x_rms,acc_x_min,acc_x_abs_sum,acc_y_mean,acc_y_std,acc_y_max,acc_y_rms,acc_y_min,acc_y_abs_sum,acc_z_mean,acc_z_std,acc_z_max,acc_z_rms,acc_z_min,acc_z_abs_sum,gyro_x_mean,gyro_x_std,gyro_x_max,gyro_x_rms,gyro_x_min,gyro_x_abs_sum,gyro_y_mean,gyro_y_std,gyro_y_max,gyro_y_rms,gyro_y_min,gyro_y_abs_sum,gyro_z_mean,gyro_z_std,gyro_z_max,gyro_z_rms,gyro_z_min,gyro_z_abs_sum,quat_w_mean,quat_w_std,quat_w_max,quat_w_rms,quat_w_min,quat_w_abs_sum,quat_x_mean,quat_x_std,quat_x_max,quat_x_rms,quat_x_min,quat_x_abs_sum,quat_y_mean,quat_y_std,quat_y_max,quat_y_rms,quat_y_min,quat_y_abs_sum,quat_z_mean,quat_z_std,quat_z_max,quat_z_rms,quat_z_min,quat_z_abs_sum,encoder_angle_mean,encoder_angle_std,encoder_angle_max,encoder_angle_rms,encoder_angle_min,encoder_angle_abs_sum,grf_x_mean,grf_x_std,grf_x_max,grf_x_rms,grf_x_min,grf_x_abs_sum,grf_y_mean,grf_y_std,grf_y_max,grf_y_rms,grf_y_min,grf_y_abs_sum,grf_z_mean,grf_z_std,grf_z_max,grf_z_rms,grf_z_min,grf_z_abs_sum,grt_x_mean,grt_x_std,grt_x_max,grt_x_rms,grt_x_min,grt_x_abs_sum,grt_y_mean,grt_y_std,grt_y_max,grt_y_rms,grt_y_min,grt_y_abs_sum,grt_z_mean,grt_z_std,grt_z_max,grt_z_rms,grt_z_min,grt_z_abs_sum
acc_x_mean,1.0,0.1191883095579362,0.7401846133409886,0.0800650253422853,0.39028573113697285,0.06912572703631005,0.9521248133090483,-0.11059072843113205,0.7171694444327286,-0.01588171023248343,0.5787516268209439,0.026272532222504873,-0.12405690114625098,0.31177367169361236,0.28060135424930266,0.2776993653019677,-0.2455469242613326,0.27617677725792533,-0.3925568291704133,0.21243560001906217,-0.2939968955306816,0.3370117519585113,-0.37802648477478445,0.3387088961654875,0.1368661620530354,-0.4079555144094238,-0.12849963902636832,-0.43209974539583845,0.4272277237734122,-0.4620039923619153,0.6345980254712646,0.1714815314998356,0.457051138884501,0.18851725550795823,0.5992926043881721,0.137125802761649,0.7257181793867616,0.17338733775535303,0.8258711007248347,-0.7049128463995458,0.4791404312647752,-0.7257181793867622,-0.5163961007306506,0.2999862593911346,-0.34292617850770596,-0.5132459281989485,-0.5867540511720951,-0.5163961007306489,-0.7628549785372871,0.028825538716250803,-0.5386530544663435,0.781960817915928,-0.8441677721009986,0.7628549785372875,-0.6078784640815239,-0.016319295595060773,-0.41061226963668995,0.6120934535579486,-0.7003428567169513,0.6078784640815256,-0.1621933694883706,-0.13446534742645902,-0.14868811635570894,-0.16184241972990768,-0.10414985651614327,-0.16219336948837043,0.28911633764308425,-0.16449582963859327,0.3778831593795919,0.20106547805166305,0.37983708964245394,0.2243019190676834,-0.1779033443893541,-0.45673548744983167,-0.34168361360878163,-0.21019461271743123,-0.020292827804586813,-0.17766025233074892,-0.19057979249197327,-0.4094179347481641,-0.3384928109877876,-0.1965354485587841,-0.08065615864375614,-0.16349036745070364,-0.20035071874389443,-0.4954548378683397,-0.37621649625123343,-0.2734978829586592,-0.019801578791893062,-0.2284587905352444,0.23966260420906083,-0.5105090673462791,0.078527968732736,-0.30075089910614067,0.3984040422218789,-0.253371347307626,-0.16386825171005892,-0.38389408449529655,-0.305049270266612,-0.2152305260291694,-0.01446402373878693,-0.17936886440668814
acc_x_std,0.1191883095579362,1.0,0.6935485895106189,0.9241922384979485,-0.8111552337930047,0.8927732063750111,0.16647423181927756,0.8676726581987272,0.5762012348296386,0.7731896305453219,-0.6559197982337466,0.751535687318648,-0.18545548965910305,0.8942780823241672,0.7976883037949466,0.8953540090966451,-0.7353684556288802,0.8688985414628563,-0.2834810596273147,0.5919028447505735,0.23592955977767,0.5335146953008977,-0.5523753573170156,0.4972839449042833,0.03209840483311887,0.3921637070759132,0.2873837609106543,0.37140296706592774,-0.2743449884042938,0.35843328519033113,0.1242872183683386,0.5173409094520014,0.3962573695550917,0.46599197453150204,-0.4679691856450834,0.4443129656258762,0.09450703839815794,0.3938687312602118,0.33151509777002075,-0.08021779186827215,-0.09087878782863662,-0.09450703839815733,-0.5797326176474135,0.3543079873739036,-0.38025917488264793,-0.5779962414083826,-0.6539843871978553,-0.5797326176474146,-0.05690249720198887,0.39338885384009636,0.12240630056491869,0.08346653118411598,-0.3276376554844303,0.05690249720198872,-0.09360015042820433,0.35028690448161426,0.10629457758267406,0.09864691555706522,-0.37397029356339484,0.09360015042820524,0.37063438296800993,0.408897952449029,0.43963321317120163,0.3990200891579151,0.2102912988744773,0.3706343829680099,0.47593741312464616,0.191603743469295,0.6077716463674397,0.3342085564561125,0.39748739812781875,0.3232827382902752,-0.418536877404706,-0.151847530954189,-0.3552262825608339,-0.2825023592102987,-0.43141781655728656,-0.28396564014039255,-0.6367283439559447,0.10071316696568643,-0.5043084350148226,-0.6088483050008298,-0.6634905757631081,-0.6264689470675007,-0.4116123758083633,-0.09798065621252769,-0.3236302814819855,-0.37464029144394984,-0.4626761221871285,-0.3962304130699005,0.5030378991921401,-0.04207958645790993,0.5417811244537563,-0.46334130712060023,0.37973943571185514,-0.49090902693178146,-0.42027008033262614,-0.2529044534463767,-0.38484512733144954,-0.39299324997378343,-0.39951140539067537,-0.40166732184482457
acc_x_max,0.7401846133409886,0.6935485895106189,1.0,0.671089324402654,-0.18936169750713644,0.644472710036087,0.759890333073424,0.48383326463167026,0.9195794583726871,0.5498133702926579,0.024736065906017998,0.5702477404008129,-0.24173015661728114,0.7523253585308803,0.6288551604047091,0.736910390234285,-0.6835816187314828,0.7350658706927015,-0.5064287846736878,0.5694821550213904,-0.04809496696014723,0.6277176232398642,-0.6666491892174785,0.6055497025120917,0.2003796586686776,0.058668352915828864,0.20999605128898677,-0.0025678929044264777,0.13079344632437376,-0.036652158202176995,0.5588025658986537,0.5572888214513743,0.6613427981640145,0.5234284113721925,0.0802253282907222,0.4686833871672236,0.5132129654230748,0.4384018426499996,0.7538120425440448,-0.48688549626342836,0.19729601957314766,-0.5132129654230736,-0.7169695434547452,0.5413306005384227,-0.397574843489997,-0.712683319870502,-0.8518017907303168,-0.7169695434547458,-0.513087914750844,0.3405402329157027,-0.21884005943274903,0.5452341762626061,-0.7677422395422788,0.5130879147508444,-0.4308206417332648,0.3076527483297552,-0.13057905769642816,0.43770623304790984,-0.7186013464969486,0.4308206417332667,0.1876001678333736,0.2774389746053044,0.27553773135269083,0.21950889481904598,0.06525142447794953,0.18760016783337363,0.5470940306895529,-0.0656561313450736,0.6654781458290384,0.3328806910123734,0.567734139053803,0.3568440281206704,-0.4347708885792868,-0.4566215958116282,-0.509209764250142,-0.36642064410607555,-0.32025010649122754,-0.34158112582439876,-0.6009458929245146,-0.2730152574651338,-0.6295769064135742,-0.5844139010044725,-0.5303882283764466,-0.5699278514153372,-0.44827795541897386,-0.44445149621996766,-0.5116652765126232,-0.47446848150623144,-0.3445467091769186,-0.45618827440743903,0.5433833286117684,-0.41418181988648944,0.4466327146537498,-0.5586630268242218,0.5695985114476749,-0.5430009170501541,-0.4244145730713255,-0.4760827077753848,-0.5048424684868176,-0.44592094760603035,-0.29221443358838134,-0.42415339921536405
acc_x_rms,0.0800650253422853,0.9241922384979485,0.671089324402654,1.0,-0.7168891374899528,0.9921883816413347,0.12010772217188137,0.8662937661320326,0.5943585239623869,0.9191135209399299,-0.603235534456808,0.9098341402864871,-0.33585234637112693,0.8357905163618402,0.6559432048761388,0.8599723276120804,-0.8386017351936663,0.8713371020731677,-0.3972729072679364,0.6564678259719011,0.2264364202890505,0.6004752652003656,-0.6443943034945239,0.559508855954138,0.044389315753658155,0.5788094226515764,0.42237660665751586,0.4988409167552698,-0.3768972319345356,0.48008006830853467,0.15598156983657607,0.6596492129250698,0.5075960261666742,0.6141280762946558,-0.5557895842496066,0.5831511567137576,-0.01743033645363616,0.503988031098607,0.24110456535541933,0.036270504729348736,-0.24916797602746446,0.017430336453636803,-0.5891354571114535,0.5025174367326649,-0.2648455010343683,-0.5859367936053197,-0.6960638593657241,-0.5891354571114547,0.054494568700537496,0.5048159015569924,0.27073300627772184,-0.026247293053103807,-0.24415268643759958,-0.054494568700537614,-0.005736352919794821,0.5137237913635927,0.26991386360138725,0.012233979593616884,-0.3427329970093095,0.005736352919795497,0.4370412138189893,0.5995014897986221,0.5969501492763541,0.49755062784012793,0.14918035080118067,0.43704121381898947,0.44751212987682576,0.11208786932958752,0.5557294893872934,0.21813496494748755,0.3877527708909575,0.21904734924276573,-0.4544810936779547,-0.12322608755923069,-0.35995552406166836,-0.30909324354338524,-0.48236325372687194,-0.3137358013090235,-0.7254652060727834,0.06563271826438821,-0.5863059044259628,-0.6845321688709233,-0.7397396148074454,-0.7025097603985393,-0.452904684983463,-0.06322527694561958,-0.32710926338585766,-0.4013983391671726,-0.5236803220748929,-0.43091184206798716,0.5373355803551605,0.01633004025980559,0.5927523274567041,-0.4850473282667345,0.3685339312306474,-0.52363904094862,-0.4597628849664471,-0.25411926735142143,-0.40217705417202326,-0.42781676943530905,-0.44511809588106993,-0.44133393788971
acc_x_min,0.39028573113697285,-0.8111552337930047,-0.18936169750713644,-0.7168891374899528,1.0,-0.6823898354121993,0.35778836663900876,-0.7826898362135477,-0.07833590601435318,-0.5934533681072488,0.9307911211449559,-0.5416919158055024,-0.038087534785695355,-0.6726103275476569,-0.6894761804971486,-0.6640109556785213,0.42752949780358346,-0.6183819776578059,-0.05619813958976276,-0.3410439378999254,-0.4088026109777609,-0.18406524905681423,0.18577418755055086,-0.15112362516900946,0.13188032401846245,-0.44695231468175584,-0.18286522744585704,-0.4313384362369738,0.45907746934560223,-0.43802881811945643,0.3246167038081781,-0.16860628330294242,0.05815631726811178,-0.1319562123560706,0.6409097614626087,-0.14607748285105443,0.1745582947144328,-0.10951127242068846,0.08903414901437304,-0.1708454380583071,0.16601583084860522,-0.1745582947144331,0.3225618464262897,-0.029519006398733116,0.3158789442683262,0.3239337128553801,0.28203725540972335,0.3225618464262909,-0.22928850863814904,-0.17413548227886352,-0.22707658689795143,0.22293898983327745,-0.11002033534846864,0.22928850863814904,-0.09173598856614579,-0.16290568543574857,-0.13136283774474738,0.09043389256490407,0.021743229920267292,0.09173598856614554,-0.23946359997024816,-0.2650393827537972,-0.27682437073140337,-0.25644184320834,-0.11037006073769859,-0.2394635999702482,-0.27773396830536223,-0.3292867569378165,-0.3790170967653688,-0.2576203319350625,-0.14733142017762763,-0.22624393293053574,0.24487759404599446,-0.12457431308456275,0.10782699044930767,0.11469203681990106,0.34630182560160216,0.13388609694690598,0.37532197586638416,-0.3725348927352811,0.1656765122566436,0.35829829033494087,0.4738574961974535,0.3938996591908732,0.21819383832856976,-0.19374281152125697,0.055950006983405645,0.15007518983287052,0.36516756312951826,0.19142250902096852,-0.2689540319039934,-0.24825647487019792,-0.39050334508720097,0.2061648623846649,-0.08360232525027428,0.25416524572862365,0.2530368309893444,-0.012780209115112249,0.14642729263317178,0.1977386088972433,0.32745608095244694,0.224721732178264
acc_x_abs_sum,0.06912572703631005,0.8927732063750111,0.644472710036087,0.9921883816413347,-0.6823898354121993,1.0,0.10456115902541487,0.8616673366295984,0.5832018478664783,0.9286526884464089,-0.5874220463261292,0.9239039167328845,-0.39928215320886606,0.8064327002349427,0.6042358025658755,0.8406807884653159,-0.8475550009781815,0.8592019486920383,-0.4171676704128317,0.6565161828360307,0.21395670982241685,0.6127798735585963,-0.655299303825946,0.5735372277635331,0.0750137113045409,0.6140294913237361,0.46117483735572234,0.5236586923800188,-0.3789467694775824,0.5042738848320728,0.1719079648029852,0.6884600405186547,0.5358889347023079,0.6394553378588625,-0.5671654520471632,0.6092614283295309,-0.06442930343947922,0.5249244439443987,0.20560659892913916,0.08393115127928229,-0.29338396895883634,0.06442930343947982,-0.5557472687054542,0.5155456295277341,-0.22254645475919865,-0.5523471670172933,-0.6748364692055603,-0.5557472687054555,0.10005834151689029,0.5264243550666758,0.31169414197858764,-0.07079266740345369,-0.20866181382315668,-0.10005834151689048,0.044590364614691874,0.5518867612304494,0.3206007762224231,-0.03780928824874155,-0.3113608644602709,-0.04459036461469139,0.48620360242192484,0.6384289531684344,0.6402856672329543,0.5459438269857124,0.18293331701155757,0.48620360242192573,0.4311607818496503,0.07516145215525283,0.5209853921392477,0.16218665141926958,0.3816373488373319,0.16565849776776845,-0.4496254193322685,-0.13850218898228708,-0.36173804233516005,-0.3062231380323246,-0.46978861633861113,-0.3085048922651787,-0.7296994116773695,0.024407764887333615,-0.6034168218132864,-0.686884205828875,-0.7293523527009838,-0.701519784197094,-0.4522541726770974,-0.08027855332648719,-0.331913928263813,-0.4017891865720978,-0.5131756325670369,-0.4290209955748357,0.5326277477142516,0.0028125530907994983,0.5784901265012005,-0.4808947759290196,0.3672832855058164,-0.5181330628498771,-0.4531406047483345,-0.26715022846034703,-0.40262714627622725,-0.42437634159891485,-0.4306845769048905,-0.435814281813386
acc_y_mean,0.9521248133090483,0.16647423181927756,0.759890333073424,0.12010772217188137,0.35778836663900876,0.10456115902541487,1.0,-0.038073169008047685,0.7828370720026339,0.06179739149713227,0.5596141272671046,0.10394751188204993,-0.1277213776395215,0.32010635059310605,0.26620060288091746,0.2822688072696042,-0.2890580316210287,0.2808795290308737,-0.5250383074677272,0.2498707560822487,-0.39842699853138713,0.4295900527283782,-0.48371656124557283,0.4358709523455176,0.2734653351277196,-0.34019003813795945,0.017892458281802418,-0.31425415744026675,0.504408298678789,-0.3457829046963188,0.7564137265191001,0.27479342080628016,0.573819573618967,0.3230140212825906,0.5991063367640652,0.27388565907892315,0.6815978401442426,0.3089117113463342,0.8623284152634378,-0.6533345874707146,0.39184334349701133,-0.6815978401442423,-0.4574637750684116,0.4265487562408066,-0.23662331183225954,-0.45287656269379856,-0.6188183283740948,-0.45746377506841096,-0.7129006962768426,0.18409158785573637,-0.4373860540772467,0.7432325375936906,-0.8842289723941986,0.7129006962768422,-0.5253301622519083,0.11809569378106136,-0.2969345374145784,0.5313350375727076,-0.7130866678976496,0.5253301622519084,-0.035385465664483105,-0.016414780183082876,-0.02043231610126425,-0.03137944130092367,-0.025160977738158036,-0.03538546566448313,0.3682758875765422,-0.20275927041123226,0.4370477562791241,0.1646182003901327,0.4552551239332623,0.19085286386211472,-0.27136626058841434,-0.49936819094975415,-0.4213596169222222,-0.30522882557518866,-0.10330372779249193,-0.27458965548894343,-0.2761644649648413,-0.44487652278657475,-0.4248394815866789,-0.2829434072664954,-0.15454024073656647,-0.24958288771701645,-0.29463652672118135,-0.532838894557441,-0.45478174335974914,-0.36599042104118806,-0.11030475940088344,-0.32422424032282593,0.3332777263243057,-0.5410193843165372,0.16916321463504982,-0.3914943358088231,0.48257261071510194,-0.34548687559334607,-0.2584898815893017,-0.4485487579831647,-0.39165031637769754,-0.31125368540893206,-0.08934248659675383,-0.2763258117779294
acc_y_std,-0.11059072843113205,0.8676726581987272,0.48383326463167026,0.8662937661320326,-0.7826898362135477,0.8616673366295984,-0.038073169008047685,1.0,0.5169043910875537,0.8754091281757688,-0.7780900940145977,0.834865603842687,-0.32980038078878404,0.748193107011454,0.5991037101273553,0.7883270391372603,-0.6947587102499777,0.7860400456403077,-0.391413399010545,0.5774540227900603,0.16704075071432575,0.5413952154096274,-0.6182329083977337,0.5090506823443594,0.26788381454551463,0.6151244479555635,0.5703995719232335,0.6392766256070518,-0.27420908360539814,0.6339335663629383,0.11676708681237712,0.6446108508125253,0.46928152465358597,0.5605215957210773,-0.6290843576129743,0.5480247390196806,-0.2112258243047543,0.4570310973142542,0.07366937690533631,0.22432666673258808,-0.34512623830327543,0.21122582430475495,-0.37442115004967547,0.3911188316708476,-0.17162407505177,-0.3725171331211085,-0.5216241505317326,-0.37442115004967774,0.2616873308770143,0.513179132078481,0.39367049795923886,-0.23111614724062363,-0.07217117282017119,-0.26168733087701423,0.205624224282848,0.49502178472556535,0.3677193542370953,-0.20050998251248378,-0.1546091190219476,-0.20562422428284813,0.5836504132759215,0.5270125657780895,0.6030284810882061,0.5985133600226499,0.40126267760249484,0.5836504132759212,0.43844867420994793,0.07704758221295879,0.49156944059613206,0.19434243459417502,0.382683684904104,0.19786826628412016,-0.420398878762451,-0.1272914635956058,-0.3421450621560921,-0.284991986088553,-0.44856620765663013,-0.2869687185598396,-0.6460490842306655,0.06368581144508369,-0.5238176423179272,-0.6052358522682777,-0.6584699574199581,-0.6207176474551507,-0.41369184197596204,-0.06795962017494583,-0.30719973683955276,-0.363729829147508,-0.48342828683592703,-0.3882289469511879,0.4995672763062673,-0.004312319201117125,0.5413176553508705,-0.4464945534506942,0.3584306221888484,-0.4797080197577888,-0.4224825137034289,-0.2392175176383444,-0.37374354229685897,-0.3912614853152671,-0.4159071887749575,-0.40205849891333206
acc_y_max,0.7171694444327286,0.5762012348296386,0.9195794583726871,0.5943585239623869,-0.07833590601435318,0.5832018478664783,0.7828370720026339,0.5169043910875537,1.0,0.5772126773531855,0.08038796568770196,0.586861287160599,-0.305965969479396,0.6502049139846626,0.49888783231756645,0.6490092307077698,-0.6443066740397274,0.6602914404987602,-0.666905219398228,0.5483576365240757,-0.2184522877719329,0.6635933901384728,-0.7662119316383423,0.6494789205333482,0.3929090674869136,0.11808584204474444,0.3727424921156029,0.10099593652533662,0.22827900736258394,0.0695690875146616,0.6547621182266397,0.6409627209112627,0.767435908968015,0.5883070781163258,0.10020050274442217,0.5309255124091767,0.41604464657607176,0.4819887484665844,0.6883246807268423,-0.3874947716570914,0.10810157162910275,-0.4160446465760717,-0.6051302448919905,0.5993202211584097,-0.2679802794301775,-0.6002243824132908,-0.8055834797162972,-0.6051302448919907,-0.42010619508070374,0.409721431377924,-0.12941496435215655,0.45742736745731677,-0.7166676445699863,0.420106195080704,-0.31068078581898917,0.3791172387611077,-0.02298763688239337,0.3180172694687667,-0.6528750493321915,0.31068078581899045,0.2866627945970474,0.3205833899669386,0.3423679203491803,0.30941966105192714,0.16051060515140533,0.28666279459704747,0.5648621975660674,-0.19046136612878523,0.6270977413456227,0.21865404094874388,0.6161167598965269,0.25408060208491556,-0.48174111140198167,-0.49907647853022086,-0.5626921405198775,-0.42578355061858153,-0.3610882997636533,-0.4001348798885178,-0.6307020531919149,-0.35482076813939833,-0.6863519052439441,-0.6133723765007083,-0.5347308315943007,-0.5930381744130788,-0.49798815412909603,-0.49037659302255454,-0.5682160800535985,-0.5261810057908941,-0.3913847917851256,-0.5054882408720072,0.5871864056060009,-0.46901724901871,0.47250531837838544,-0.6052410875231545,0.6293440524178988,-0.5849813901114583,-0.47084610157439793,-0.5211113715124421,-0.5532973890486587,-0.4969041660032541,-0.3268033797798787,-0.473234226865835
acc_y_rms,-0.01588171023248343,0.7731896305453219,0.5498133702926579,0.9191135209399299,-0.5934533681072488,0.9286526884464089,0.06179739149713227,0.8754091281757688,0.5772126773531855,1.0,-0.5692320077832725,0.9944380981248895,-0.4117183411167235,0.6894991638236045,0.4594691376297037,0.7353407386134767,-0.81617833869289,0.7715485605139062,-0.5150703500676512,0.6513431867281373,0.1469862827656105,0.6690405129237955,-0.706170719027375,0.6348984136287513,0.18120172018322878,0.7752140081152797,0.6396892957859247,0.6945548623078136,-0.40468625362605076,0.6693752176071912,0.2450953084590004,0.7657630664106274,0.6081498035173274,0.7607303227051041,-0.5826735301982439,0.7367728964660161,-0.20283816263223847,0.6478942871945593,0.1233711929801863,0.22817245042635723,-0.46079471332171146,0.2028381626322392,-0.42182269922859816,0.644008808744656,-0.028637360972492233,-0.41693699144024954,-0.634290135305133,-0.4218226992286008,0.24791609536462855,0.6656661192893228,0.4881325283412529,-0.2131156241961405,-0.11854104931533116,-0.24791609536462839,0.18539678856614158,0.6851245677798248,0.48654679940586265,-0.1773711414943454,-0.23367710911507086,-0.18539678856614158,0.5606815479036956,0.7263675349320642,0.7284029581497332,0.6267070250855957,0.20607841091700202,0.5606815479036953,0.3724067897678148,0.005518158464265999,0.4343726456509286,0.10113656243155258,0.34686193820816535,0.11719472459065751,-0.38454608205762425,-0.0731705887942805,-0.2878628875347076,-0.24471887714251717,-0.42579229670469604,-0.24909883517536727,-0.6944844781273757,0.023586400911516394,-0.5779843165777434,-0.6375706799123422,-0.6990112376254529,-0.653040582229379,-0.38366066145377653,-0.014266792664335216,-0.2552131773244332,-0.3275830088307011,-0.4687801729382043,-0.3572056210721456,0.4661294666822877,0.06910932431492951,0.5288551736983159,-0.40675049746263925,0.2892328628800684,-0.44850548834696685,-0.38996690870655215,-0.19999146978349908,-0.3293665504522849,-0.3579070492285063,-0.39182149454786175,-0.372318902182926
acc_y_min,0.5787516268209439,-0.6559197982337466,0.024736065906017998,-0.603235534456808,0.9307911211449559,-0.5874220463261292,0.5596141272671046,-0.7780900940145977,0.08038796568770196,-0.5692320077832725,1.0,-0.5107744131969251,0.03236854731674333,-0.5054627699698667,-0.5000095817950029,-0.5261120888192435,0.33568223597123675,-0.49626845439700373,-0.10282762171153291,-0.2734789016468512,-0.42265160076551966,-0.124747773186271,0.12007991173501563,-0.09593442809422792,0.061102226317359384,-0.533499430161611,-0.2734321121526467,-0.5759697791478182,0.4873331842696075,-0.5913646315742521,0.3938330142687525,-0.18537445629615545,0.09615437356533184,-0.1354414888872557,0.7602212650327528,-0.16057138165491472,0.41053864579258964,-0.11431462674142087,0.3179930817944448,-0.40296061040503905,0.34713847914827856,-0.4105386457925904,0.11302367438279201,0.014650927291751166,0.13967972067571902,0.11488731639674994,0.0946785980987314,0.11302367438279433,-0.4771215458466712,-0.2131562559054937,-0.4201157209951762,0.4731026866162466,-0.3502714997702235,0.47712154584667177,-0.3058696139501857,-0.20027479875169832,-0.289719728979566,0.3056964098952098,-0.18777834625408804,0.30586961395018586,-0.33876889246336056,-0.2899069541940091,-0.3379696194315156,-0.3435072779814915,-0.24313766694051447,-0.3387688924633612,-0.14453951019615852,-0.2921070990343825,-0.20362319731200693,-0.15836757463288184,-0.029466108367922815,-0.1302947702828215,0.13483760302016765,-0.22442232364202366,-0.013814842403421264,0.012951982104577927,0.26375171794624486,0.03531379055303211,0.2774051815630237,-0.39330616481209474,0.07551573876770161,0.24851811593716047,0.3827250699147425,0.28496071482662527,0.1080468092211897,-0.29027300400868283,-0.06438825658862074,0.03156586519040992,0.278607386546316,0.07580695515816135,-0.14879090138107576,-0.3462628806076964,-0.29300376740715556,0.07675491894322152,0.04492958618509898,0.12984542239497635,0.14390702622207927,-0.11643224255493301,0.025475498709488384,0.08533071758841661,0.2499295259644836,0.11646356037324293
acc_y_abs_sum,0.026272532222504873,0.751535687318648,0.5702477404008129,0.9098341402864871,-0.5416919158055024,0.9239039167328845,0.10394751188204993,0.834865603842687,0.586861287160599,0.9944380981248895,-0.5107744131969251,1.0,-0.43963397139210264,0.6759008592157719,0.4313850966261957,0.723524137439722,-0.8322716099146016,0.7642790532369632,-0.5339847445899581,0.65986877053294,0.13427500050739555,0.690298021961798,-0.7181031111911715,0.6567382732773838,0.18167931638355939,0.7743203543191843,0.6423874508877361,0.681784277958008,-0.3929218756559929,0.6533945923477168,0.28852669178665424,0.7858709439845898,0.641544766866656,0.7918261840126756,-0.5516437099613742,0.7661202920455629,-0.18577581616309816,0.6808279081085087,0.15273325751327382,0.21349895391776902,-0.46486065958851963,0.18577581616309885,-0.41946042107574144,0.6816230170948294,-0.0002090411332407862,-0.4140540760718987,-0.6459782497665277,-0.4194604210757439,0.2308707981546783,0.689227709855609,0.489460524853378,-0.19471903372334168,-0.1446725248922779,-0.23087079815467823,0.1762671483125921,0.7110117237200794,0.4954286317759286,-0.1677572963613465,-0.25504761785817465,-0.17626714831259233,0.5669176400707797,0.7485491188047576,0.7452856008243839,0.6369221792768306,0.19940657119143176,0.5669176400707796,0.3608525298722094,-0.015775752765216828,0.4229648427810196,0.07802625558009123,0.3448232355004962,0.09568914012318919,-0.3731293393834645,-0.08432669014807,-0.28474823374858393,-0.23761730763395272,-0.4072737214616836,-0.2404751178281867,-0.6924373486863246,-0.01154569537443781,-0.5897080150484894,-0.6340055106776934,-0.687377886015683,-0.6466964312700798,-0.3755505182280065,-0.030367003864157804,-0.25637718780091373,-0.3236339742476516,-0.45019301888472635,-0.3506346757522773,0.45618445519597883,0.0540693006800593,0.5124550836831671,-0.3999141130482864,0.2863034540130892,-0.4393340684147092,-0.3778382205620046,-0.20642742079554227,-0.3255432426002139,-0.3495611906906332,-0.3738171547574058,-0.3621894427540552
acc_z_mean,-0.12405690114625098,-0.18545548965910305,-0.24173015661728114,-0.33585234637112693,-0.038087534785695355,-0.39928215320886606,-0.1277213776395215,-0.32980038078878404,-0.305965969479396,-0.4117183411167235,0.03236854731674333,-0.43963397139210264,1.0,-0.13780950455949748,0.20499030793211911,-0.27906487305607275,0.56320589337376,-0.3616919073293852,0.3974691490803,-0.40142153047075874,0.08457052266797475,-0.34526155376157286,0.5115753405261245,-0.33399125031850285,-0.46910896473667735,-0.36329948120973515,-0.5165279490520173,-0.2921666421218313,-0.09643034952158987,-0.28935875596459193,-0.40954432053119966,-0.6421875464423213,-0.6535965452189063,-0.5199146783913837,0.19864793052191768,-0.4996729102432984,0.29929794283701655,-0.37751137865591966,0.06802635796887556,-0.3139087489668719,0.3732658681573166,-0.29929794283701655,0.0039838879294001,-0.3759073834639822,-0.2238996080875952,0.0008201623680802291,0.19002479764317476,0.003983887929400866,-0.31626735681735707,-0.39584264306822187,-0.37971303454210953,0.2944114738964809,-0.061825912241015406,0.31626735681735696,-0.377508944196876,-0.5312130024533965,-0.49062225335874127,0.3730548611133173,-0.018709416702575667,0.37750894419687586,-0.6862506159793534,-0.5277923334159113,-0.6204470225141704,-0.6763232842695515,-0.5205508935062715,-0.6862506159793532,-0.23127543101453477,0.35449775966742875,-0.10737034765541302,0.2595862224402135,-0.30751544435789807,0.222945557394164,0.37779983179217064,0.4146629368389177,0.42441728574118703,0.35220913053728636,0.23521424611055608,0.32776526741743317,0.48455474836169893,0.5117572053822617,0.5866551697182041,0.45927932805951915,0.30788311686307906,0.428866271048159,0.41992118526603484,0.417396025516276,0.45370758668600314,0.4279954220206642,0.2677379631491321,0.41113397261628826,-0.4268170365924583,0.36439703074869256,-0.2815479282555639,0.4291065158539003,-0.44060948037393133,0.41691974167755963,0.3588853992041896,0.4654213846120191,0.4364308386685581,0.387800288620378,0.19373911569288196,0.36360068260527595
acc_z_std,0.31177367169361236,0.8942780823241672,0.7523253585308803,0.8357905163618402,-0.6726103275476569,0.8064327002349427,0.32010635059310605,0.748193107011454,0.6502049139846626,0.6894991638236045,-0.5054627699698667,0.6759008592157719,-0.13780950455949748,1.0,0.88883295985907,0.9794554453172674,-0.7737782317502596,0.9495282353359532,-0.30485700380570113,0.6508517386529745,0.26229280278127215,0.5516142855967017,-0.5840438637979426,0.5131079803805657,0.019624762814404968,0.2550097817109207,0.2002062834485427,0.20064249696310932,-0.16500644792952837,0.1838538196784173,0.18124149504199893,0.4235969110986355,0.3709334892718544,0.41135807025086923,-0.2912027134667756,0.387718840143177,0.2755093231946866,0.35681676776343846,0.4882324993894766,-0.2596300504813571,0.06525350052673212,-0.2755093231946862,-0.6865803887292213,0.398521520823938,-0.4498222111998958,-0.6844594051777523,-0.7644173975884844,-0.6865803887292229,-0.22483403081106604,0.33118633058112457,-0.027572325842508957,0.2490434434959126,-0.46662673243130404,0.224834030811066,-0.28503905509597277,0.297913689602627,-0.045305822148304316,0.29064911263895316,-0.5462946578411972,0.28503905509597427,0.24206711944457313,0.32458098342763975,0.3261070642864233,0.2738977212990949,0.09200134491271555,0.24206711944457301,0.5392596020007985,0.20067321621537088,0.6974090560291559,0.40155586334426974,0.4601674534098894,0.39359437522543395,-0.4173693027448041,-0.20260278187843958,-0.38209770235408447,-0.29987163294157626,-0.41981441760977045,-0.29659821650443663,-0.5808620325974196,0.09598710903623654,-0.4642787061345315,-0.5616251515594142,-0.6129723102602177,-0.5748497400547398,-0.400904012295613,-0.1572844611176234,-0.34687078133824667,-0.3784910310391251,-0.43373252199027035,-0.39066288567992297,0.4976403738650566,-0.09472894185695288,0.5221590938589925,-0.46935854680117167,0.39833175513660907,-0.4899980083687179,-0.4185628829242089,-0.2779737443386392,-0.3996967238380609,-0.397580346927827,-0.39437949909452846,-0.40174976637707005
acc_z_max,0.28060135424930266,0.7976883037949466,0.6288551604047091,0.6559432048761388,-0.6894761804971486,0.6042358025658755,0.26620060288091746,0.5991037101273553,0.49888783231756645,0.4594691376297037,-0.5000095817950029,0.4313850966261957,0.20499030793211911,0.88883295985907,1.0,0.8219984028511053,-0.4409079466411635,0.7432632245003346,-0.09461021861387843,0.3884740618376789,0.25878334268902803,0.32534241466998315,-0.29940983063859195,0.29497168873395,-0.12510998788411112,0.061834163393400456,-0.028115205541652248,0.02769460784194685,-0.15169826337407166,0.015046530493452998,-0.021649430671345823,0.09088893316803226,0.06886802706892092,0.08474407537739298,-0.14862302720809953,0.06438025686091486,0.44458943251408234,0.08497269260402539,0.5147834787958763,-0.4395696949544377,0.31739476914562187,-0.4445894325140824,-0.6980317804554222,0.14064338423202996,-0.6176936221472228,-0.6981693895262423,-0.6472283111538645,-0.6980317804554216,-0.4071104640091993,0.039236101713368686,-0.2920131915557512,0.4184205784347655,-0.48990428338937053,0.4071104640091994,-0.45194138226066133,-0.0071733939779361775,-0.31140831824849324,0.4548233746086366,-0.5191067034411408,0.4519413822606622,-0.0853788291647886,0.0023254188906494215,-0.028153019784980405,-0.06718821037498532,-0.1135787076522005,-0.08537882916478864,0.42689489988047524,0.3352778662240787,0.6369645095153844,0.4781218118166225,0.3263631461343405,0.44850413391765176,-0.24692113595502402,-0.12186758153814226,-0.23185430761015444,-0.16144419321126546,-0.2613169309244169,-0.15875060546223305,-0.32304756957878,0.1995611707153137,-0.2026865706760878,-0.32068863078013315,-0.38443051993694327,-0.33580513255494976,-0.22394107223056767,-0.08550731362301374,-0.19601090299279222,-0.21214722287558102,-0.26449209254364253,-0.21866329750674224,0.2987547884777478,-0.046160653078043755,0.32714230971447905,-0.28340804928621277,0.23015315073489997,-0.29642527777071426,-0.24738032802971902,-0.14764510383584145,-0.23609805671387155,-0.2258794588741284,-0.26000008378564765,-0.22926969324280091
acc_z_rms,0.2776993653019677,0.8953540090966451,0.736910390234285,0.8599723276120804,-0.6640109556785213,0.8406807884653159,0.2822688072696042,0.7883270391372603,0.6490092307077698,0.7353407386134767,-0.5261120888192435,0.723524137439722,-0.27906487305607275,0.9794554453172674,0.8219984028511053,1.0,-0.8239735178813253,0.9871149179052401,-0.3292698484775728,0.7214559562313533,0.2833924774633854,0.5995960144988713,-0.6442737486069949,0.5580725009361083,0.06781904526761905,0.3244497538991643,0.25806426236726704,0.2866366843398582,-0.20073467366640552,0.27191459236527293,0.20303845815056423,0.5101894960624336,0.44209492733866795,0.4719865591720715,-0.35662457233625083,0.4481959753541882,0.17289104563639043,0.39433885279503816,0.4122164294632488,-0.15691581307830024,-0.027744138434508778,-0.17289104563638974,-0.6447792859646402,0.43525924664784993,-0.38798290313566286,-0.6424760081614881,-0.7514881332232523,-0.6447792859646416,-0.12390299020540368,0.38158126032865025,0.06506736231886225,0.14906963623058223,-0.3958915719062665,0.12390299020540357,-0.17812507352053042,0.36019459696028927,0.05011216757832822,0.18375795862735733,-0.48045906886685563,0.1781250735205312,0.35398432073900754,0.38202135023509365,0.40898227661711173,0.37764822304519025,0.20275746817477683,0.3539843207390074,0.5324890287612721,0.13313751461479184,0.6633415142168967,0.36857822547650543,0.4720237778348113,0.3684392393606787,-0.42468012034630603,-0.21014045170568127,-0.3957117361681449,-0.29570121661047,-0.43408374012481876,-0.29159055162159503,-0.6260020641352803,0.055386280951827224,-0.5222105414026329,-0.6006837787871703,-0.653971803294204,-0.6118736545376272,-0.4099774934476737,-0.1682923178867996,-0.36304845137747804,-0.38632330444422697,-0.449633216435748,-0.3974253449412374,0.5138214983694083,-0.11680267618426604,0.5402946699686083,-0.48455544974961484,0.42426998453646586,-0.5030026614605697,-0.4246974993368895,-0.2857017398184668,-0.4120249964372752,-0.40389052536241854,-0.4053042237391942,-0.40772229903432794
acc_z_min,-0.2455469242613326,-0.7353684556288802,-0.6835816187314828,-0.8386017351936663,0.42752949780358346,-0.8475550009781815,-0.2890580316210287,-0.6947587102499777,-0.6443066740397274,-0.81617833869289,0.33568223597123675,-0.8322716099146016,0.56320589337376,-0.7737782317502596,-0.4409079466411635,-0.8239735178813253,1.0,-0.8641486697226824,0.522084472658765,-0.7852519293668403,-0.17287149887025438,-0.7138251417063951,0.7785532254199187,-0.6780383115380563,-0.1753176911199735,-0.48726838857107874,-0.4636904036957409,-0.40194563465937694,0.1827811372292615,-0.37925018475287553,-0.3896497647093819,-0.7374683497543283,-0.666957436226518,-0.7323537845052593,0.384321480775139,-0.7075728021775419,0.01774481035318349,-0.6236260941541215,-0.31315769391406023,-0.045317365187107536,0.29440185785819245,-0.01774481035318406,0.4808269453121824,-0.6534165079984583,0.07827150666803045,0.4756698091551817,0.6970582994606167,0.4808269453121841,-0.06540914779960473,-0.610989890548176,-0.3236269094932937,0.031969214861127214,0.29461698466030367,0.06540914779960456,-0.02219603891189106,-0.6411202505552204,-0.3449905473070728,0.014007704231964686,0.41519310526881437,0.022196038911890047,-0.5614998731318706,-0.6671820551185143,-0.6892213113997978,-0.6128948349765531,-0.2668943409635348,-0.5614998731318706,-0.47974228488896525,0.023783403454823868,-0.5371781871266781,-0.14894656401891204,-0.45565915749839014,-0.1684967960676962,0.5063052259850574,0.20956092675589494,0.4398814085928086,0.389649425653545,0.5012620156973581,0.3915374026780235,0.7342150975232087,0.06055359116197662,0.6517689745729071,0.6950901213110199,0.7169529845055829,0.7036135249975424,0.508082820896056,0.16629775288292312,0.41912917963819996,0.47346409409712736,0.5344355249680978,0.4936661267127654,-0.5921918912906714,0.08238202020314823,-0.6162903607063529,0.5525239940644425,-0.4641196694696794,0.581416181232911,0.5106310115923096,0.33067686260940515,0.47236218485775816,0.4934505887762781,0.4604102395358003,0.5018126780973081
acc_z_abs_sum,0.27617677725792533,0.8688985414628563,0.7350658706927015,0.8713371020731677,-0.6183819776578059,0.8592019486920383,0.2808795290308737,0.7860400456403077,0.6602914404987602,0.7715485605139062,-0.49626845439700373,0.7642790532369632,-0.3616919073293852,0.9495282353359532,0.7432632245003346,0.9871149179052401,-0.8641486697226824,1.0,-0.36209552513554705,0.7580796866046041,0.2813386529081344,0.620514995780529,-0.6865385143380884,0.5749322798567097,0.08861958559725268,0.3676449142834294,0.2999234981668655,0.33507130530997814,-0.21631770604458453,0.32057055128696815,0.23353798886376537,0.5701886883855548,0.49728396659008106,0.5315060345344206,-0.3833633417739551,0.504698520221787,0.1247500950723794,0.43903483618311956,0.3850238455400203,-0.10743128955435961,-0.08761388213689465,-0.12475009507237873,-0.6333827827123933,0.4728231505642805,-0.34647260435852234,-0.6308153002942914,-0.7611946094322197,-0.6333827827123939,-0.07488789914134147,0.435056370775746,0.1267407716065531,0.10218106520682174,-0.37345460320964136,0.07488789914134147,-0.13725400684099634,0.415001309778338,0.1072091069219579,0.14331146252693366,-0.46956189283854893,0.13725400684099753,0.40335519238020173,0.43776824133646086,0.46872351713921095,0.4308510837142684,0.22612479304557556,0.40335519238020195,0.5356044078951508,0.08104289967223584,0.6450470799784177,0.3328490616279098,0.48737094479173226,0.3410419381267024,-0.4415125832394989,-0.20358643199530888,-0.40423651045341996,-0.3064427159225549,-0.45552505575523916,-0.3035944792575538,-0.6679209873058706,0.039146117565399235,-0.5651981113310217,-0.6374747083757107,-0.6928682470789528,-0.6489766167646681,-0.42767669984517687,-0.15917259803170317,-0.37172892297312377,-0.40045796374022224,-0.4743299528477176,-0.41415292452760033,0.5342551313780423,-0.10817148318829763,0.566910233278593,-0.5015060015594073,0.4368890601024551,-0.5224805880523549,-0.4429131962354284,-0.29265997653527176,-0.42515966356983537,-0.4212795281149894,-0.42074266710486086,-0.4263340624971393
gyro_x_mean,-0.3925568291704133,-0.2834810596273147,-0.5064287846736878,-0.3972729072679364,-0.05619813958976276,-0.4171676704128317,-0.5250383074677272,-0.391413399010545,-0.666905219398228,-0.5150703500676512,-0.10282762171153291,-0.5339847445899581,0.3974691490803,-0.30485700380570113,-0.09461021861387843,-0.3292698484775728,0.522084472658765,-0.36209552513554705,1.0,-0.395285769135787,0.5995027055136188,-0.6622149044390103,0.8415796168050642,-0.6779158468791854,-0.5526250774954963,-0.3302964395390245,-0.6195529540493607,-0.33450048792068304,-0.2626884276831899,-0.31224647059934746,-0.7596808917158313,-0.6182832110936497,-0.7654780299881383,-0.7130916528550485,-0.13027734787736123,-0.698114172621214,0.0040504513136125995,-0.663812058131458,-0.3547585052442174,-0.04035225904656753,0.290252173311252,-0.004050451313612878,0.1920561178183959,-0.7085033198867368,-0.18452279171789615,0.18514947425351844,0.5253363381425364,0.19205611781839702,0.05065378419953207,-0.6521214516951394,-0.2397502762095329,-0.09747587184291942,0.4478867207020273,-0.05065378419953202,-0.1458145728442608,-0.6659656160329749,-0.42550046097079514,0.13658062156858702,0.3104680404088334,0.14581457284426141,-0.5101803062667881,-0.5339646342444591,-0.5619464015890512,-0.537772368488917,-0.2721043638691248,-0.5101803062667886,-0.3903558134468998,0.294502328080948,-0.3345334632840732,0.03920925146261034,-0.45642879081033694,-0.005497631061581677,0.49690735516620416,0.3891124562618929,0.5191700044103574,0.46419056692722643,0.41366304710938523,0.45279540280619507,0.6177092490259776,0.3469262142479287,0.6672794270574094,0.5974110190130859,0.5169547468843867,0.5813459666401936,0.532227934472948,0.3843579086343036,0.5381710810297464,0.5378388340408634,0.46406210628846556,0.5335358870444044,-0.5652890903788517,0.3453045032787117,-0.48648309622303465,0.5658501655339775,-0.5659982655684115,0.5603464955446795,0.5051289195434426,0.4641248291912674,0.5348858365117208,0.5228440909271488,0.3758864883867459,0.5117440482819302
