,acc_x_mean,acc_x_std,acc_x_max,acc_x_rms,acc_x_min,acc_x_abs_sum,acc_y_mean,acc_y_std,acc_y_max,acc_y_rms,acc_y_min,acc_y_abs_sum,acc_z_mean,acc_z_std,acc_z_max,acc_z_rms,acc_z_min,acc_z_abs_sum,gyro_x_mean,gyro_x_std,gyro_x_max,gyro_x_rms,gyro_x_min,gyro_x_abs_sum,gyro_y_mean,gyro_y_std,gyro_y_max,gyro_y_rms,gyro_y_min,gyro_y_abs_sum,gyro_z_mean,gyro_z_std,gyro_z_max,gyro_z_rms,gyro_z_min,gyro_z_abs_sum,quat_w_mean,quat_w_std,quat_w_max,quat_w_rms,quat_w_min,quat_w_abs_sum,quat_x_mean,quat_x_std,quat_x_max,quat_x_rms,quat_x_min,quat_x_abs_sum,quat_y_mean,quat_y_std,quat_y_max,quat_y_rms,quat_y_min,quat_y_abs_sum,quat_z_mean,quat_z_std,quat_z_max,quat_z_rms,quat_z_min,quat_z_abs_sum,encoder_angle_mean,encoder_angle_std,encoder_angle_max,encoder_angle_rms,encoder_angle_min,encoder_angle_abs_sum,grf_x_mean,grf_x_std,grf_x_max,grf_x_rms,grf_x_min,grf_x_abs_sum,grf_y_mean,grf_y_std,grf_y_max,grf_y_rms,grf_y_min,grf_y_abs_sum,grf_z_mean,grf_z_std,grf_z_max,grf_z_rms,grf_z_min,grf_z_abs_sum,grt_x_mean,grt_x_std,grt_x_max,grt_x_rms,grt_x_min,grt_x_abs_sum,grt_y_mean,grt_y_std,grt_y_max,grt_y_rms,grt_y_min,grt_y_abs_sum,grt_z_mean,grt_z_std,grt_z_max,grt_z_rms,grt_z_min,grt_z_abs_sum
acc_x_mean,1.0,-0.17824488187053353,0.2560389230577349,-0.10516958743734464,0.36066813471929704,-0.026283313517258423,0.9137484190964237,-0.12990577636354292,0.2750976151815313,-0.07898265719253712,0.3329399413354427,-0.01668012056632886,-0.493946186074494,-0.06855214426199106,-0.11408682644237321,0.016561589661521006,0.003477309089277554,0.08929700594113758,-0.2676045099285741,-0.25477839802826135,-0.358520019652374,-0.2772900008821861,-0.08380819130304265,-0.27072373059314087,0.06763275926620066,-0.03468588597370334,0.04038089374976964,0.01585776476033828,0.09136466855489107,0.006605809604291327,0.2645102065899761,-0.15883949155157676,0.09745803304334984,0.015198645148862357,0.31174056054715543,0.031074100105350666,0.6099262619274611,-0.05300220067444815,0.5762112697736479,-0.6082480618746643,0.5070016994762009,-0.6099262619274598,-0.19969627693903713,-0.0757901003519194,-0.1995101893127091,-0.19986356971718458,-0.15793388652261747,-0.19969627693903721,-0.41964090310027474,0.02884130178942962,-0.3735019833537119,0.419221598443175,-0.35585100139071507,0.41964090310027485,-0.2581286297305974,-0.11516201478362283,-0.23453913801186724,0.2580496289641631,-0.22104385370780466,0.2581286297305936,0.2045317711745516,-0.2780686678144238,0.07804391140810471,0.17246040195847948,0.35058249904183303,0.2045317711745516,-0.056505284614903006,-0.0557503646650279,-0.07770890735813632,0.006782034187598422,0.0004886304830026018,0.010663521393541724,0.036612301684507555,-0.0755093078587598,-0.01230516748922618,0.03884172723589609,0.09357410634137633,0.04763207844171516,-0.056977388014526766,-0.14277824324800703,-0.09820032337039128,-0.025707410375615834,-0.026992212532213608,-0.017429222807929523,-0.002007567762581362,-0.161790547500563,-0.07635561792008957,-0.050357701831615344,0.0902395809650617,-0.037797603783665056,-0.01579607261919818,-0.08065246415216991,-0.06838017853543839,-0.013172001114111067,0.03815109951142479,-0.004593219394973259,-0.02931862386783106,-0.12490898518538762,-0.09865130288376403,-0.06901838817299111,0.04477384048036334,-0.05791065067218096
acc_x_std,-0.17824488187053353,1.0,0.7896135471814537,0.9330571687636598,-0.9385711708928753,0.851812518518835,-0.1506682430060785,0.9404699934551694,0.7332386346249453,0.8273791179057061,-0.8886942410337739,0.6910432355349205,0.5424046452925554,0.7029025772064793,0.666319308017707,0.6702039988837587,-0.6782923477893171,0.6707502247513613,0.046410137634425044,0.07020159471745821,0.18948832260573054,-0.034137463756117606,-0.05556420178785456,-0.0705920284404712,0.13266981751222118,0.0339166270629677,0.1441182331626177,-0.05941176950366373,0.08595956820815208,-0.08147375252406247,-0.0037856107118711562,0.4325737944383131,0.39911572125127454,0.1535394846426357,-0.18754478504983849,0.09997051963393751,0.09923589215443858,-0.10185578250833008,0.07812116184532748,-0.09995879773249518,0.14329487213523978,-0.0992358921544375,0.36680758523147705,0.04457664407943933,0.3571453642761672,0.36688695414149763,0.32050153920224594,0.36680758523147744,0.12576366692402696,-0.033021085797609186,0.0979615284510416,-0.12597282237171525,0.10563967576848486,-0.12576366692402768,0.19169041821715674,0.1858423542440574,0.20592201156778123,-0.1915965811533402,0.13706962534829145,-0.1916904182171587,-0.037614018396086316,0.3591437865604101,0.08584661534946195,0.0012521152747477563,-0.17543902622830423,-0.03761401839608637,-0.012118643903842966,0.48651087092575945,0.3231135223003521,0.028219670160627687,-0.18068493003521782,-0.026340383593670445,0.007083027146390314,0.23372092963704222,0.10968574739899761,-0.09552067443843143,-0.2084389380018089,-0.13368187315940902,0.26594501021136135,0.47932628583251624,0.36971564999405204,0.2580934787946494,0.14601584177270138,0.24248564729344257,-0.10320473957111509,0.20684887623857043,0.056614428053402284,-0.030000580238672036,-0.35931865440036975,-0.04954145068014386,-0.026051643381925133,0.3687642986593396,0.2246468578676361,0.08051359319124908,-0.23520102452943126,0.03914914426260371,0.04099741946625903,0.1226773997591076,0.09521594926774676,0.027881978621325416,-0.08459709014688632,0.013382924713394851
acc_x_max,0.2560389230577349,0.7896135471814537,1.0,0.7359911486020657,-0.6301514647913957,0.6674979457711694,0.28274542639064526,0.8066117106138826,0.8947834558938675,0.7038448722115667,-0.6606746487236477,0.593795806584081,0.3815482653713056,0.679727580749296,0.6397578916597867,0.6793634460463669,-0.6403103613575192,0.6875384825448669,-0.03733206686113641,0.04569585393600773,0.1472131617641846,-0.09318676512885722,-0.1530385078312747,-0.13029331743770395,0.1398666372493302,0.015891220273191103,0.15136834029952648,0.02249033437222842,0.122470512622868,0.0033807850913356503,0.06997825577166612,0.25883140566785595,0.32818336167708645,0.05454182230143089,-0.017272028970541576,0.020656362749867683,0.38923471781127417,-0.17975705931754754,0.34492290990697244,-0.3896808357810032,0.4031053840944832,-0.3892347178112733,0.2746730573149489,-0.009056304368124829,0.26449733906209816,0.2746668070341381,0.2525074965259472,0.2746730573149481,-0.1251649186326852,-0.06752160202705468,-0.14854054729241895,0.12453335777997636,-0.10191929110476998,0.1251649186326851,0.13514079928856354,0.0926351025634093,0.13883426122407413,-0.13522251331937432,0.11653191666074232,-0.13514079928856618,0.07347471687719072,0.140450781718618,0.09769259586793322,0.08518398443666296,0.02230390735450531,0.07347471687719095,0.009165027662581392,0.38027178187673305,0.27335011580937774,0.10631408688328246,-0.12082656679396864,0.06725739495552668,0.0787131410820066,0.1897822020785709,0.14510881461013153,-0.02333639131036495,-0.08640838613653515,-0.05651170023666775,0.24246362367937765,0.4348700971995033,0.3246112009667479,0.24568450808305406,0.13516243498455563,0.23212201145451591,-0.04282686745561187,0.15753538761657895,0.07443217805273304,0.013434653440200697,-0.256454998210458,3.0318591302283155e-05,-0.0443807536220437,0.28011534801793864,0.15929267267324562,0.08653150993811755,-0.19165901827893883,0.06058707560443041,0.08008975737584069,0.11001141109568074,0.10179178993318624,0.05702027314798875,-0.02473504920529935,0.047725097006928216
acc_x_rms,-0.10516958743734464,0.9330571687636598,0.7359911486020657,1.0,-0.8701956749610215,0.9669001109636888,-0.07125853888732031,0.8779274189055397,0.7057829739940281,0.9157283552915014,-0.8080022555394466,0.8483087865850937,0.38255450849084327,0.6529790809190725,0.5952926092894836,0.6535433962416712,-0.6541575153485082,0.6937206518002532,0.05184307225142086,0.09552554316040157,0.18782659633526919,0.014002453189033277,-0.08114088131140557,-0.016031840673973573,0.19499407103541086,0.15857177534481015,0.2509794201623201,0.020225281723724394,0.0804594134737576,-0.010887043865658431,0.09022164652289719,0.5980949327697319,0.5640675232656458,0.3241757693390032,-0.22719439087603718,0.258936505169667,0.11232325255073584,0.016238756731076335,0.12932605039858908,-0.11207176794029766,0.10168500002996894,-0.1123232525507347,0.31970343944008806,0.144104965191992,0.3387415785354934,0.31989004559243606,0.25735070356584505,0.31970343944008894,0.06640798199852321,0.0677402137958499,0.07374567199873965,-0.06620587418870374,0.02751015798630701,-0.06640798199852412,0.21994708856754225,0.23101265576486193,0.25152347898978084,-0.21975939099948882,0.15857603791566094,-0.21994708856754533,0.0948530563399673,0.47333846608848795,0.23586176581668045,0.1384349034065306,-0.07243186189703783,0.09485305633996688,-0.02818991683825556,0.360682491844626,0.24852950855861447,-0.07872262785632542,-0.1424430156978156,-0.12239694901492278,-0.11678599062907408,0.11019782114916994,-0.02151454890768396,-0.07684281523132408,-0.2929464090282968,-0.09272323085008465,0.0845745453767412,0.3185874962255697,0.173772927165267,0.08945481689008819,-0.010129907111148216,0.07830665497957226,-0.2625632298758484,0.05492945582129993,-0.1158597663780897,-0.19521917942093941,-0.46728867931957485,-0.21199218952946852,0.09608302227966427,0.24023724294542237,0.3099531022946487,-0.039802346043532735,-0.10030536317975997,-0.07633156769115346,-0.0869601960450283,-0.0361495659937919,-0.06037907692341057,-0.12182366312313943,-0.12923173831935628,-0.1308233253128773
acc_x_min,0.36066813471929704,-0.9385711708928753,-0.6301514647913957,-0.8701956749610215,1.0,-0.7481898423329151,0.31987225102855316,-0.891488785014541,-0.6115464575449341,-0.7847420805855496,0.9091589645648449,-0.6196646612665143,-0.59446517554187,-0.6673140662565014,-0.6466207157861337,-0.623795930740764,0.6327813290926421,-0.5971070538946055,-0.03692569512995531,-0.12454185029908997,-0.21323536803454063,-0.06939481975369681,0.07731925183883731,-0.035174335162668866,-0.05879117910986198,-0.043310226083318915,-0.09116673717735041,0.08803227923700857,-0.01267694252414932,0.10069910976613897,0.09809821138178218,-0.4286749562209913,-0.33267735846372065,-0.17020150373744822,0.25718019422479177,-0.1190124195923859,-0.011637770312348672,0.0882896842593955,0.003233305593397653,0.012655760391603026,-0.06658993924694319,0.011637770312347863,-0.3292258847941497,-0.10063817449046635,-0.3288327833319741,-0.3293843189437741,-0.2649138184968924,-0.3292258847941499,-0.17903594853892252,-0.02437091102381209,-0.15966313976831756,0.1788205232646596,-0.12827747843478093,0.17903594853892302,-0.15539040266216092,-0.1836527183222587,-0.17859545631728327,0.15524613512731444,-0.10913276833009174,0.15539040266216234,0.06344811667402304,-0.39200431227571936,-0.07438040859893355,0.02071754499342832,0.2228002745989444,0.06344811667402309,-0.037921763677261966,-0.41729840852194117,-0.3433134735099721,-0.017524668451377585,0.11942275832514969,0.02822346179226338,0.0760418503604437,-0.16493678337254614,-0.02808286154784749,0.13490978373194693,0.27870538577166,0.16264635825555862,-0.19194651746601357,-0.4382090060383165,-0.3120278592341395,-0.17929788199492847,-0.08639399006945012,-0.16297048646655737,0.14841917524965537,-0.1696713182019853,-0.015624745469338286,0.07339458408354566,0.39176156969211345,0.09466930963758685,-0.0349669396865726,-0.3000668181037832,-0.26473235476795115,-0.015922003673021615,0.1733024003699425,0.02317634637163284,0.015234541699697767,-0.06694244722827575,-0.0446813381870656,0.020884274811853152,0.10406814814678182,0.034351635129275804
acc_x_abs_sum,-0.026283313517258423,0.851812518518835,0.6674979457711694,0.9669001109636888,-0.7481898423329151,1.0,-0.002236737296348691,0.7881371709218421,0.634524209459692,0.878348789315613,-0.703673455720092,0.8686299192642284,0.24838328843390267,0.5572934312211486,0.4899916031699872,0.5714985838340638,-0.5766502131192609,0.6371384763776037,0.07574856312354482,0.0431179512110839,0.14864817804437494,-0.03549436590798409,-0.034168173676805795,-0.05861747062396711,0.25683651927312656,0.1748895082688408,0.2987094359265146,0.05030785784476326,0.1271394904615431,0.01538836265700033,0.17761901622962437,0.6253775645357047,0.6244390469294692,0.36595076203654053,-0.19285071951655544,0.2989948540419728,0.09819397288413644,0.08021576073853623,0.134662537363825,-0.09737293162143403,0.06258996093792392,-0.098193972884135,0.29524517050175725,0.1530404857071238,0.3208466462649496,0.29543379339622466,0.23915157329113534,0.29524517050175886,0.0445944793319425,0.07747896595971991,0.060138168447022605,-0.04440438607624848,0.013341975358975598,-0.04459447933194348,0.24095033200880708,0.241878139382772,0.27143830695291327,-0.24073205936347608,0.1705725234099797,-0.24095033200881036,0.1465770460144478,0.4938793976242678,0.28921240838934104,0.1900440374148855,-0.019938896340722784,0.14657704601444757,-0.050999525025263615,0.3204870012004398,0.1992982139336894,-0.12119701524514459,-0.14282902385472748,-0.16215118098578518,-0.13092982465457656,0.08341030625283576,-0.04216493741151342,-0.06691797017045209,-0.28056439155743673,-0.07830458104629202,0.048386283911728396,0.2108314332381493,0.1079788640630233,0.054944137564794375,-0.024458362145061262,0.049696156466280596,-0.28951714371796317,0.004943114103203356,-0.16108983253536496,-0.23315477672937934,-0.4572550119535017,-0.24650715605630372,0.11632818291880435,0.20216921309271296,0.30599919546778565,-0.06293314695696982,-0.06384449523268929,-0.09708626969415851,-0.10421786860607302,-0.06648587193485431,-0.09135325826733375,-0.14701267841837928,-0.12945694245622036,-0.15360680770070773
acc_y_mean,0.9137484190964237,-0.1506682430060785,0.28274542639064526,-0.07125853888732031,0.31987225102855316,-0.002236737296348691,1.0,-0.09201994595732721,0.3684224605044532,-0.002382895119991814,0.3145782580851572,0.07424498654382562,-0.4660603169913329,0.010544697006637245,-0.039870693021394905,0.10741369187241677,-0.06278062318624543,0.18703610256246175,-0.3043714353182418,-0.2093693819538885,-0.35233242105573964,-0.23595949648605338,-0.16563789429407216,-0.23388492000860503,0.07409944822408378,0.01701487377275005,0.07220531600834812,0.061455380738428544,0.0753991445365346,0.06127765360939876,0.22415900791125576,-0.10402389579461402,0.11740562006018825,0.023130336961848384,0.2529726204849489,0.03364948510769806,0.638656619223138,-0.0648583812408126,0.597991291537957,-0.6371628831961638,0.5254413786794466,-0.6386566192231362,-0.19477146951884627,-0.06463514111846164,-0.19083006903222424,-0.1949339858244464,-0.15323986380552926,-0.1947714695188463,-0.4625042618019396,0.02820235557807992,-0.41302461705673166,0.4620685299716174,-0.39077423779941967,0.4625042618019398,-0.2210241916756046,-0.1235203067033388,-0.2100371035548546,0.22090325828482016,-0.1844536995185584,0.2210241916756005,0.24196044496823008,-0.26143080233694105,0.1167450322344332,0.21010455006573533,0.3922423042382745,0.24196044496823033,-0.012443915572464376,-0.12747499198269208,-0.06024958864860237,-0.012980575773633974,0.05940245969895252,-0.0008498079991973811,-0.0422430055167887,-0.13502076323842546,-0.0831340891076247,-0.00150451075632808,0.019960734781959946,0.018858813051286647,-0.10690667295637533,-0.1514505296378011,-0.14407905561424916,-0.0804445455829649,-0.08269870742417941,-0.07271198798433978,-0.06173886778998046,-0.19504328605063934,-0.12278106463896482,-0.10882801081511126,0.02364234789286698,-0.09919414698152511,0.04911235039074674,-0.15408058250074697,-0.026070752198770458,-0.08233093498957061,0.10502768831655512,-0.07037764786017603,-0.0771745058135242,-0.17923230141679136,-0.14927112830228628,-0.1185150052286847,0.025492502370034652,-0.10553398245673028
acc_y_std,-0.12990577636354292,0.9404699934551694,0.8066117106138826,0.8779274189055397,-0.891488785014541,0.7881371709218421,-0.09201994595732721,1.0,0.800482456363286,0.8840287328401754,-0.9350422473311323,0.7329057320858642,0.5420002945118992,0.7430419592636397,0.7002291439576285,0.7163959029222208,-0.7070937730697081,0.7133794728710643,-0.0397162615602144,0.1123678686009615,0.18322408267125723,0.02135907584817374,-0.13828718932377188,-0.013647317024297903,0.18196994043782538,0.08244946576833621,0.21480917118956724,0.06015568363383304,0.1098945603131582,0.04162713555908222,-0.003033173523055864,0.4162557005058027,0.3938372440290316,0.17663268554935094,-0.16492431905184987,0.13207258265591892,0.16800776736163145,-0.07661724116406064,0.16334789666885313,-0.1683253990520882,0.19323740166093115,-0.16800776736163028,0.3576073328715275,0.0239895963732115,0.34861249263872174,0.35765793760439385,0.31676314884079615,0.35760733287152646,0.10071557124789249,0.025125989200064838,0.08726618539356454,-0.10064916103888064,0.06469308890073418,-0.10071557124789307,0.15142255915452138,0.14950530633472123,0.16974065354655538,-0.15138176645089085,0.11816632189262757,-0.15142255915452466,0.0986113523781493,0.3372125171669938,0.1880917020581056,0.12984494795874243,-0.020717937867572013,0.09861135237814922,0.004280934764130925,0.3921688334851068,0.29335419444875516,-0.019024615103225534,-0.133181230699608,-0.06300649793992567,-0.10711446915607173,0.13298822165464183,-0.002428646518197686,-0.08157743122591572,-0.30968500998242793,-0.10304986986507328,0.1459871857999856,0.4201837075167819,0.25677960367130076,0.14174242094238348,0.029615255907904838,0.12579224659509072,-0.2169745380693257,0.10606267450131314,-0.05505897736094762,-0.14343387413609082,-0.46192147922028837,-0.16314290420856964,0.06502472624105368,0.2609691653028523,0.28739210286452077,-0.01258465522577694,-0.1317995759681584,-0.04850622631363825,-0.05874957397436826,0.02797597010496033,-0.008711897578873837,-0.07344821504906227,-0.14149519590842843,-0.08544731570592816
acc_y_max,0.2750976151815313,0.7332386346249453,0.8947834558938675,0.7057829739940281,-0.6115464575449341,0.634524209459692,0.3684224605044532,0.800482456363286,1.0,0.7308062553490696,-0.600077661666598,0.637233270927848,0.3913165005803168,0.788977596849917,0.7252884034824857,0.8057304979692911,-0.7975831442600788,0.8214145184912308,-0.15583627609977335,0.055613333269206824,0.07536772268882114,-0.05461594515506141,-0.23980479601323693,-0.09156873766332631,0.19334165296811648,0.08425904659602301,0.21513209299199282,0.11007964629921578,0.1166128697108441,0.09682952017503867,0.056984578709486075,0.28517593766375876,0.3381471206335742,0.12190998828895194,-0.04666359147875976,0.09303818288963527,0.43199473394283905,-0.13276078936416316,0.40064708895281415,-0.4319116134312218,0.41437013253271726,-0.4319947339428383,0.244859767712386,-0.014473691111701823,0.23370107790323316,0.2448274625204907,0.226036404867681,0.2448597677123849,-0.1104585645037658,-0.010649969918191593,-0.11677581641823698,0.11006397398426701,-0.10709670172516106,0.11045856450376544,0.03740548222974678,0.08851849963066645,0.06484581555058065,-0.03741800524855695,0.028767484014535806,-0.03740548222975132,0.21221936168611777,0.1570522562933516,0.21720977825201318,0.21987462376894545,0.1663435758110168,0.2122193616861173,-0.014004401684752633,0.2334027279265035,0.1727514809872376,-0.02556280282233934,-0.09090636438561758,-0.049462546966300265,-0.1129245540553802,0.06493320566026048,-0.03881107242980341,0.010314257739807181,-0.27768407172768067,0.0049391491033240085,0.057189236958400586,0.359130075277694,0.15226329395410038,0.062478763836579555,-0.06172203199550267,0.04723157291643583,-0.22610604542820592,0.02863304188756782,-0.09839257101122316,-0.16909857150448146,-0.439405980927793,-0.18492857337066249,0.09362881975928652,0.11161049314239721,0.23438626174900334,-0.05786570180477639,-0.038116760680332686,-0.07664722783129757,-0.09986794445715198,-0.044328723530400106,-0.07182930367930063,-0.12196994725498168,-0.1326683076562708,-0.12790759165025473
acc_y_rms,-0.07898265719253712,0.8273791179057061,0.7038448722115667,0.9157283552915014,-0.7847420805855496,0.878348789315613,-0.002382895119991814,0.8840287328401754,0.7308062553490696,1.0,-0.8089895118832695,0.9527591936519069,0.3235659656014307,0.6570729397169577,0.5907091797488416,0.6769104296662416,-0.6506663087922111,0.7252314729019969,-0.011398033086508705,0.18813728028239884,0.21253354320661125,0.14005547685257239,-0.18943337068502722,0.10985727760635866,0.23499615721268655,0.307043107942035,0.37597697390810025,0.17995229639351312,0.0634664736077044,0.14557612150248428,0.08323568084318579,0.6312550080151265,0.5758149334608849,0.38821090463461266,-0.24870839912344175,0.3288263529806527,0.18026412460858499,0.07623331938091357,0.2271653397646412,-0.1794419563965195,0.13704662300759327,-0.18026412460858432,0.2986107043290738,0.13451094373689376,0.32358467861027057,0.2987868824309505,0.244789296423105,0.29861070432907233,0.02713571381872197,0.16638659611716855,0.06970258429991424,-0.026435414669206774,-0.03012937937284988,-0.027135713818723015,0.1987774783791378,0.19236875302993192,0.22675483198003019,-0.19862563974159383,0.14634877384496053,-0.19877747837914264,0.2881077297614275,0.48103289173542585,0.40069210657740745,0.32462174707556185,0.13796619086245857,0.2881077297614278,-0.003343304629821132,0.18422476783185499,0.18389150785298733,-0.17116193991017556,-0.05862726525747979,-0.1957511262944787,-0.2944500691749433,-0.056784783764619366,-0.20147698859208005,-0.062488332958875306,-0.4354514333518048,-0.049009778225954176,-0.12017878717186842,0.1789207225211324,-0.030684321354159744,-0.10938407380406454,-0.19583096178318507,-0.11864915160721957,-0.44409155859047994,-0.11541812671282163,-0.3039602662926416,-0.3791133163878072,-0.6125711001805197,-0.3943701813237849,0.25001326509739236,0.056498335969932284,0.4091985502064227,-0.19668261564540948,0.07753006563219707,-0.22503713141300188,-0.24407554327483189,-0.20104259504074515,-0.23202345838891586,-0.29082696185435564,-0.20407643279575127,-0.2952894886934313
acc_y_min,0.3329399413354427,-0.8886942410337739,-0.6606746487236477,-0.8080022555394466,0.9091589645648449,-0.703673455720092,0.3145782580851572,-0.9350422473311323,-0.600077661666598,-0.8089895118832695,1.0,-0.6283753575349853,-0.6041224822569402,-0.6579790180178501,-0.6516024240998566,-0.6126729867009885,0.5697820558886628,-0.5773587822382834,-0.024605331821923808,-0.12380134798730899,-0.23640770888356824,-0.06398328249660572,0.07539156210548568,-0.03211959604489506,-0.07472612758933472,-0.04441946804831838,-0.12148906927144473,0.031461455125941874,-0.04375456330948792,0.04428169453724399,0.1132238740530499,-0.3948944540699954,-0.3030533408399978,-0.13576587804801438,0.23838692818311769,-0.08670039122127714,-0.029115786646187015,0.10666735447970647,-0.010986073158776134,0.030269680897471216,-0.09034283791703315,0.02911578664618615,-0.3454200390498548,-0.05217083603764939,-0.3379314013959469,-0.34551907378863717,-0.29758168047983374,-0.3454200390498541,-0.18696219814299167,-0.028395263711115268,-0.16614598060113697,0.1867176883568246,-0.135639700572895,0.186962198142992,-0.1444094005592608,-0.11288869738400954,-0.14930515209615422,0.14439182357898198,-0.12384439332936853,0.14440940055926296,-0.02878893240509623,-0.37212285377943,-0.14310948390189046,-0.06556267157861917,0.1159234050368146,-0.02878893240509625,-0.030270666726974708,-0.3805375395388673,-0.31321615085635085,0.009945269759009013,0.10910838178207162,0.052570177152951945,0.10479559286861546,-0.11917741516938614,0.003413939618630223,0.12721742176049686,0.2857782267505198,0.14869465026033254,-0.15741972582275887,-0.40476628391181163,-0.2735503688516652,-0.1440567309006309,-0.0637773572371048,-0.12915029396325892,0.17404564127272065,-0.1288161431625552,0.014211059992348606,0.1010491291676017,0.40628350828823756,0.12099902617436238,-0.05524224861689005,-0.26349811825601316,-0.26944364844053215,0.0027137010328562175,0.13877478204742377,0.03832195532566162,0.030411679050644985,-0.041071089573701244,-0.018840883289253735,0.038914152369251116,0.1098647983469633,0.05027017388768183
acc_y_abs_sum,-0.01668012056632886,0.6910432355349205,0.593795806584081,0.8483087865850937,-0.6196646612665143,0.8686299192642284,0.07424498654382562,0.7329057320858642,0.637233270927848,0.9527591936519069,-0.6283753575349853,1.0,0.16309606526551032,0.5485642726185654,0.47029913573533916,0.590228926445466,-0.5705574598028254,0.6693750792024334,0.02944624564778623,0.1852269256357475,0.20882996833262615,0.161165358777152,-0.16859571831760467,0.13778851169324163,0.32106148102656185,0.4018534260162978,0.48358431993079287,0.2757806581597019,0.09959038044724812,0.23349701481499788,0.1699669543457439,0.6830001068661644,0.6339941074509323,0.4570847937332468,-0.24440869765688292,0.397907735566006,0.1429208837391063,0.1749814565527991,0.2212662925747456,-0.14132063765344313,0.06271968834022285,-0.14292088373910478,0.26490415537835377,0.16610394662220387,0.3006402406743738,0.2651032977021751,0.2116094718261563,0.2649041553783527,0.007678725457565384,0.1996459105664389,0.06990437133023705,-0.006836276650370247,-0.04717735085216825,-0.007678725457566356,0.23488770303197412,0.23726925522540568,0.26960330749526645,-0.23464314012521767,0.15571504823113091,-0.2348877030319789,0.37646036230588337,0.5206186973398291,0.4912908595787717,0.41263272372382725,0.22206185290281816,0.37646036230588364,-0.03594396962991718,0.08132457889023287,0.0868687540405761,-0.2518342469723498,-0.045294556359937,-0.2670653784026349,-0.3518610103762213,-0.11370159299883964,-0.2633704772270625,-0.03216365819238921,-0.46055769122955414,-0.005419903487036511,-0.23312963965612163,0.04032132499911872,-0.16959302093315948,-0.21628183900945888,-0.2906612090389457,-0.22107406358273915,-0.521189827842014,-0.2057367055040116,-0.40345714303528085,-0.46489043250825385,-0.6412953710073203,-0.4763946353117023,0.31168587747730203,-0.030631843920120756,0.42906566133492663,-0.26116457066735316,0.16399352937378026,-0.28541805622150745,-0.3117884246850097,-0.2781689641434278,-0.3136728107255314,-0.3692663975433095,-0.2266355371741251,-0.3712404528319039
acc_z_mean,-0.493946186074494,0.5424046452925554,0.3815482653713056,0.38255450849084327,-0.59446517554187,0.24838328843390267,-0.4660603169913329,0.5420002945118992,0.3913165005803168,0.3235659656014307,-0.6041224822569402,0.16309606526551032,1.0,0.70790551830562,0.7641901626118848,0.6099931536384785,-0.5455261760459528,0.4731366874079416,0.07608550377593815,0.19166063929566593,0.3087112717615828,0.14279380531297117,-0.056341137930573125,0.11989400664559358,-0.0890882004653616,-0.10699859416485849,-0.09839469377149765,-0.15708224771896412,-0.044165982556598087,-0.15121977965691977,-0.42451118441492103,0.010748334712386237,-0.2135178589809252,-0.22472972061364724,-0.2912320859407874,-0.23489743548813724,-0.17445444064870827,-0.2987816184838281,-0.28016131207568473,0.1711273616401012,-0.02722632483158618,0.1744544406487083,0.2753994387612306,-0.08502808535490841,0.2201126964728062,0.27537274802340883,0.25505802427919533,0.2753994387612298,0.3128889068920845,-0.1980818779299784,0.22272713084581083,-0.3136820440876406,0.30294006772965987,-0.3128889068920842,0.029503941554752,0.0426948764710711,0.04196443439787529,-0.02961339811073669,0.05270291633341219,-0.029503941554751487,-0.2008395378090374,0.17804584501321377,-0.1214464627146508,-0.1779025551176246,-0.31464141992422795,-0.20083953780903752,-0.006500018078290472,0.3286087640977382,0.17940774447333163,0.07452155285607054,-0.14212380086910748,0.04608163004269724,0.04181803685675607,0.24148548531636999,0.13152049501765775,0.04593419232778958,-0.15109787138538944,0.013096035218612355,0.2586843567177529,0.6179507449300132,0.399699815630785,0.22980891671524042,0.0914971824861836,0.20229730000588897,0.0647884102897472,0.32630520152307574,0.21538585092278048,0.14848724488257262,-0.20585472322391218,0.12568222878538327,-0.08224152011229936,0.2604065397667528,0.06229251943976899,0.11361701282920418,-0.20242081529737094,0.09286775387031684,0.09974183381746775,0.2710072787426512,0.2112327173403528,0.15022078802863378,-0.09194800525988954,0.1283750953024483
acc_z_std,-0.06855214426199106,0.7029025772064793,0.679727580749296,0.6529790809190725,-0.6673140662565014,0.5572934312211486,0.010544697006637245,0.7430419592636397,0.788977596849917,0.6570729397169577,-0.6579790180178501,0.5485642726185654,0.70790551830562,1.0,0.9783408253654984,0.9876402232808205,-0.9250850202516387,0.9385336439915187,-0.07249269109412736,0.17179769079449106,0.19958787788737792,0.08236924996486057,-0.21732885148587755,0.052575670425389076,0.09432672802659008,0.07578553109950449,0.14265889493988596,0.018950383137058255,0.021428915162633667,0.012258861410107829,-0.15918442725968193,0.31108408264785076,0.17957119222503912,0.08764128101272975,-0.25215225236535105,0.058802177729852065,0.11581138283185746,-0.14962002978212915,0.07484353196299509,-0.1169553463486539,0.152190461561463,-0.11581138283185656,0.1943036533517156,-0.04146643963711314,0.16180810143322705,0.1942787075275123,0.1690356183459896,0.1943036533517147,0.05987518480851352,-0.03094023292982639,0.03642852062117897,-0.06008213573283684,0.03315370679980222,-0.059875184808513754,0.025791802993876563,0.11918835547630151,0.060386399703165713,-0.025729910426332513,0.014015244469972153,-0.025791802993882153,0.15890620220092952,0.29907296310320136,0.2111040858517729,0.17823226177281168,0.02762895998050208,0.15890620220092938,-0.03226412131447156,0.2156054722216347,0.11795294953500395,-0.09251481931144141,-0.11639894852993037,-0.11122573839155264,-0.18916213063381013,0.03627705741553959,-0.1003130861224328,0.008030718106010339,-0.35841839932728653,0.00966415579459109,0.027377907395066098,0.5076260535793694,0.17568084713518872,0.0324276939240373,-0.14902117230733142,0.006878812121254635,-0.24108286765562092,0.056340144088334675,-0.08895090959607578,-0.16141518728971574,-0.4849744252942062,-0.1808343957077038,0.13676084758057883,0.07881414806956193,0.262036294061657,-0.10988490766033734,0.0019275162565534877,-0.12896219684221036,-0.10955179173460856,-0.005459723705854873,-0.048041900746983814,-0.10575912462181883,-0.17000233599614767,-0.11528529733548205
acc_z_max,-0.11408682644237321,0.666319308017707,0.6397578916597867,0.5952926092894836,-0.6466207157861337,0.4899916031699872,-0.039870693021394905,0.7002291439576285,0.7252884034824857,0.5907091797488416,-0.6516024240998566,0.47029913573533916,0.7641901626118848,0.9783408253654984,1.0,0.9549378057991347,-0.8509541247306882,0.8721143495015428,-0.05563121854565211,0.14583975186256054,0.20702386855718552,0.06707040729797176,-0.1778085214919458,0.03739447286435062,0.06254092285685338,0.03614818020853745,0.1049879110338492,-0.01804266632857855,0.017815162645098154,-0.021462900112058113,-0.21428147944973824,0.2490657797222042,0.1067529203044724,0.030733776284766694,-0.2602782285100816,0.004008877273831385,0.07820638567947837,-0.18459206297915307,0.023407546526794314,-0.07979118753574356,0.13212771147170244,-0.0782063856794777,0.20275363067034416,-0.05484930316356608,0.16293443294214668,0.20271849455151839,0.17976952223446035,0.20275363067034258,0.1016144801077149,-0.0540035851632787,0.07060864415064821,-0.10189568555302835,0.07788576398023127,-0.1016144801077148,0.005520694519351085,0.09883804437599601,0.03510711843172959,-0.005501587780802954,0.0001637732033390644,-0.005520694519356209,0.10366907320921288,0.2797810810118954,0.16012222335583604,0.12388165780165432,-0.024251796513781527,0.10366907320921302,-0.044121825699160136,0.23108117465795677,0.10563682207562265,-0.08023556503022121,-0.13452293442741192,-0.1003370820931258,-0.15124417905755977,0.06225656823227989,-0.06365048899634991,0.006375563848970481,-0.31933216284984967,0.003895652145716252,0.06434066520362455,0.5314884755341215,0.2195531414280499,0.06499421471283715,-0.10740938420288662,0.038724486260148114,-0.19048514590926074,0.09668889881422732,-0.037930563589388594,-0.11004408602078086,-0.4386743515792478,-0.13058127094375147,0.09466091573415455,0.11124838135513278,0.21875050288994263,-0.06783744229829355,-0.03762023835373271,-0.08712938025206803,-0.08302394581866013,0.029900539048919483,-0.016161689302355144,-0.06992745064141895,-0.16485258307459758,-0.08012816763138826
acc_z_rms,0.016561589661521006,0.6702039988837587,0.6793634460463669,0.6535433962416712,-0.623795930740764,0.5714985838340638,0.10741369187241677,0.7163959029222208,0.8057304979692911,0.6769104296662416,-0.6126729867009885,0.590228926445466,0.6099931536384785,0.9876402232808205,0.9549378057991347,1.0,-0.92652855859357,0.9737211573912131,-0.10438267945499333,0.16103882517231516,0.1608019093682353,0.07407530831132937,-0.2437068471535033,0.04520892711637426,0.11384654534472852,0.11705338552544617,0.18146030395428472,0.051077340984622494,0.020951727173944494,0.04113999881279573,-0.10779005982749872,0.34729193883380854,0.2348037370934005,0.13780126622390831,-0.23945040326376718,0.10757318727462467,0.17236304751869358,-0.11586679980277183,0.13888307245106038,-0.17306882097576973,0.18060550840297576,-0.17236304751869247,0.15476791052581063,-0.033914435236858116,0.12859887501925088,0.15473735223769694,0.13275669836539522,0.1547679105258099,0.0027895975042221736,-0.002671612200063232,-0.007455967093595411,-0.0029101614293581585,-0.021937654452345846,-0.002789597504222565,0.0069156449158689305,0.12222380660266022,0.047527811039807875,-0.0068247841837277695,-0.006081584804215815,-0.006915644915875289,0.21960736764809544,0.3001763575993252,0.26360519719140046,0.23681697098390467,0.0977558046105065,0.21960736764809555,-0.03292465088427214,0.156936215147536,0.08796728188242246,-0.1282821937794623,-0.09366030393715805,-0.14152643063595952,-0.23379484222330457,-0.016020801446424798,-0.1515031528864288,0.008753086404447403,-0.3862117449323079,0.019316728607526482,-0.039014016828987884,0.44519902647225723,0.10169162576015202,-0.027609033549691374,-0.20552667593529247,-0.05127702387792904,-0.2955964039824894,-0.009054595295630567,-0.15358568041205595,-0.22196266315532792,-0.5165846108071501,-0.23974890553834607,0.18138058499997278,0.02064080431137511,0.286548113443427,-0.15782058159237486,0.05689059279155758,-0.1743217679407649,-0.15668789072396977,-0.06980260658577667,-0.10912668609679355,-0.16170740412684292,-0.18254158587761288,-0.16857228188481116
acc_z_min,0.003477309089277554,-0.6782923477893171,-0.6403103613575192,-0.6541575153485082,0.6327813290926421,-0.5766502131192609,-0.06278062318624543,-0.7070937730697081,-0.7975831442600788,-0.6506663087922111,0.5697820558886628,-0.5705574598028254,-0.5455261760459528,-0.9250850202516387,-0.8509541247306882,-0.92652855859357,1.0,-0.9267661236398911,0.07030328437573638,-0.16630956074289172,-0.177635492399306,-0.052632210647456046,0.2113656531960018,-0.017837805855165048,-0.11750719109028984,-0.0930558435482678,-0.15335432886888958,-0.0278432951097056,-0.02064599801715349,-0.018498543622197085,0.08760176784787119,-0.32631686023256884,-0.21640558704828228,-0.11390684974909616,0.2143563929381929,-0.08695016105446843,-0.1504185236721003,0.11607371304393162,-0.12232031505854613,0.1511587948036735,-0.17143767052093392,0.1504185236720996,-0.16200531820341854,0.05672614499024688,-0.12644160541412008,-0.16194872533160465,-0.1439893350962848,-0.1620053182034178,-0.023312644935053358,0.043603037550307436,0.0007312796965661532,0.023692712471411984,-0.003818007041392199,0.023312644935053986,-0.01314872659342463,-0.12301224272983864,-0.049929228650230174,0.013041787620762189,0.003718078363348018,0.013148726593429885,-0.15866821974936773,-0.28745239772201203,-0.20741036937962637,-0.17627999248931922,-0.030652311720784583,-0.15866821974936768,0.030431098175109233,-0.20489549611100286,-0.11967425280995582,0.08928809738720433,0.10620747516470337,0.1081948783253782,0.1972142759185451,-0.0317664021704893,0.11016883578598843,-0.019613662031031126,0.35571660193580895,-0.022768323338451132,-0.014423087165050304,-0.4442833270108072,-0.13522281658151294,-0.019775235636601957,0.1592052632309246,0.0035103053886939703,0.25203493883273226,-0.03137390640693196,0.11044334702856651,0.17897407896120918,0.46706061798739856,0.19507322656127307,-0.14666594511112116,-0.05295807107800067,-0.25708260293211144,0.12306571666000307,-0.018255381066326508,0.140250760227617,0.11650295735288677,0.016675941691758445,0.05403513623164082,0.11681522576400298,0.16214028993504798,0.12546222685136196
acc_z_abs_sum,0.08929700594113758,0.6707502247513613,0.6875384825448669,0.6937206518002532,-0.5971070538946055,0.6371384763776037,0.18703610256246175,0.7133794728710643,0.8214145184912308,0.7252314729019969,-0.5773587822382834,0.6693750792024334,0.4731366874079416,0.9385336439915187,0.8721143495015428,0.9737211573912131,-0.9267661236398911,1.0,-0.1056221406605439,0.15727453656661303,0.13307579189130556,0.06072475945802549,-0.2578696517215706,0.031660695883150354,0.14961015472859138,0.161902186551478,0.2270511901188304,0.09103270969650903,0.028948047852418297,0.07504478906823928,-0.02514220653087887,0.4077185087327226,0.3216907694230512,0.18996371619640826,-0.2198856583696306,0.15297202451104244,0.2342068871517606,-0.07858669794431018,0.21047671017446257,-0.23443727730263145,0.21514594440285062,-0.23420688715175944,0.11715470187425513,-0.026006454559787815,0.099736765201357,0.11711659177353553,0.09958469791905361,0.11715470187425468,-0.06647906590319047,0.004723209991817136,-0.06941799361046559,0.06629301413766313,-0.08116392770164305,0.06647906590318982,0.009072917781292532,0.1267068666106215,0.05269188356701908,-0.00895001818922845,-0.009195859628246825,-0.009072917781299152,0.261173524979856,0.31697832867933257,0.3072793142704072,0.27864000524565563,0.1448597631867986,0.2611735249798561,-0.019116404520693863,0.12629203121321286,0.09011001753586244,-0.1442962830536674,-0.06738586241413025,-0.15490565102241685,-0.265769737440744,-0.04738490025667633,-0.18657575010582744,-0.004247324653266602,-0.4050260953663052,0.01093633389307964,-0.08086853354836541,0.38087977022010294,0.039969808073130254,-0.06481369235121276,-0.2392910785610607,-0.08566339968416134,-0.34247903267316326,-0.06343388828433345,-0.21216877152292563,-0.27586609423690056,-0.5387118202934954,-0.2907298883377363,0.22228777990783322,-0.014872609729735578,0.3232492459051714,-0.20024946839901406,0.1023619769179119,-0.21647110950236312,-0.17987621899411826,-0.11542648368835094,-0.14667309697348643,-0.19797956852015358,-0.1740667310876938,-0.20264136935534305
