,acc_x_mean,acc_x_std,acc_x_max,acc_x_rms,acc_x_min,acc_x_abs_sum,acc_y_mean,acc_y_std,acc_y_max,acc_y_rms,acc_y_min,acc_y_abs_sum,acc_z_mean,acc_z_std,acc_z_max,acc_z_rms,acc_z_min,acc_z_abs_sum,gyro_x_mean,gyro_x_std,gyro_x_max,gyro_x_rms,gyro_x_min,gyro_x_abs_sum,gyro_y_mean,gyro_y_std,gyro_y_max,gyro_y_rms,gyro_y_min,gyro_y_abs_sum,gyro_z_mean,gyro_z_std,gyro_z_max,gyro_z_rms,gyro_z_min,gyro_z_abs_sum,quat_w_mean,quat_w_std,quat_w_max,quat_w_rms,quat_w_min,quat_w_abs_sum,quat_x_mean,quat_x_std,quat_x_max,quat_x_rms,quat_x_min,quat_x_abs_sum,quat_y_mean,quat_y_std,quat_y_max,quat_y_rms,quat_y_min,quat_y_abs_sum,quat_z_mean,quat_z_std,quat_z_max,quat_z_rms,quat_z_min,quat_z_abs_sum,encoder_angle_mean,encoder_angle_std,encoder_angle_max,encoder_angle_rms,encoder_angle_min,encoder_angle_abs_sum,grf_x_mean,grf_x_std,grf_x_max,grf_x_rms,grf_x_min,grf_x_abs_sum,grf_y_mean,grf_y_std,grf_y_max,grf_y_rms,grf_y_min,grf_y_abs_sum,grf_z_mean,grf_z_std,grf_z_max,grf_z_rms,grf_z_min,grf_z_abs_sum,grt_x_mean,grt_x_std,grt_x_max,grt_x_rms,grt_x_min,grt_x_abs_sum,grt_y_mean,grt_y_std,grt_y_max,grt_y_rms,grt_y_min,grt_y_abs_sum,grt_z_mean,grt_z_std,grt_z_max,grt_z_rms,grt_z_min,grt_z_abs_sum
acc_x_mean,1.0,0.08054331858277257,0.09858396449426096,0.08121855829380721,-0.0659007840839941,0.1290323261777383,0.8267731327712871,0.012880715278722048,0.06385713368356483,0.007432115445034494,0.01798917510980273,0.041651790489989064,0.014263844099184667,0.24737929668465583,0.25015244171031903,0.2243898257775236,-0.1575174718012009,0.23842054743927982,0.41675041139046237,-0.022201622627728033,0.18045992751504944,0.05664477041440098,0.13919337965272374,0.048292926430047046,0.19228487104253147,0.11294720827200132,0.3022017560948763,0.1727372758011774,0.053323437816162854,0.19891683746704864,-0.06530499878360735,-0.004114153810464972,-0.128913089459731,0.04623971062475897,-0.09353326624413363,0.0525247123527942,0.21705365927111397,0.13701675906899274,0.210784113619141,-0.21591472915862608,0.23891081884183912,-0.2170536592711135,-0.1741941621403492,0.041681108885407124,-0.1810603325881287,-0.174225885222822,-0.15230314292658542,-0.1741941621403501,-0.22658635503457028,-0.10303855780438231,-0.251332302057636,0.22618621671533518,-0.19055902513805262,0.22658635503457003,-0.046781526061232655,0.028904487005628282,-0.010872808848760481,0.04684685325856676,-0.03435791255694017,0.04678152606123078,-0.015590231348053268,0.015180568675546709,0.05252185565621335,0.00900630375540165,,-0.015590231348053258,0.023059264411978978,0.0796524019169425,0.026389201257954416,0.05885355567649349,-0.00888552224035471,0.05604629315176807,0.09984403548326655,0.08783943351342041,0.14528294166712116,-0.08832981838406061,0.03136542178001042,-0.09795341235797148,0.17562612087284796,-0.009078998528991258,0.14159248210179723,0.17396559681493629,0.17852464415697497,0.17728768859901417,0.10542946876342063,-0.02983773698349155,0.0844108884546402,0.12288686842111964,0.04612565294738342,0.1324205702310172,-0.0403074978868489,0.14413285701658218,-0.03698747239273294,0.05900416154802473,-0.10610066200134233,0.04893546368685667,0.07709101636304402,0.008059313946579955,0.058203733328802305,0.06446349989646369,0.03747566620948575,0.06268360727821246
acc_x_std,0.08054331858277257,1.0,0.973575303265912,0.9997975763855935,-0.9917833081869689,0.9931695694951744,-0.0697609652931062,0.9899067325181052,0.9731483339405473,0.9889867790192756,-0.9902960113646421,0.971196703190882,0.905304724942461,0.9523821476920202,0.9367499479976591,0.9556268789506719,-0.8712576915103206,0.9596068461713884,0.5577137693787481,0.38931657024779026,0.6490042344901196,0.4931667206103426,-0.23027430369987142,0.4742610304634037,-0.39083927872377294,0.8240236470235481,0.47881144790586855,0.7606253860157642,-0.800201781043363,0.7292442295805643,-0.679120000107516,0.9162133679878595,0.41856128295544276,0.7616888887295749,-0.883269683612004,0.7123394140171426,0.6886821081441309,0.7260519433165533,0.7124442007479798,-0.6871378961272641,0.6602239606096421,-0.6886821081441306,-0.7183858755719281,0.5772976976452231,-0.7042198216704457,-0.7183070235292255,-0.6983968342273734,-0.7183858755719295,-0.5430711116408472,0.504471195849375,-0.5284021151695714,0.5433178142562307,-0.5695193768283537,0.5430711116408461,-0.7414464484108434,0.4663463625149458,-0.74622963520251,0.7413623549935088,-0.6940593693400854,0.7414464484108427,0.28254400856741885,0.36083044644893575,0.41938126692108113,0.3443117164252164,,0.2825440085674192,0.4875532168805996,0.7749320292675423,0.573941919928902,0.4833685079411858,0.3657085263446519,0.46593513098589173,-0.5786654367596776,0.1386917262048591,-0.5262335218312183,0.5683980370916142,-0.5703333632102022,0.5650114662007893,-0.30661317344896083,0.6230586150723952,-0.029080479330806524,-0.21361460229459198,-0.6660313147733103,-0.26121330590794245,-0.6773814727771919,0.3442952716241194,-0.4069597100930127,-0.6132801298492342,-0.7038979486683967,-0.6392951863596995,0.5042875961749501,0.7537005663998645,0.5285297374514105,-0.4634025854057357,0.28166460999500575,-0.49145364217115906,-0.504761811307342,0.07663670240899914,-0.5411754981891282,-0.4776887505894267,-0.43517479184754804,-0.47678190386753
acc_x_max,0.09858396449426096,0.973575303265912,1.0,0.9745334642962608,-0.9590415543191176,0.9550208096725462,-0.03729503153771765,0.958226105940242,0.9957357983975179,0.95871063990694,-0.9527732481467975,0.934710824623404,0.8713783487086346,0.9201369559662056,0.9012847268999915,0.923178952685901,-0.8680179692129574,0.9386762408310533,0.6246046537757846,0.41054681507982044,0.679497611418146,0.5239185535996148,-0.2349246902159939,0.5040744331961932,-0.2985127519102898,0.7775951204747088,0.5293806562013467,0.7447285651538174,-0.7374980576913828,0.7254343021741864,-0.7013993875927468,0.9021907214143142,0.38128753690668293,0.7749733672208367,-0.8814747964022059,0.7312047221215859,0.7165158367707498,0.7434785145307117,0.7389118858572797,-0.7151447416769491,0.6885097445727296,-0.7165158367707505,-0.7504864851756076,0.6148706004411756,-0.7371546477038219,-0.7503832486058549,-0.7378342802243781,-0.7504864851756092,-0.5727034706516608,0.49441369458913925,-0.5643861596480971,0.5728942999866186,-0.5953610003305337,0.57270347065166,-0.7692967322498455,0.5235343009987155,-0.7597989679266318,0.7692770485811472,-0.7296734968492363,0.769296732249845,0.2648590138468853,0.33162566239637586,0.3808554820412915,0.3177474085098264,,0.26485901384688526,0.5224720260940995,0.745640079183694,0.6018708651831239,0.5194050582284594,0.415905528494286,0.5040641722706514,-0.5961156148332738,0.16041895141431173,-0.5385129063476074,0.5788965338254031,-0.593238219695579,0.5728633393434721,-0.2842677023401437,0.5872424155078408,-0.023605478783522635,-0.19875089404941623,-0.6392452266802708,-0.24279223775960676,-0.6724770661184708,0.36192841540894277,-0.39680300520403405,-0.6106400222078272,-0.7213806589265582,-0.6371745893331769,0.5285850740568515,0.7564643407037039,0.5542632104415002,-0.4885285516311605,0.3110955154761885,-0.5153048790586847,-0.5193977060220638,0.09672881616609444,-0.5453025970405307,-0.4991129433002169,-0.450351912458629,-0.4978808858937877
acc_x_rms,0.08121855829380721,0.9997975763855935,0.9745334642962608,1.0,-0.9908081735079848,0.9935066040578966,-0.07080863879336666,0.9901805624045624,0.9741850440464408,0.9895808734546441,-0.9902120569550944,0.9718526783120912,0.9040625692015696,0.951531920034868,0.9358758397950354,0.954759138211153,-0.8716956492878084,0.959158099855783,0.5610283840936735,0.389527713035595,0.6494242370664136,0.4937391314309805,-0.22965144696509204,0.4748667371756289,-0.38785870169820175,0.8241454686324784,0.48206628761441617,0.7638238060894157,-0.7990596060974524,0.7331277275826067,-0.6800542458304085,0.9187085285340382,0.41891645626887697,0.7630454712620283,-0.8853510600679411,0.7135420210251028,0.6892365884165147,0.7285798324625244,0.7133110383831253,-0.6876894257889118,0.6605117278136329,-0.6892365884165141,-0.7197556511887235,0.5796235462814571,-0.7059585394919023,-0.7196772781973437,-0.7002985908800033,-0.7197556511887259,-0.5426751720287887,0.5044923672302257,-0.527886560603633,0.5429185340231795,-0.5692020160119449,0.5426751720287882,-0.7447726983861798,0.4695088938833074,-0.7495991068611918,0.7446894802577335,-0.6970719195213996,0.7447726983861789,0.27992110078790516,0.35861906627823564,0.41774689235831053,0.34199001557284375,,0.27992110078790516,0.4882565899088665,0.7767226963249129,0.5749236440895085,0.4842720030994626,0.36657536016105763,0.4667993138480982,-0.581498731425452,0.13890991917988302,-0.5291837069959168,0.5689481229754672,-0.5730646798912522,0.5654545015524979,-0.30824385755830724,0.6232241863114386,-0.031034650274535405,-0.21536815648418203,-0.6681626848735531,-0.263054358648469,-0.6788682573936436,0.3443678783378503,-0.4087731631150467,-0.6150340528897011,-0.7056898141201031,-0.6409417653241214,0.5056690782805271,0.7542726802327457,0.5303400780315118,-0.4648722752370425,0.283452183895896,-0.4928482845983353,-0.5086450825418553,0.07644493792669393,-0.5460889243060448,-0.48293766760405893,-0.4380456491018859,-0.4818671770734823
acc_x_min,-0.0659007840839941,-0.9917833081869689,-0.9590415543191176,-0.9908081735079848,1.0,-0.9763123963938544,0.06287591808968564,-0.9734700982112303,-0.9579754894352291,-0.9715526524560082,0.9844876056988988,-0.9435341422627876,-0.9240061810807465,-0.9570600526257607,-0.9481299597041848,-0.9606479917730155,0.8373330354795474,-0.956021859341407,-0.5693927049050148,-0.3526289884486921,-0.6268000002167954,-0.4600363046832437,0.1874644235713319,-0.4393290177197856,0.35539407421980296,-0.7935088847572613,-0.46596048908315973,-0.7151072877036391,0.775345570924584,-0.6847730120565443,0.6447323967090041,-0.8811514069643023,-0.42446846165553087,-0.7243528338881344,0.8475736738216433,-0.6759072193632483,-0.6620168787543697,-0.6936130985269984,-0.6854586565175904,0.6604557383169617,-0.6348259073286593,0.6620168787543692,0.6917151889320303,-0.5593758641539679,0.6760197785849683,0.6916177175833674,0.6748174744461789,0.6917151889320313,0.5169494312010898,-0.4686605662038814,0.5057201151546723,-0.5171507644692278,0.5405574083437422,-0.5169494312010896,0.7140185113977806,-0.4345535570604057,0.7173255191624536,-0.7139267573296663,0.6666343133753367,-0.7140185113977803,-0.24544617672962926,-0.31760996450161805,-0.37337464044344565,-0.30240499741698695,,-0.2454461767296291,-0.45378296408811825,-0.7359315755155386,-0.5389543192697952,-0.4521832391925426,-0.3327968034954263,-0.43551992743570733,0.554919889463962,-0.10507279020057275,0.5103455832915258,-0.5509286949878077,0.5384615543318021,-0.5493343972464848,0.2991849318183791,-0.580952588143283,0.04673368393455139,0.2149498672387076,0.6470208788164649,0.25976242350020173,0.6576022101020503,-0.3089710268874031,0.4139528982550449,0.5974676085722015,0.6739522930046936,0.6184837371778394,-0.4638324935261182,-0.7232758192016703,-0.4869277294850545,0.42317825814036436,-0.23978817106909006,0.4510039663040109,0.47323978044494514,-0.04231042833991708,0.5165225112683431,0.45153518083235844,0.3990188841443213,0.44920688485012833
acc_x_abs_sum,0.1290323261777383,0.9931695694951744,0.9550208096725462,0.9935066040578966,-0.9763123963938544,1.0,-0.04450973739791841,0.9876216086721592,0.9550472342854497,0.9869183906153257,-0.9817968284926974,0.9812647078829522,0.877109971368702,0.9449406027894371,0.9259767315779087,0.9464292353129974,-0.8810017477860939,0.9538063623236857,0.5294270970694996,0.390061620958755,0.6394300629109859,0.4893375331043489,-0.23998724084949877,0.4722362154761819,-0.4316988208599593,0.8441542612726736,0.46817075431411376,0.7869840873331461,-0.8147032157758809,0.752752589244266,-0.6751617311144682,0.9258592244960685,0.4209216226348211,0.7622023065705097,-0.8895098350148714,0.7108206951747338,0.6844379611448201,0.7284289675385128,0.7085360820524448,-0.6828061945977322,0.6559236422782768,-0.6844379611448196,-0.7112647850694371,0.5645756344853118,-0.6989750680006862,-0.7112087591401761,-0.6873656305325527,-0.7112647850694378,-0.538893673662432,0.5121270724446657,-0.5209495604052424,0.539163726291873,-0.5669936774413755,0.5388936736624316,-0.7352079770172569,0.4531599644275919,-0.7456655935083032,0.7351046754993303,-0.6844236452384305,0.7352079770172569,0.29836902396503984,0.38809154391391315,0.4562122086970544,0.36894720345185883,,0.29836902396504006,0.480798269029867,0.79835595756596,0.5696453304769589,0.47709105999484763,0.35415787132516424,0.4584007312860352,-0.5714252341594822,0.1463639918013638,-0.5164677858645343,0.5593822612966639,-0.5664126893268521,0.5556900873649779,-0.31240882511842505,0.646798144408985,-0.021010869842420447,-0.21352178848241393,-0.6695596970491832,-0.2632088882245088,-0.6745320995169921,0.3460068816764634,-0.39732331325358844,-0.6086823377125828,-0.6971973715123556,-0.6362044947192861,0.5033943530274964,0.7567033448866857,0.5282513265884761,-0.46246617485192587,0.28342844293899444,-0.49074432173118343,-0.5060311647827788,0.08289600622476763,-0.5447418725803523,-0.4767424444695201,-0.4389605387789867,-0.4765131476779463
acc_y_mean,0.8267731327712871,-0.0697609652931062,-0.03729503153771765,-0.07080863879336666,0.06287591808968564,-0.04450973739791841,1.0,-0.15300495022626368,-0.051273490242474073,-0.15266986550422187,0.17707727922937747,-0.12381137078209284,-0.1286360032192203,0.07439954635003412,0.0878909078057926,0.05371755570366809,0.03433050304668694,0.060595137542644034,0.3015058327179896,-0.16004735449159346,0.0177610353269966,-0.09059454851092905,0.2244734373322915,-0.1074462337950692,0.258463967493472,-0.12225889858730071,0.12244516235620098,-0.026937583992560278,0.22506240556565035,-0.013948796263554775,0.020670208453054104,-0.13552932492437963,-0.17238236435737794,-0.05325675492729357,0.04795215505194675,-0.03837358948895724,0.06109533653847446,0.05041256088984029,0.057138501319300775,-0.06007560233123294,0.06673469176427543,-0.061095336538474265,-0.05083455654529692,-0.04134742825870381,-0.05001239197486275,-0.050843322530308974,-0.030792025693939802,-0.05083455654529763,-0.07995312477029767,-0.18114381206142818,-0.11963110776210809,0.07955280067898353,-0.059379931427835056,0.07995312477029727,0.04085033666570835,-0.023569116932686155,0.10398814869588868,-0.04077615466226757,0.050676199302394906,-0.04085033666570878,0.024969413948931242,0.03430950163479033,0.047858161749438105,0.03335399610167415,,0.02496941394893123,-0.06874683565373936,0.012978994808537323,-0.06369888832819791,-0.06174390275258237,-0.0923639223050289,-0.06385099054996854,0.027950495940966047,-0.0964921931339523,0.031425641307080435,-0.16603139854556134,0.046949747470567724,-0.1668291677439518,0.11395000470184168,-0.28031960228754116,-0.029374215988314266,0.08297655720912935,0.24753790061365433,0.10576701740626158,0.007117695742065255,-0.21361908790842923,-0.09314168617884094,-0.018645924077433543,0.09695564128822935,0.020424368993980167,-0.09395398615462024,0.07216593110930494,-0.09519655865446212,0.1046558781334404,-0.14118761116704445,0.09932430368826455,0.042356196906520004,-0.11084565022202723,0.003542570353758155,0.024249028016957927,0.0742703735708805,0.031376254444908346
acc_y_std,0.012880715278722048,0.9899067325181052,0.958226105940242,0.9901805624045624,-0.9734700982112303,0.9876216086721592,-0.15300495022626368,1.0,0.9637409216337691,0.9993202567553056,-0.9946510044331837,0.9904080420786919,0.8746164385208621,0.9210527226957913,0.8959631492278577,0.9253588326150909,-0.8870925490669564,0.9367273741008988,0.4969386822735975,0.4410062531744923,0.6631257109678088,0.532457048939229,-0.3001859100939339,0.5166909598208969,-0.43758532163965624,0.8464848775729825,0.4728647165188556,0.7932985082099999,-0.827732562775233,0.7599128490089563,-0.7094128207169207,0.9425057410984721,0.4002986010072254,0.7945454786096018,-0.9040023639859062,0.7451361097419762,0.7010370498217526,0.7423375122789307,0.724373687513846,-0.6996714513218856,0.6689662008398853,-0.7010370498217527,-0.7301735956954585,0.6015630093927821,-0.7162031851639273,-0.730109171627527,-0.7127542342324841,-0.7301735956954596,-0.5560581045190277,0.5659380267151035,-0.533725519295839,0.5564088732137779,-0.5883195673395158,0.5560581045190266,-0.7637919892066751,0.4921646840876238,-0.7743612061291634,0.7637016449940663,-0.7188181630092013,0.7637919892066747,0.34739001545846687,0.4236453652056095,0.47634663170356994,0.4079618225679744,,0.347390015458467,0.526334826757058,0.8020827715991362,0.6123534108096881,0.5185029045745797,0.409519571601149,0.5007888338550918,-0.6027014161934845,0.18194194696370267,-0.5379392216177888,0.590029159801015,-0.6029414202393955,0.5843412011314545,-0.3128301575091632,0.6791910176097247,-0.0018735533035319698,-0.20909628764927618,-0.690152375534736,-0.25993962754785493,-0.6910687202429884,0.38936890771729127,-0.3834124804723939,-0.6238316465158514,-0.7299309191879118,-0.6568821570803774,0.5540997664630253,0.757730666960148,0.5772515173706583,-0.51546948424739,0.344081769084437,-0.5420012676973734,-0.546945297939186,0.13073441532076582,-0.5669595581532547,-0.5102774379099848,-0.4864752063331869,-0.5119456491355111
acc_y_max,0.06385713368356483,0.9731483339405473,0.9957357983975179,0.9741850440464408,-0.9579754894352291,0.9550472342854497,-0.051273490242474073,0.9637409216337691,1.0,0.9648246792134793,-0.9555287936012615,0.9437665780946847,0.8668745233473324,0.9090986974398919,0.8874326328676851,0.9130477151440047,-0.869843399019515,0.9305993754452543,0.6117020398141628,0.4300737476210627,0.688322889562826,0.5381057517948907,-0.2596579518226978,0.518608125921809,-0.30072549431034035,0.7789439836297315,0.5300887205189453,0.7493200469774589,-0.7403865413270807,0.7278518739262261,-0.7199246262893135,0.916552380783,0.37462263010254837,0.7941742997765558,-0.8951957297070252,0.7504789966139284,0.7226350442609751,0.7534517906066996,0.7461862282101399,-0.7213400355148294,0.693414255384689,-0.7226350442609755,-0.7635860748004383,0.6373619734910795,-0.7484553955107759,-0.763485476675289,-0.7523107252221777,-0.7635860748004394,-0.5743793133812315,0.51659852405186,-0.5642161677040508,0.5745947660042585,-0.6001273593261809,0.5743793133812307,-0.795661312890959,0.536808692925338,-0.7863508931503016,0.7956256328398548,-0.75427207313167,0.7956613128909589,0.2828485722120525,0.34928009813875244,0.3970535426150515,0.3355684476007274,,0.2828485722120525,0.5451227383460394,0.7744805304760606,0.6268256539879242,0.5382687141552179,0.4375779989109252,0.5223258602445391,-0.6305018055808109,0.1543967434665354,-0.57523857239238,0.5955484091861283,-0.6202158292233609,0.5894462702417509,-0.2953769679148615,0.6083649491864793,-0.024352210651517922,-0.20686974550582352,-0.6610897498699468,-0.25204013063949465,-0.6953862358534688,0.3611096135543339,-0.415920017996227,-0.6376483209195375,-0.7367742778119597,-0.6618916510908952,0.5577744673857596,0.7671942261000666,0.5827152598661923,-0.5191464401959769,0.3428524175011801,-0.545196523690745,-0.55633166814084,0.11005388916548176,-0.5817928953782243,-0.5346489240632755,-0.48449823215184284,-0.5332880214657137
acc_y_rms,0.007432115445034494,0.9889867790192756,0.95871063990694,0.9895808734546441,-0.9715526524560082,0.9869183906153257,-0.15266986550422187,0.9993202567553056,0.9648246792134793,1.0,-0.9932332022751477,0.9915654150647907,0.8708434405118674,0.9186481007148916,0.8926089183823802,0.9229953180481074,-0.8905945650731609,0.9355475914609122,0.49897423982338085,0.44963510283689956,0.6695938137013079,0.5401862709606245,-0.3089355880381577,0.5243004736114109,-0.4396851956641144,0.8533846868300765,0.48018481584579503,0.7999006972647641,-0.8342957351393189,0.7658709517025669,-0.7198328987069625,0.947769243302377,0.392034183680599,0.8042982446810849,-0.9111469519136487,0.7554580067913373,0.7051268141750175,0.7504168232485625,0.7295059363350174,-0.7037749609041195,0.6724097853577473,-0.7051268141750172,-0.7357967275096576,0.6109159081830629,-0.7210347324454707,-0.7357326801817531,-0.7185764385648444,-0.7357967275096584,-0.5618533709036472,0.5757412944770692,-0.5385496750248666,0.5622078306708792,-0.5951261449699371,0.5618533709036458,-0.7694283457558477,0.5023806741750173,-0.7786297805149615,0.7693416819757863,-0.7261735611010662,0.7694283457558471,0.3433793342558058,0.41980747359229137,0.4730092893802036,0.40406465360228283,,0.3433793342558059,0.5352830479913072,0.8098935191686883,0.6216541340350753,0.5259463894257984,0.4188587989883216,0.5081792743181678,-0.6151054285590474,0.18908729662264068,-0.5494560677608974,0.5950450099250312,-0.616747562415254,0.5889831742465569,-0.31171906061312465,0.6841168720280607,0.0005452708005172645,-0.20783165625612124,-0.6917620791357016,-0.2589737739048367,-0.7003217928804104,0.39898101295605115,-0.38864331225475807,-0.632622129258428,-0.7432027000237361,-0.6667250940962179,0.5664433500693105,0.76348531156486,0.5899173962195148,-0.5282936408918214,0.3579787887576602,-0.5545233151137423,-0.5610532815192624,0.1398020823226441,-0.5791834529858751,-0.5235722403062443,-0.5002637735881673,-0.5253618260879869
acc_y_min,0.01798917510980273,-0.9902960113646421,-0.9527732481467975,-0.9902120569550944,0.9844876056988988,-0.9817968284926974,0.17707727922937747,-0.9946510044331837,-0.9555287936012615,-0.9932332022751477,1.0,-0.975194853645283,-0.8965823323516201,-0.9234069344272888,-0.9053130036626056,-0.9286770137322982,0.8573826279231176,-0.9320878469526502,-0.49852623214899683,-0.39691149438903645,-0.6292884514432288,-0.4905057278382888,0.25321437183962925,-0.4741438988845605,0.42735977624762417,-0.8244202002831992,-0.4452707831488922,-0.755820250589186,0.8167436167214692,-0.7223995473863283,0.6679209129504088,-0.9213485637081273,-0.4348906033596331,-0.7549411117124674,0.8725270792588867,-0.7039069347552471,-0.6643866751467296,-0.7091829268716927,-0.6885511320621277,0.6629611183585068,-0.6329908241440831,0.6643866751467297,0.6929337476326416,-0.5704225129675529,0.6786458882632781,0.6928555953687245,0.6765611210011845,0.6929337476326423,0.5181588575444219,-0.5250652360759899,0.49772627508640566,-0.5184755443960449,0.5483649390722886,-0.5181588575444216,0.7289130806211748,-0.45728306577893985,0.7417589068628443,-0.7288187899585563,0.6833434556377409,-0.7289130806211742,-0.31762264611813595,-0.3900330451767303,-0.44152289117140964,-0.375134094882382,,-0.3176226461181359,-0.4800696496758548,-0.7657687490171425,-0.5667605165572437,-0.4742240318543654,-0.36240281221510046,-0.4568962289438105,0.5706082858725959,-0.14265312349861947,0.5187940887073071,-0.5710364289717963,0.5629007063374402,-0.5681455241022838,0.32110350643175417,-0.6393352639087043,0.0321476874626393,0.2235352960478272,0.6852417874907446,0.2724813866028251,0.6715859632151499,-0.3544048231830515,0.3936159695678227,0.6073899709850111,0.6989439142605555,0.6363219670851151,-0.5057598052975749,-0.7316077822235032,-0.5295140496003689,0.4666445858242208,-0.2927347460235672,0.4934805570603845,0.504984212303533,-0.08721892332933687,0.5367430153375077,0.4750867962969754,0.43867979029284065,0.475047669314078
acc_y_abs_sum,0.041651790489989064,0.971196703190882,0.934710824623404,0.9718526783120912,-0.9435341422627876,0.9812647078829522,-0.12381137078209284,0.9904080420786919,0.9437665780946847,0.9915654150647907,-0.975194853645283,1.0,0.8158582439838584,0.8906040959375313,0.8551810652079772,0.8929858844408918,-0.9047409381018655,0.9151705355444916,0.4571533448427301,0.4718090183392342,0.671662747200449,0.5557140509428627,-0.34680655111255737,0.5418373987196751,-0.48935978109230893,0.8709569973921713,0.4684000029170596,0.8312521796031491,-0.8493202871873649,0.7940709786544304,-0.7354227587294594,0.9632491771998591,0.37631696487913596,0.8225257721770866,-0.9231908031356921,0.7731669153411195,0.711163834709967,0.7633862031878889,0.735915285534125,-0.7098188155610718,0.6770280655034603,-0.711163834709967,-0.7387299566605087,0.6144552066222525,-0.7243759886443081,-0.7386877167347268,-0.7190304087387005,-0.7387299566605093,-0.5705989606340273,0.6122356185589066,-0.5421494427577653,0.5710231489015885,-0.6080551573024386,0.5705989606340269,-0.7730916211876429,0.5068856006896494,-0.7862887225377575,0.7729949986809427,-0.7308940813002763,0.7730916211876425,0.406338779140304,0.4913654737642229,0.5481864125803083,0.47392102399397307,,0.4063387791403043,0.5500185850241496,0.840862016521143,0.6386742025185094,0.5386440075940742,0.43428983160498896,0.5197393188786832,-0.623840062370427,0.20889563723463198,-0.5528924722474651,0.5964022580642397,-0.6300080125482068,0.5891870394561585,-0.31756324982467005,0.7114951291149408,0.016570336346419776,-0.20457852815413857,-0.6928872607222719,-0.25730727284402005,-0.7113812369720917,0.4136453177379853,-0.38035128475515717,-0.6429231607640562,-0.7521255592695362,-0.6799607582680797,0.5914016111714236,0.770160129078962,0.6139577008460029,-0.5540357305330394,0.39089966663380266,-0.5797260351656753,-0.5821095598094257,0.16798943672154076,-0.595231618883562,-0.5379042640713637,-0.5264686426608303,-0.5412562660911808
acc_z_mean,0.014263844099184667,0.905304724942461,0.8713783487086346,0.9040625692015696,-0.9240061810807465,0.877109971368702,-0.1286360032192203,0.8746164385208621,0.8668745233473324,0.8708434405118674,-0.8965823323516201,0.8158582439838584,1.0,0.9052593061059365,0.929564144475763,0.9168067982468824,-0.6616210426884961,0.8847213126991491,0.6117919918165824,0.28815098146938,0.5627295308672513,0.38592731251108514,-0.10520486720365903,0.36753475179167616,-0.18462757736397484,0.67798432757564,0.4632523096225488,0.5654311390069161,-0.6533458258067157,0.5440013956315596,-0.5215505383688002,0.7267563927076662,0.4013646206049821,0.5857380427631512,-0.7100481690651884,0.5429890709733033,0.5668644647069374,0.5798958802537424,0.5877340647395545,-0.5654217525657127,0.5488694725376374,-0.5668644647069372,-0.5837799678710894,0.4846059317254065,-0.5644299402951596,-0.5836507439963446,-0.5742346691832677,-0.5837799678710909,-0.4449247591868244,0.30701389031434523,-0.449825862063507,0.44489184700791257,-0.45188303700611643,0.4449247591868233,-0.5877992641739361,0.37239905425751857,-0.5655290184753513,0.5877715911883914,-0.5424795544219754,0.5877992641739345,0.028170494072950716,0.09038500381177426,0.1489436549163674,0.07593982818433921,,0.028170494072950657,0.367719385243625,0.616251143762337,0.44179787518467567,0.38008680863994976,0.2497985963526235,0.3674574528843152,-0.4002758676044037,0.09246381104230147,-0.3652489429814732,0.44888806685330207,-0.4060712589363463,0.4498683075872074,-0.14641615799850233,0.5078794572057055,0.017585502405453295,-0.08334438252798353,-0.511742430057491,-0.12217782180763,-0.4550100370774301,0.2652682186927312,-0.27998658932535336,-0.3976899574034837,-0.5232993192674856,-0.4112188436053518,0.34476073341446717,0.6219173365997173,0.36792589593888286,-0.3062799278469671,0.1315897233703288,-0.33300002353579394,-0.34370429443258627,0.0378800915970853,-0.3688555191514054,-0.31708060778270414,-0.30078808730862655,-0.31457808771939877
acc_z_std,0.24737929668465583,0.9523821476920202,0.9201369559662056,0.951531920034868,-0.9570600526257607,0.9449406027894371,0.07439954635003412,0.9210527226957913,0.9090986974398919,0.9186481007148916,-0.9234069344272888,0.8906040959375313,0.9052593061059365,1.0,0.9918760719874793,0.9993623142301427,-0.8594880292873281,0.9926293140085996,0.6443979393020149,0.4168703888405895,0.6998270110749389,0.5298614028251599,-0.23346290305280679,0.5077924006097091,-0.25806392476029544,0.8065972140190292,0.5791983142526776,0.7348816539981564,-0.732409999323888,0.7092835391665998,-0.6755103248350682,0.7945447289727935,0.25945838991569503,0.7294692696224903,-0.835250327128698,0.6949912229449712,0.7438608728162346,0.7206982500450253,0.757411767064557,-0.7423064068468785,0.7279416010111748,-0.7438608728162343,-0.7490970130552708,0.5767178397875288,-0.7315981692926317,-0.749020013104294,-0.7277209336691105,-0.749097013055272,-0.6309650711571396,0.45214278242728234,-0.6266102861290146,0.6310070540162401,-0.6387689305089423,0.6309650711571395,-0.7041027887844232,0.45516209434957655,-0.6933019292635362,0.7040505018658126,-0.6613783785030315,0.7041027887844222,0.13890766397365248,0.21349735702203046,0.27829050882893297,0.1972235380418991,,0.13890766397365226,0.5161768066072642,0.7126046983091685,0.5818280372944987,0.5278221810110973,0.3990771606161502,0.5137793277118652,-0.5146589919728864,0.20890681122587876,-0.42419554901693013,0.5030725769908799,-0.5383507771818528,0.4922490501474572,-0.1415868151730254,0.6043617003834625,0.10034446822872004,-0.06584425177618695,-0.5084533695891192,-0.10931790770910296,-0.583876504291098,0.3667954502117284,-0.30326608070740585,-0.5099227763906636,-0.6588828910676513,-0.5388419697157562,0.4769380819473453,0.7272124903352117,0.49805737360627533,-0.43616248883404907,0.2550406046996722,-0.46408774039805817,-0.4658226258460048,0.13345197353819582,-0.46738339320673666,-0.42242838533204574,-0.42940050321542567,-0.4250804237115334
acc_z_max,0.25015244171031903,0.9367499479976591,0.9012847268999915,0.9358758397950354,-0.9481299597041848,0.9259767315779087,0.0878909078057926,0.8959631492278577,0.8874326328676851,0.8926089183823802,-0.9053130036626056,0.8551810652079772,0.929564144475763,0.9918760719874793,1.0,0.9923255593931701,-0.7923124687657467,0.9721337467382125,0.6482655428808892,0.32579910924070493,0.628963951228696,0.4425992367396607,-0.13643226339058384,0.4198456726363736,-0.22436996550190577,0.7494403770348229,0.5310581591676717,0.6656044157423023,-0.6868298541707007,0.6420000640268894,-0.5955347413379091,0.7523968768425512,0.3148181116476176,0.6527469266571526,-0.7769490985896341,0.6148322810846989,0.6733598608676108,0.6559439820885639,0.6874466354915856,-0.6716716657360777,0.658994552800943,-0.6733598608676102,-0.6798071015293591,0.5154282499421752,-0.66237636792532,-0.6797161582316404,-0.6580569092403065,-0.6798071015293614,-0.5569484663703851,0.3682461631659936,-0.5585396130240926,0.5569207998625241,-0.5606533567314249,0.5569484663703843,-0.6415284273806788,0.3898057359034992,-0.630096213068711,0.64146576519921,-0.5927862405753214,0.6415284273806777,0.09191021745623795,0.1651631331565839,0.23150695898974993,0.14889639144709219,,0.0919102174562379,0.42837159194135704,0.6557581342321211,0.49599558327423804,0.44347294832136497,0.3069734252837223,0.4297770278661036,-0.45333381845484827,0.1370136129737347,-0.38470731548934983,0.4597533908816183,-0.46333713150309763,0.4537437536489518,-0.15456177371574376,0.5309804016328071,0.04729323301355189,-0.08873389795219379,-0.4947915769366936,-0.12842814589107862,-0.5379960451674461,0.28809146015557613,-0.316099687460348,-0.47202495869785344,-0.5866718361295961,-0.4906020315271766,0.38862150126035205,0.6901833856993952,0.4112196056373545,-0.34660542399592326,0.15952742516074342,-0.3754796115825087,-0.39041132042754795,0.053525055985254665,-0.4153667917562426,-0.36108199986360423,-0.3431397463874451,-0.3604068129911384
acc_z_rms,0.2243898257775236,0.9556268789506719,0.923178952685901,0.954759138211153,-0.9606479917730155,0.9464292353129974,0.05371755570366809,0.9253588326150909,0.9130477151440047,0.9229953180481074,-0.9286770137322982,0.8929858844408918,0.9168067982468824,0.9993623142301427,0.9923255593931701,1.0,-0.8560235221579059,0.9922060699605839,0.6450780992044348,0.4201301717489418,0.7005939369638621,0.5320908215426658,-0.23719773636450997,0.5101377541213122,-0.2572464044346145,0.8065659688799933,0.577559392919047,0.7337583976195362,-0.7358955235285465,0.7079423283323217,-0.6775946667204955,0.7977866314417852,0.26343725987032274,0.7318861910216264,-0.8370615225132421,0.6971635057759633,0.7421504112174507,0.7224399722307707,0.7565781968226398,-0.7406157347251088,0.7258210129295711,-0.7421504112174504,-0.7489079601031171,0.5787159484572778,-0.7312115610708029,-0.7488296606068973,-0.7282135490017816,-0.7489079601031186,-0.6286985046343918,0.45315191668604793,-0.6243498704930049,0.6287421410527829,-0.6371765135738148,0.6286985046343909,-0.7066878583309867,0.4610711969402466,-0.6953243265967857,0.7066403804977581,-0.6647695458167308,0.7066878583309862,0.1331723985566589,0.20663209489251164,0.27087485269487477,0.19057846248808902,,0.13317239855665886,0.5186803818722874,0.7156637421530699,0.5848612769741357,0.5295358956177524,0.40122380181340994,0.5155474321982975,-0.5182620974365829,0.20998590024710467,-0.4286699821028025,0.5059681547781267,-0.5418807575767378,0.49537050085940476,-0.1418389195933626,0.6073834469908784,0.09978940027357219,-0.06593677480506788,-0.513502310350749,-0.10961832030730963,-0.5845849122666167,0.37052427399357907,-0.3034906037837417,-0.5106021760698373,-0.6617458562919114,-0.539753414698847,0.48088022856439805,0.7282900071777203,0.5021187894668461,-0.4403064867614062,0.25929632944448444,-0.468149788968743,-0.4697322558239546,0.13662858108086343,-0.47027803930041856,-0.425796455191526,-0.433670681451299,-0.4284028756809324
acc_z_min,-0.1575174718012009,-0.8712576915103206,-0.8680179692129574,-0.8716956492878084,0.8373330354795474,-0.8810017477860939,0.03433050304668694,-0.8870925490669564,-0.869843399019515,-0.8905945650731609,0.8573826279231176,-0.9047409381018655,-0.6616210426884961,-0.8594880292873281,-0.7923124687657467,-0.8560235221579059,1.0,-0.9036514632159246,-0.48954032828288774,-0.6925862211968116,-0.8350366423698036,-0.7676197740236796,0.578191115755977,-0.7534030884430792,0.4023391396908804,-0.9104392548146908,-0.6285503598567619,-0.8958049255721517,0.8238364591332145,-0.8619648132623906,0.874349596205897,-0.8615075222931791,-0.04897894447454505,-0.9150866606054566,0.9417894180827512,-0.8951150042642562,-0.8770392193087946,-0.8562008729120801,-0.8907219363142913,0.876230357096581,-0.8557810351680452,0.8770392193087942,0.881493679477252,-0.7038776607967573,0.8675064696592282,0.8814940212767243,0.862223147187123,0.8814936794772535,0.790575989674612,-0.7148450305497703,0.7590213029885319,-0.7909262220802381,0.8170167445062191,-0.7905759896746117,0.8311782881543993,-0.6296896705327846,0.8348404273429922,-0.8311625806579835,0.8164080123221732,-0.8311782881543998,-0.3068486144491014,-0.38003000585554886,-0.43274829348657157,-0.3650022782361609,,-0.30684861444910144,-0.7583492363177499,-0.8295768764615322,-0.8087275295939182,-0.7507285625908766,-0.6716911684123295,-0.736866827055773,0.6829997879862602,-0.4330638525700465,0.5302704422836896,-0.6045888195738117,0.7476094828135523,-0.5786315734848902,0.11658965210334629,-0.7981116290542474,-0.2543174649627988,0.011686700215372117,0.5253774794448864,0.06457861992603997,0.698520505096922,-0.608200961030493,0.23769802424613137,0.6061474462013892,0.8498215836411874,0.6711024118816116,-0.7413344148728451,-0.7606645932455683,-0.7552437069898776,0.7119610381266408,-0.5813519452310569,0.7319194993647626,0.6881470481518338,-0.40091282455490557,0.6091972011459608,0.6014666017134427,0.6909538444511668,0.6159984218352333
acc_z_abs_sum,0.23842054743927982,0.9596068461713884,0.9386762408310533,0.959158099855783,-0.956021859341407,0.9538063623236857,0.060595137542644034,0.9367273741008988,0.9305993754452543,0.9355475914609122,-0.9320878469526502,0.9151705355444916,0.8847213126991491,0.9926293140085996,0.9721337467382125,0.9922060699605839,-0.9036514632159246,1.0,0.6590828002114919,0.49567937149852354,0.7618315557099572,0.606541295050038,-0.3138095811540187,0.5860656041579348,-0.26866103619558424,0.8396593488958465,0.6241567365183692,0.7873134552910656,-0.7557705898469477,0.762257809930489,-0.7427848044676559,0.8321425030018634,0.21514523724361928,0.7944439352610424,-0.8831947040846558,0.7625750610841127,0.802980243515249,0.7768868412044866,0.816864715948019,-0.8015643397497114,0.7852577254948313,-0.8029802435152481,-0.8076297996164077,0.6323813582407533,-0.7906432946210689,-0.8075590017337394,-0.7886863940519758,-0.8076297996164095,-0.6928420595729223,0.512209988369987,-0.6858813962948617,0.6929228414833297,-0.7038346707888995,0.692842059572922,-0.757881705499552,0.5225922318202562,-0.7431053716580059,0.7578594117527117,-0.721886612331848,0.7578817054995513,0.16842269929810133,0.2471868770223893,0.31440826283036105,0.23009538261519816,,0.16842269929810125,0.5927435186895383,0.7602482446548184,0.6567806269306717,0.6021175472760912,0.4814517315769132,0.5880014082484533,-0.5627290047105072,0.2691733964466751,-0.455912715407182,0.5361563015032853,-0.5991188512091737,0.5214232498007387,-0.1214499683835632,0.6603678483666854,0.14823711867234016,-0.03718021427461772,-0.5116468100475566,-0.083412236111641,-0.6130992282222081,0.4318180785038313,-0.2844211453302036,-0.5339209023889305,-0.7144699929619657,-0.5707906275039507,0.5522552464126242,0.7571638644181012,0.5727388903631154,-0.5126315759287094,0.33851937772070945,-0.5395386925688458,-0.5269192440211385,0.20550381183019115,-0.5060682547787473,-0.4714131685044316,-0.5017111221735908,-0.47659600964412796
gyro_x_mean,0.41675041139046237,0.5577137693787481,0.6246046537757846,0.5610283840936735,-0.5693927049050148,0.5294270970694996,0.3015058327179896,0.4969386822735975,0.6117020398141628,0.49897423982338085,-0.49852623214899683,0.4571533448427301,0.6117919918165824,0.6443979393020149,0.6482655428808892,0.6450780992044348,-0.48954032828288774,0.6590828002114919,1.0,0.31395409348908077,0.6264210620247078,0.4424517138458212,-0.06992851649386078,0.4242986703104524,0.37146859638446617,0.36880587826399436,0.7037658734420407,0.40559174211439475,-0.21029819160297436,0.43652052937173164,-0.49187510362687564,0.4430466012583973,-0.013880982932909536,0.4924230063733043,-0.5447248491116448,0.48748134644882946,0.6229494031682596,0.5749696539168411,0.6377709383817671,-0.6220024210112357,0.6381140300467856,-0.6229494031682593,-0.6440679504858323,0.49986213906907223,-0.6297661909116815,-0.6439911228695879,-0.6488739017492791,-0.6440679504858337,-0.5501576309739794,0.03722088075135036,-0.5869980444432894,0.5494812335792778,-0.5079458684186534,0.5501576309739787,-0.5767257190136458,0.5138753115874026,-0.5135377257985069,0.5769497266277868,-0.5873146811300143,0.576725719013645,-0.1461550390850096,-0.10525547547736837,-0.05502000852913886,-0.11533837085909374,,-0.14615503908500985,0.45330373997887,0.4863058361161475,0.49255380627496764,0.4732386086106995,0.4006406233208398,0.46732273651502876,-0.34461301961796714,0.11123817089072864,-0.3170330647159523,0.29789084248864234,-0.38012290555267114,0.28461630897334295,0.10489115784044493,0.2580771642963511,0.14040777201437676,0.11988979965192814,-0.16364937531503945,0.1049259186146362,-0.23451161774422202,0.1674321822196847,-0.17799598276244066,-0.21891295753834797,-0.3712502444419025,-0.20289680813818534,0.35957151018223527,0.5026351095939028,0.3782177134189567,-0.3338361822397889,0.221434214985623,-0.349309388483336,-0.2993971576603135,0.12668961160982534,-0.3131174565560693,-0.31970506147187167,-0.31754804755269855,-0.31572192663184545
