,acc_x_mean,acc_x_std,acc_x_max,acc_x_rms,acc_x_min,acc_x_abs_sum,acc_y_mean,acc_y_std,acc_y_max,acc_y_rms,acc_y_min,acc_y_abs_sum,acc_z_mean,acc_z_std,acc_z_max,acc_z_rms,acc_z_min,acc_z_abs_sum,gyro_x_mean,gyro_x_std,gyro_x_max,gyro_x_rms,gyro_x_min,gyro_x_abs_sum,gyro_y_mean,gyro_y_std,gyro_y_max,gyro_y_rms,gyro_y_min,gyro_y_abs_sum,gyro_z_mean,gyro_z_std,gyro_z_max,gyro_z_rms,gyro_z_min,gyro_z_abs_sum,quat_w_mean,quat_w_std,quat_w_max,quat_w_rms,quat_w_min,quat_w_abs_sum,quat_x_mean,quat_x_std,quat_x_max,quat_x_rms,quat_x_min,quat_x_abs_sum,quat_y_mean,quat_y_std,quat_y_max,quat_y_rms,quat_y_min,quat_y_abs_sum,quat_z_mean,quat_z_std,quat_z_max,quat_z_rms,quat_z_min,quat_z_abs_sum,encoder_angle_mean,encoder_angle_std,encoder_angle_max,encoder_angle_rms,encoder_angle_min,encoder_angle_abs_sum,grf_x_mean,grf_x_std,grf_x_max,grf_x_rms,grf_x_min,grf_x_abs_sum,grf_y_mean,grf_y_std,grf_y_max,grf_y_rms,grf_y_min,grf_y_abs_sum,grf_z_mean,grf_z_std,grf_z_max,grf_z_rms,grf_z_min,grf_z_abs_sum,grt_x_mean,grt_x_std,grt_x_max,grt_x_rms,grt_x_min,grt_x_abs_sum,grt_y_mean,grt_y_std,grt_y_max,grt_y_rms,grt_y_min,grt_y_abs_sum,grt_z_mean,grt_z_std,grt_z_max,grt_z_rms,grt_z_min,grt_z_abs_sum
acc_x_mean,1.0,-0.006438819934839477,0.48285444510621667,0.0787623687728202,0.3697631033128992,0.11717090661356361,0.8497629169369051,-0.187623230146819,0.4174626405547299,0.01521637989868572,0.5400170403168142,0.0715638537134194,-0.5649000234528728,-0.0025947297503292792,-0.10707182401308821,0.07408860873870202,-0.2519618334079556,0.11484740029737889,-0.35734479020126825,-0.15845667503299157,-0.29982829963453833,-0.1348738966321752,-0.07828738002791123,-0.11635282302889291,0.18697695917552673,-0.11364250649063773,0.09192083291322868,0.0673269230986826,0.24247469860582951,0.07174877079939772,0.5934888079767351,0.09162139820636174,0.37780892831411417,0.31571203257377495,0.5723060453003556,0.304626720159982,0.36685109986097986,0.3571918042487169,0.464784443017944,-0.3031383042100659,0.17109992775801292,-0.3388105870495885,-0.4513362234322854,0.46985707339940747,-0.255880872287818,-0.4485977093698203,-0.5234051557731275,-0.451336223432281,-0.4260613465816935,0.2961039993120123,-0.2299000173384561,0.4345661064745271,-0.5135793881590066,0.40211008813342286,-0.38991321848694993,-0.07141634413120987,-0.27380169140093985,0.39108417742847107,-0.39384555642705993,0.3899132184869507,-0.05180927368958586,0.0666049399675359,-0.01178862880096521,-0.045866526694340215,-0.050207116361002176,-0.0518092736895858,0.08482327635802908,-0.2613808409056599,0.03752197623739524,-0.11858217159532487,0.16546618501005655,-0.09712525230311442,0.005702444765626041,-0.24593635283001372,-0.10991760522391088,-0.12253606877091495,0.1541725927434902,-0.0877321863164821,-0.09540542350963493,-0.30233611989387016,-0.24010262968013454,-0.06513552729941195,-0.007747741765845503,-0.036454331641643266,0.010567990185949906,-0.2805497064456975,-0.13085140417613203,-0.13632851018784964,0.17077998602593567,-0.10832708621251748,0.07268997029900856,-0.28320217369334166,-0.030731818164888715,-0.12904485570892463,0.19048794033665153,-0.09932010063125248,0.007154505065157517,-0.2803304745448814,-0.12313426939495448,-0.15356086883331296,0.13883581719209656,-0.1163264388359284
acc_x_std,-0.006438819934839477,1.0,0.7279988425161058,0.898629305536971,-0.8186890767347121,0.8152952695007151,0.09056209368215681,0.8747258083211481,0.6456801524430392,0.7927447770266287,-0.6088809319143988,0.7360435070843456,-0.14829952990050713,0.7880554284856939,0.6860882059838687,0.8062823510139717,-0.7449297083359733,0.8123896637613189,0.1899592861017461,0.42688810446996545,0.4912347284755788,0.42482152373178406,-0.24013311625131004,0.4329710140684408,0.3343333882456719,0.6122191379978278,0.6663339010482249,0.570427665355421,-0.241094298057915,0.5523404475878468,0.2946648998207839,0.6107087208027756,0.5547903073949912,0.5793845873547737,-0.30750298972344503,0.5575477016150836,0.0067506586089465855,0.48737293619377725,0.21428568426439254,0.14767485006417036,-0.14318314270710183,0.12147569619837759,-0.3376700319682919,0.5694942344111434,-0.12963030165786538,-0.33552788623558427,-0.5100035903472651,-0.33767003196827317,-0.010769892967654657,0.5264317175429413,0.14212110621330576,0.18089724011220373,-0.2413941432002362,0.13922688738709393,0.13982202157705398,0.518249220032199,0.28892459791528774,-0.13577345924402506,-0.10781628477254197,-0.1398220215770538,-0.08637235241496134,0.39651263406265336,0.008885244682743982,-0.06653736115577884,-0.20593773302557367,-0.08637235241496119,0.11757460998642795,0.0356134433534321,0.15708859638954342,-0.23452613539784506,0.09527746184789758,-0.25228603992940263,-0.05423099463091103,0.07138476842371237,-0.01031829463294219,-0.14562071397662113,-0.1415924675258388,-0.14071479143710075,-0.49754265843909906,0.0382627530725314,-0.366217969083911,-0.36538401883809646,-0.5369327266560542,-0.38341595149085794,-0.3083912401846725,0.12351016700711197,-0.17401501758644278,-0.2655605395117344,-0.46704393728785915,-0.30349613939329784,0.21519550790672187,0.05789650848312178,0.28325201641940656,-0.20462966206379624,0.11411875694642795,-0.23112518478376376,-0.22021388979687545,-0.03657606860681128,-0.16977638768391404,-0.38582690572289274,-0.18794256691527575,-0.40677537474574366
acc_x_max,0.48285444510621667,0.7279988425161058,1.0,0.7132275562142106,-0.3073956733877959,0.6931762156956511,0.50622079634541,0.6139598516043211,0.9240569759776731,0.6363646670972125,-0.1061225415910714,0.6047310519489714,-0.5192149844200886,0.6170595734548012,0.47239048958949764,0.6692379623481669,-0.7773057638986011,0.7162632495144811,0.05596002746052037,0.22962658838601785,0.2854640777318205,0.2781420500160574,-0.1502152840598235,0.29743651670765264,0.38114085366023015,0.4124141054615319,0.5525853169471948,0.45708435398741576,-0.06183240527145227,0.450178557675901,0.5462061146702674,0.621038289065878,0.6848113568478751,0.6531112077634108,-0.0038646188159805386,0.6245782789924481,0.10954339549077216,0.5782492749115347,0.33091725217835477,0.03254470631023049,-0.0996969949769746,-0.007303521959558217,-0.40067289855221866,0.5921735900411896,-0.1622963757285829,-0.398151660187813,-0.5541715339583749,-0.4006728985522019,-0.13759551514360713,0.5764573703571707,0.0731307419257692,0.2425392840067509,-0.3627967767795623,0.19506087210875017,-0.027144459689117866,0.4197456612653434,0.13962511100076228,0.030708683249363697,-0.2563231817175043,0.027144459689119025,-0.033644430057995556,0.42708900030998254,0.06836850182626365,-0.015045371866458808,-0.15762207951119048,-0.03364443005799553,0.1203056635399084,-0.09327620657861471,0.12241064088156559,-0.23437288393947756,0.1284877102479854,-0.23898845816040587,-0.0694299740370463,-0.11073719373750492,-0.1090858608877233,-0.1430903800382876,-0.044083828014868806,-0.12073048204480853,-0.43479933672625243,-0.1851878364952122,-0.434469461148106,-0.3120039586938189,-0.40047320957813587,-0.30339311350576836,-0.24502034363004466,-0.09369673586248013,-0.23807960780550527,-0.2934445889792395,-0.24623408406199573,-0.3043398097242903,0.2318915356093899,-0.12432603746977404,0.24488935812405244,-0.23933866932556142,0.21577885901518976,-0.24044022015133634,-0.18118727566050583,-0.1787679950090593,-0.21429707494442488,-0.3818072119497949,-0.09117450977263819,-0.38291928591315944
acc_x_rms,0.0787623687728202,0.898629305536971,0.7132275562142106,1.0,-0.6537041285715116,0.978167534998394,0.13203659667587253,0.7745414324094626,0.6025150963152678,0.8820535954915473,-0.47852324657528084,0.8651139756780558,-0.2829156415124481,0.69248088473738,0.5134941681966829,0.7434677315220687,-0.7571643833401046,0.8006944617860359,0.17579122584429568,0.46617736290443934,0.5308724724308816,0.46979694020862833,-0.24748055311254177,0.48054466428091736,0.4211222416716411,0.7370392842033682,0.7811855874016185,0.6854059499229177,-0.2900003641331364,0.6625649638848561,0.4144151272565156,0.753628361825124,0.68802017445604,0.7241489021346449,-0.29096925469346585,0.6978385195228216,-0.04974012061383493,0.633561156375196,0.19008378910446122,0.21178186399284937,-0.2547723442504212,0.17679799840156246,-0.37634987633838424,0.673588259439071,-0.09533001181806663,-0.37320006954378165,-0.5518826755590532,-0.37634987633836453,0.014053091475131,0.6176976679141899,0.20798416040494794,0.16668735941407034,-0.2300527802643275,0.11809678014665823,0.17643764291138062,0.5919232269675092,0.35194352221210645,-0.17236816063629043,-0.09216513946322251,-0.17643764291138067,-0.06957445619754264,0.5989837977642961,0.07543028682738218,-0.0368579082873981,-0.23136954661344925,-0.06957445619754263,0.0993851694034034,-0.011709132944100933,0.11127832080292367,-0.26408628093507525,0.08687876830557094,-0.2802931922168361,-0.04749973845960231,0.04368278516493761,-0.013334923442068793,-0.1927369034266661,-0.0899450173199101,-0.18401228356023774,-0.5528499281832296,-0.02362813579322154,-0.4336329486362257,-0.40225320842483914,-0.5672622332199161,-0.4157286383384775,-0.33440548735634174,0.0891675511955194,-0.21069189174131137,-0.29589035923964924,-0.43171116990419506,-0.3279964847973021,0.22862570910568283,0.04098809601826586,0.27445931106653315,-0.23189336133826327,0.11942385633742213,-0.2587841464352201,-0.22817972484400942,-0.06587094889198411,-0.20138142213224783,-0.4090969732640378,-0.179951166598174,-0.430101552020999
acc_x_min,0.3697631033128992,-0.8186890767347121,-0.3073956733877959,-0.6537041285715116,1.0,-0.513220041361868,0.21453640194694265,-0.8100169605414763,-0.31654543118315726,-0.6029842822930707,0.8288889948296968,-0.5202856335495193,-0.24887197972351577,-0.7828485883013933,-0.7961083878619878,-0.7395240548730776,0.548894758989489,-0.6694633892399362,-0.16797332212912133,-0.354316530573119,-0.39833806823369833,-0.31726483330494615,0.21770326499016984,-0.31192838830600855,-0.22297104598802434,-0.42374102552568743,-0.4476397361520279,-0.3697685505507986,0.20077936489000445,-0.3514708759266578,0.10558916151950598,-0.2939142765129503,-0.1686629006288427,-0.19892629669153541,0.4357178912681738,-0.19184440434325234,-0.02944295905344136,-0.12755408703676635,-0.10863841816503726,-0.0757252012017752,-0.006399655073969744,-0.07379840741845867,0.17726022598529084,-0.27548122986962126,0.09808164884353383,0.176849030851959,0.26786084842541585,0.17726022598527583,-0.007430138903313739,-0.1755192209972941,-0.03416049331380664,-0.130705784103953,0.09898307301930319,-0.11725952123315662,-0.14283334077109705,-0.24375422351980705,-0.1825124705598537,0.14130595567845017,-0.03193937352419302,0.142833340771097,0.12188250703512407,-0.14758598206925966,0.08711216125175889,0.11409271941940866,0.1756012058749437,0.12188250703512393,-0.09323048226791783,-0.15939812023843225,-0.16920022367257287,0.12913439875298746,-0.0402650320544087,0.1536558379813783,0.06223228602660563,-0.14842573546249452,-0.0117902088866629,0.0368415951404611,0.22470397395461625,0.04593387001616496,0.3399495424076064,-0.1973099338326421,0.15683920119064784,0.2668293891180054,0.42432951113742107,0.2952129633222637,0.2488578255671101,-0.21088123732689995,0.09140985072093567,0.16169592680011194,0.49850706577657783,0.2072729601653796,-0.1562579270842981,-0.14376841746986452,-0.25069778245575713,0.12052993060274025,-0.0359175125935767,0.15089692962759277,0.1721474608655831,-0.07025187934331267,0.0831459515143522,0.2672444851658814,0.19702542655638836,0.2956796776858044
acc_x_abs_sum,0.11717090661356361,0.8152952695007151,0.6931762156956511,0.978167534998394,-0.513220041361868,1.0,0.15313522782123995,0.6835281369708682,0.5655174807787233,0.8483949319317484,-0.36766915660602917,0.852736020865997,-0.3691769471988945,0.5766958227179707,0.37287783392246815,0.6416326937567228,-0.6999583243144135,0.726801913525326,0.19931079083310949,0.45313669626966,0.5347617830728303,0.46514750736340216,-0.2101437319749724,0.4775793509678725,0.41054895870853814,0.7534251571383658,0.7791730125161096,0.6891080606197898,-0.30724206384093483,0.6661546403068626,0.49406055936150833,0.7855649756546743,0.736568595222873,0.7757065127054101,-0.23656639692185522,0.7531006482595815,-0.10906905396193498,0.6911943687074503,0.15225244828455659,0.26622733065587256,-0.3257849278068796,0.2285346682342166,-0.34815806390612575,0.691610057170096,-0.05056385198190887,-0.3445830131654822,-0.5318893952334309,-0.3481580639061074,0.05666208994706578,0.6708352893274733,0.2629426044258336,0.11963747308735811,-0.20324305415151134,0.0672349292531661,0.2092434189071031,0.6492199503950654,0.39647708202658644,-0.20480457274189123,-0.0857317055363159,-0.20924341890710352,-0.029978721690211124,0.6562159594869416,0.12174503796679303,0.004826977282273,-0.20972184712101047,-0.029978721690211027,0.08481421413878437,-0.05372336636826501,0.07412854167070185,-0.27023581715938644,0.08149479939365513,-0.28298027947180227,-0.037549813607662894,0.009666970748105784,-0.020287148441355266,-0.21283793866561965,-0.04728839310994934,-0.20099372106957686,-0.5482708195994168,-0.08232785034101527,-0.45673120064261763,-0.3951142542377332,-0.5386164769137666,-0.40229730269430214,-0.32327284417007324,0.047055207564300795,-0.22483797007613074,-0.2971288289953083,-0.3717414236452029,-0.32250837430107354,0.22250870293437686,0.004301280929792273,0.24774076937432157,-0.23467343898797657,0.12918214374203707,-0.25717882557899957,-0.21460486231927772,-0.09150314509746216,-0.20962566197932087,-0.39442943572216504,-0.15769075930116574,-0.41260689575392073
acc_y_mean,0.8497629169369051,0.09056209368215681,0.50622079634541,0.13203659667587253,0.21453640194694265,0.15313522782123995,1.0,-0.09039361862508424,0.570532404509927,0.07219660847304495,0.5170527529650877,0.13067815920925677,-0.6051583961993047,0.18357988831314329,0.08744313652455328,0.24804267013116818,-0.3738102042269155,0.2712952320913874,-0.3874238091115026,-0.2515107774724807,-0.3947028998471616,-0.1689851751170592,-0.03858059344302468,-0.13330611104792697,0.41278835687278037,-0.20821020585938393,0.17188969597355386,0.0631353963697232,0.4701021429001475,0.07856472947795262,0.6184505591875518,0.1850660273411112,0.47916793515583456,0.28010276978561033,0.5484544790106699,0.2546858658676426,0.47889353335610907,0.2565013551212009,0.5511563972199761,-0.34858457136218507,0.3101779624569845,-0.3781471096767734,-0.5105660909279217,0.40594114566759343,-0.3574063525388918,-0.5090192675190546,-0.5503614589469273,-0.5105660909279159,-0.5512130359142469,0.23705437620414974,-0.36596544675756293,0.5601064165920072,-0.635798436318429,0.5334501715283603,-0.3611175310779541,-0.12679980426527815,-0.29496683341491275,0.3618005383209406,-0.36176790991343294,0.36111753107795597,-0.050008042881621036,-0.014710990088978564,-0.036390792389970665,-0.0506752201125369,-0.039063536389942415,-0.05000804288162109,0.14454282244738215,-0.3216389192494422,0.0844613746467042,-0.18808028122355452,0.2351066616736686,-0.1669748135729859,-0.07370278968677925,-0.42846811158574705,-0.2527726372620426,-0.19520753462479362,0.15089844213488,-0.13640294467421965,-0.24608865887356438,-0.4249339035680229,-0.3981478810039127,-0.2150847421813996,-0.10149987806876866,-0.17537983877059987,-0.10023826298805985,-0.4652842559141079,-0.3097680973933247,-0.31590764015919953,0.13026301146449037,-0.2820642845571405,0.2305725667252871,-0.4613265011772177,0.06800288454038177,-0.3022845557426192,0.37466611274498357,-0.2636997832916858,-0.018567186669832123,-0.4807752785008512,-0.22467915919470904,-0.30683045775006024,0.19412090916701233,-0.26032481620951325
acc_y_std,-0.187623230146819,0.8747258083211481,0.6139598516043211,0.7745414324094626,-0.8100169605414763,0.6835281369708682,-0.09039361862508424,1.0,0.6292261306271346,0.8338924157884695,-0.8070554621736661,0.735203296857137,-0.041317520478782586,0.7722711331668695,0.6972544380201655,0.7710336084521374,-0.7176115008840742,0.7700292531643587,0.24986596574859904,0.41031924699250805,0.54029527008459,0.39912744500479524,-0.18166855868079565,0.3991484093891642,0.30158668591821236,0.5689845775631214,0.5925410156997025,0.5496064988252152,-0.24898987751767812,0.5352236952492142,0.1628429012056985,0.5897788961628675,0.46102440875582884,0.5043342678574171,-0.4381000103259495,0.48701230810257506,-0.030422544544568966,0.40344219355180466,0.15082364272149243,0.13896962889467238,-0.14262149051250064,0.11818145216813392,-0.18330420344505294,0.41949204638951254,-0.026676506288662773,-0.18199621553411857,-0.32504054265742144,-0.18330420344503676,0.10108022789794163,0.450813049797425,0.2089459000266499,0.05895132729681473,-0.0980163505213478,0.026215771189715822,0.15869695663750158,0.4306130964663293,0.2696108563465822,-0.15590639712348658,-0.046762307238045094,-0.1586969566375022,-0.11220101692042228,0.37970599232490726,-0.025240570022278103,-0.09430902783246965,-0.23407658145472018,-0.11220101692042225,0.1318001801877213,0.09087869513558612,0.18278984175820856,-0.19960076387953157,0.08507156329187532,-0.22156737423419423,-0.032094793296591935,0.17481857728537398,0.0423241360620216,-0.108096275397348,-0.18474416303009825,-0.11513918201879322,-0.4578653510313267,0.13602069532559494,-0.2990012685318854,-0.3220515477821906,-0.5453066327288734,-0.34863950452591225,-0.2957517510758024,0.21962043990863517,-0.12797231663369416,-0.22260144928674838,-0.4985680481465642,-0.2693228970824094,0.17601913117942516,0.13545458721771803,0.2894004392525349,-0.15425524778420177,0.05697920655943042,-0.18573147820124783,-0.22590399616153214,0.07501662876461798,-0.1429670272343536,-0.35802912151432265,-0.24212676685828885,-0.3934347476359259
acc_y_max,0.4174626405547299,0.6456801524430392,0.9240569759776731,0.6025150963152678,-0.31654543118315726,0.5655174807787233,0.570532404509927,0.6292261306271346,1.0,0.5989557079069726,-0.10533478717553549,0.5521602838626553,-0.5118186001968188,0.642841619348737,0.5231537739276321,0.681007018846637,-0.785054111144191,0.7110074655929965,0.01457463151520824,0.10881547291558682,0.17130921744694097,0.16718087476034624,-0.08895741370943011,0.189912185493583,0.4464525677245768,0.23925472678957244,0.46788880653955867,0.3572818338869207,0.10707594494592583,0.3589522529608389,0.5092794321124304,0.5622008541605845,0.640110309039871,0.5537625053929054,0.028376401170014217,0.5238066732171683,0.18920618591131547,0.4633597080820983,0.3668588257652041,-0.05215583050605267,0.007655618140598665,-0.08743875962178865,-0.3455877649574732,0.4573399744653318,-0.16649477833402804,-0.3440431440596418,-0.4580627896995406,-0.34558776495745863,-0.2039394383563712,0.47895277841721384,-0.013316052897666452,0.2661673449298629,-0.3927913345912053,0.2262213090692055,-0.06553414766706946,0.27063875435031903,0.05590536773894804,0.06781503571457906,-0.22874003942745924,0.0655341476670705,-0.048312433846961704,0.33063109813423064,0.030219138646689396,-0.035401307810031445,-0.14971827738369603,-0.04831243384696171,0.15459844464725306,-0.11257906120159268,0.15273955928246455,-0.23588284013741542,0.16270427872529597,-0.2398232658404095,-0.09579260154088302,-0.18936899187149017,-0.1652101213102968,-0.1532741005211326,-0.03498892480799647,-0.1200409525274942,-0.4437755196240049,-0.22125714947474553,-0.4549757472537482,-0.33301141921126676,-0.39087406076536296,-0.32093928778264363,-0.26699442219311253,-0.18600398104047375,-0.30159388115829316,-0.3594386665755492,-0.2196213999838537,-0.36531281987134506,0.27879818876637513,-0.19667833318331213,0.2732540017548053,-0.29337025686566215,0.2833298076007589,-0.28910001685057235,-0.15738850081439354,-0.2620734002451456,-0.22954989666118208,-0.43742586027868957,-0.03582988349036174,-0.4332773959435819
acc_y_rms,0.01521637989868572,0.7927447770266287,0.6363646670972125,0.8820535954915473,-0.6029842822930707,0.8483949319317484,0.07219660847304495,0.8338924157884695,0.5989557079069726,1.0,-0.5579814877539406,0.9816859672594472,-0.2895534707905536,0.6844596345221626,0.49370695810024956,0.7470638439242397,-0.7715216860020424,0.8228985424538333,0.1722780664504798,0.46750530067519197,0.5540634707616983,0.4631869637469497,-0.2384551921799869,0.4705624599131271,0.4546282381543287,0.7530297410962267,0.7996872179863191,0.7875913686520373,-0.2930830131449494,0.7749459839196472,0.3111222802280268,0.803097427765036,0.6519138337558746,0.7237797363852014,-0.4388820906404951,0.6891677040081498,-0.0012033333465064425,0.6189728573638189,0.21884274015370803,0.1686227424860671,-0.21883682255140352,0.13612678070212483,-0.338185777133876,0.5975965451910552,-0.07357730822499335,-0.3359800341586243,-0.4776738658160163,-0.3381857771338581,0.06962357191193679,0.5828987998949262,0.2537793686245455,0.1308213333713704,-0.14656672092432904,0.08686750244193571,0.13298498642862389,0.5104454877730895,0.29298210527224566,-0.1299484413149213,-0.09411587457758128,-0.13298498642862436,-0.13836243108129856,0.6369984105440868,0.03282150935945025,-0.10005281811369551,-0.2982048459108556,-0.13836243108129853,0.08828693660262635,0.017847887949227988,0.10615748091324687,-0.2594338299368438,0.06915472606088342,-0.2778783669727972,0.003192787133875223,0.19436056681068672,0.08690391701310543,-0.18661817220109883,-0.11971581665346863,-0.19511648099528983,-0.5467379037984134,0.07296088961892726,-0.39369247522352996,-0.37553986243718473,-0.6075206859604806,-0.39883356815661,-0.3246126967214116,0.22637087243675827,-0.13544124706363891,-0.23776007641746894,-0.48504979314400326,-0.2822334599020227,0.1654096789591518,0.1591603103549531,0.2642516458988891,-0.1612379117628193,0.028018564280248362,-0.19863989695000758,-0.24190196575392325,0.06852285193576456,-0.158993255283102,-0.38051140792613464,-0.24002756895319738,-0.4152302064922763
acc_y_min,0.5400170403168142,-0.6088809319143988,-0.1061225415910714,-0.47852324657528084,0.8288889948296968,-0.36766915660602917,0.5170527529650877,-0.8070554621736661,-0.10533478717553549,-0.5579814877539406,1.0,-0.4405788596786357,-0.36911118948802546,-0.5367107914599376,-0.5674941221168284,-0.49117012278615674,0.3521614230595023,-0.44221585061770696,-0.26487554034042926,-0.37858482902880786,-0.48613370968233366,-0.3230525244696294,0.1470300215068485,-0.3084516998891933,-0.015821295556805115,-0.4348451552894816,-0.3016142230290754,-0.32305903908255257,0.3499643658891666,-0.30581261592104225,0.23966529298067982,-0.22822399660657272,-0.019419020714014038,-0.1310040522955684,0.5528431086051427,-0.1329669820390279,0.1461775388993719,-0.0762219214017465,0.08059753646069336,-0.16155995575786067,0.12631634831199204,-0.16639343247439958,-0.06966814038181962,-0.10673357153853669,-0.0975989683377287,-0.06969995852703026,0.006725379883922808,-0.06966814038182984,-0.23551246358627356,-0.1317461639058885,-0.20954226474610382,0.12101800563873126,-0.15323718281055712,0.12694383898829648,-0.22457055425354258,-0.2640521301673073,-0.2479961838119647,0.22334853164857013,-0.11821343753362229,0.22457055425354375,0.12162141018922547,-0.14313577209034847,0.09153942940223,0.1138278083022312,0.17729592806317823,0.12162141018922552,-0.059801982927103085,-0.23524268022323136,-0.13978642644517394,0.046876188798842054,0.01863678716040558,0.07327544097623058,-0.03396968017297258,-0.34379470542744206,-0.169102349813213,0.004128975004144752,0.20251493546345237,0.03536797504923586,0.1930009447479228,-0.35814558592119006,-0.010197681323029844,0.1205067531529795,0.3542354262104158,0.1628206124034759,0.1480390798472809,-0.38756583448612625,-0.07198692271249472,0.00889339420938549,0.43525630628792245,0.06117734270304601,-0.004214071560915411,-0.3173662238852882,-0.16298065154272495,-0.04341385626313735,0.14181855725014678,-0.0034977424608417635,0.14197775325900241,-0.281171660073179,-0.01182987345986579,0.1276646864703534,0.2520634719723639,0.17254955589551504
acc_y_abs_sum,0.0715638537134194,0.7360435070843456,0.6047310519489714,0.8651139756780558,-0.5202856335495193,0.852736020865997,0.13067815920925677,0.735203296857137,0.5521602838626553,0.9816859672594472,-0.4405788596786357,1.0,-0.34651371277567344,0.6362626943095833,0.42520874443478457,0.7114032615927239,-0.7379992835159849,0.8034124291537209,0.14311664302013852,0.45215817397781966,0.5209321904642019,0.4548605448998692,-0.24001329495767532,0.4647938115833726,0.49005222394160813,0.7657529220331504,0.8280180440106248,0.8188365783189684,-0.2781351818550215,0.8069093737092609,0.3381658611610191,0.8191916251150752,0.673456624206796,0.7470936492830322,-0.41397731437880575,0.7115379499889039,0.02580413390914447,0.6478857507335,0.2493149936302057,0.16165211900933907,-0.20936767967637118,0.12778148896201114,-0.38465754089894666,0.6386765106608603,-0.09666177074881521,-0.3822426605466514,-0.5214549765158948,-0.38465754089893006,0.039962712977154376,0.5951764075275097,0.23729252687662086,0.16752314782199557,-0.17601979814679763,0.1223337974747581,0.1131632391952502,0.5050834600785606,0.2775175813512602,-0.11011983781277998,-0.11176434668636065,-0.11316323919525093,-0.1390462043450826,0.6648220935704136,0.04251652135861969,-0.09796840015605339,-0.3005987642994245,-0.13904620434508258,0.07447725867553612,-0.009935273406147195,0.08171944813952936,-0.26738907920702704,0.06760783794125906,-0.28374096845160557,0.00972321941305609,0.17453828336064053,0.08477352116781352,-0.20854631408420404,-0.0980482527026673,-0.21588748266782903,-0.5507457665115274,0.03390552379247213,-0.41005207452272957,-0.3782724857397472,-0.5898875603878824,-0.3973765535024794,-0.3225823635804664,0.2031197610709726,-0.14415268498971318,-0.2381641128751809,-0.4645808119098409,-0.2797217336919619,0.16468620518061644,0.13809718295275472,0.24550767232651433,-0.16672523896004265,0.034136608918439316,-0.20226126975985162,-0.23535448447431825,0.04508925808989666,-0.16293913199699062,-0.3750069931903966,-0.2228338016787996,-0.4066119453329631
acc_z_mean,-0.5649000234528728,-0.14829952990050713,-0.5192149844200886,-0.2829156415124481,-0.24887197972351577,-0.3691769471988945,-0.6051583961993047,-0.041317520478782586,-0.5118186001968188,-0.2895534707905536,-0.36911118948802546,-0.34651371277567344,1.0,0.01660833428520453,0.22913714068851646,-0.10688877534921216,0.3968045905693209,-0.2628564389130883,0.08866219546040538,0.061392131754290494,0.06569388189957152,-0.032787104921210446,-0.018791985799630716,-0.06094648191476444,-0.4190059900756518,-0.11573369658612716,-0.35763421941337087,-0.29862734558714515,-0.19773338290509587,-0.313821046354906,-0.6552707119085395,-0.5373979928855732,-0.6723606455672158,-0.506267982597483,-0.25800121696829836,-0.4772048757351356,-0.04263765349836908,-0.4279282929289978,-0.19494513685582845,-0.06769506377712216,0.11795311186419255,-0.04187884297338926,0.41664493969395133,-0.41858375433688566,0.23506387041931834,0.4147987177317494,0.46486580086921414,0.4166449396939439,0.10038445367253722,-0.42472531346055264,-0.06269896328702064,-0.25558304998337505,0.25569247764063074,-0.2216558556045069,0.030283194052778416,-0.30993154836713876,-0.07946493070299768,-0.03325170187393383,0.23140697044024935,-0.030283194052778534,-0.12172821250792215,-0.33769830937961304,-0.18843072003954925,-0.13524906225456784,-0.021658830137154094,-0.12172821250792228,-0.043604458746685594,0.3608446553090762,0.07307369131924839,0.21129856697108151,-0.12479720467178236,0.19191296617510625,0.11705014860252007,0.35569125424594505,0.24484049620967815,0.15968628498199372,-0.0950097733414242,0.11679257897188314,0.3787516260938136,0.4830098728973482,0.5093309900039026,0.30745907219616436,0.19632567538712903,0.27131657311006674,0.2136416540321258,0.35205692565616903,0.3432274528469338,0.32361470145844773,-0.029299801843290712,0.30448517729375973,-0.24291308469549644,0.40015310898782064,-0.0873349673114493,0.3347032299893933,-0.32649650693832205,0.3093300924909762,0.10862499963224312,0.3735136727886115,0.26639041001311936,0.2660876507963911,-0.06357168602877561,0.24442115246615942
acc_z_std,-0.0025947297503292792,0.7880554284856939,0.6170595734548012,0.69248088473738,-0.7828485883013933,0.5766958227179707,0.18357988831314329,0.7722711331668695,0.642841619348737,0.6844596345221626,-0.5367107914599376,0.6362626943095833,0.01660833428520453,1.0,0.9459679927294167,0.980292831281334,-0.8294031894375177,0.9240658209646899,0.08216151854838184,0.25738204922683866,0.30696785945490995,0.24364014847688298,-0.20690129626125356,0.24657609449569762,0.3601255722848535,0.41604139620665764,0.5199083836060351,0.4467078199207628,-0.12166665745361686,0.4279996668433016,0.10124986511821511,0.45281696014743084,0.3892170637812623,0.36686262950605525,-0.31811781140275597,0.3401861724784266,0.24935292415901075,0.28272149044729744,0.3624932009174888,-0.05692689380138397,0.1291733501798431,-0.07560680773936453,-0.3475827948277696,0.42653423769243237,-0.1908297613169293,-0.34676984482724194,-0.44478987168913214,-0.34758279482775245,-0.1822798223945926,0.28202052949230255,-0.07141946487906872,0.3293172004840207,-0.3098431472843756,0.30648815583148575,0.013753695556171624,0.18882311330900825,0.07818735219705468,-0.012525210251935976,-0.08501720461693112,-0.013753695556170512,-0.16875535476336342,0.22762996022377835,-0.09971830810405427,-0.1559702813382063,-0.23080003101488367,-0.168755354763363,0.13925564260525852,0.06184629611027592,0.20419586795069491,-0.2090557999298717,0.11458960932958,-0.2289390092386394,-0.028853427099452517,0.054789151360207324,-0.021482468774246966,-0.12113399757870051,-0.1550020571101524,-0.11738072706454725,-0.4175208282890949,0.09189654301477884,-0.2770712712886426,-0.3133469423081771,-0.48036110375943153,-0.3276238252363859,-0.25062420479354053,0.08721741865857141,-0.1590653898792773,-0.23444174652264654,-0.4547795471738115,-0.2690206776060308,0.2005886038592239,0.023501204361293757,0.2746502529705301,-0.16275918047943494,0.1297045676779468,-0.18010668925532397,-0.1329845674836048,-0.03873047451612001,-0.09674668462843708,-0.39387495664695193,-0.11759021812968413,-0.41129595403003466
acc_z_max,-0.10707182401308821,0.6860882059838687,0.47239048958949764,0.5134941681966829,-0.7961083878619878,0.37287783392246815,0.08744313652455328,0.6972544380201655,0.5231537739276321,0.49370695810024956,-0.5674941221168284,0.42520874443478457,0.22913714068851646,0.9459679927294167,1.0,0.8889223827848319,-0.6554139553630233,0.7803740984135666,0.0716053636202326,0.17254520313979496,0.20883446569689523,0.15901175680083354,-0.16041341339478635,0.16048474321645784,0.24495715128348072,0.2481319682471325,0.33195036791187954,0.2543549942025503,-0.07262863469680056,0.23768402344104386,-0.07130889932736205,0.2299024300083427,0.1710408235856127,0.13704141074097784,-0.2992678599578624,0.11992840628829858,0.2824849204768396,0.07291886085849408,0.3280712654038127,-0.13209400818095196,0.23775631303627437,-0.13941628874672862,-0.23873967057521392,0.2445665505878746,-0.16793296204460742,-0.23880036437351734,-0.2996111169024181,-0.2387396705752006,-0.21281947054860642,0.08771845800574181,-0.16800813409170404,0.28690176749150026,-0.27615454360255964,0.2785387765894676,-0.036943755427993656,0.03195874544688688,-0.02000285252596221,0.037213614598213395,-0.06699255888846486,0.03694375542799485,-0.18623773856740491,0.03325002445765022,-0.16650400622656955,-0.18444204518560683,-0.20210228506228642,-0.1862377385674048,0.14300895086684753,0.09880185820523811,0.2216050282680893,-0.14832987285920293,0.10935146615838304,-0.16801926612224552,-0.034944574082359216,0.05111254705083638,-0.02720498953479032,-0.06252035350736292,-0.1722090886479386,-0.0615354973231927,-0.2913035940378791,0.13980872989258242,-0.15117687519180834,-0.23187114809448284,-0.36320024827241154,-0.24703476252899048,-0.19361430175614724,0.08729880446633022,-0.11438001856125497,-0.17133242529833614,-0.4116495589082108,-0.20338668847307864,0.1689136344221929,0.023771042740355155,0.24142314342743154,-0.11817669585572735,0.11064765977163972,-0.1318195639168186,-0.08800211550043033,-0.02226833132170558,-0.050167224200256724,-0.30969266932211903,-0.08877231954748555,-0.32379810677095877
acc_z_rms,0.07408860873870202,0.8062823510139717,0.6692379623481669,0.7434677315220687,-0.7395240548730776,0.6416326937567228,0.24804267013116818,0.7710336084521374,0.681007018846637,0.7470638439242397,-0.49117012278615674,0.7114032615927239,-0.10688877534921216,0.980292831281334,0.8889223827848319,1.0,-0.8778738841670699,0.9717596824239476,0.07705562727723148,0.27448731465540754,0.3224098101754435,0.262314147232949,-0.21448680943002044,0.2655995238729985,0.4063541081565539,0.47538521183204824,0.592864850061285,0.5267896948806946,-0.13102694136895665,0.5083712066417931,0.17782623961766417,0.5331094947287505,0.46909113945977193,0.4548502960816849,-0.3121632419838855,0.42414805478491907,0.2531017626917559,0.3623411794860455,0.3914943009515045,-0.04027323008194719,0.09950336443955857,-0.06196391124633558,-0.40037205479369625,0.4936208623229146,-0.20654652415005345,-0.39918854182856667,-0.5052523910402283,-0.4003720547936772,-0.18422042599965832,0.350829427851357,-0.04574926649436111,0.3520716306307222,-0.3348925234318169,0.3241878073483607,0.01976084254639228,0.24457963421894272,0.10316861368195746,-0.018099386074139648,-0.10550604642050596,-0.01976084254639127,-0.1702332315239714,0.28695091726141,-0.08295290954091304,-0.15342816795893832,-0.24501101820526544,-0.17023323152397127,0.1297041461782975,0.03545461313754623,0.1843309478786792,-0.2285113526437196,0.11322222795374101,-0.2467205419089274,-0.017009188175022852,0.05720269783542416,-0.010726118040083759,-0.15308057704994057,-0.13391395392374206,-0.1467426472913245,-0.45743603929662613,0.06790884478993438,-0.32304398979389004,-0.3365481652781658,-0.5164170652133416,-0.3502004317889609,-0.26791006515984456,0.08063961775887257,-0.1763500938661376,-0.25811551638380514,-0.45612810917910307,-0.2917283204083261,0.20479647016376,0.025756835065509156,0.2798576076940971,-0.17286128381111443,0.1329173068756776,-0.19171155062945774,-0.13798011629704127,-0.04993544707620686,-0.10786277159412583,-0.4237291099738486,-0.11460097434278615,-0.4404026804877017
acc_z_min,-0.2519618334079556,-0.7449297083359733,-0.7773057638986011,-0.7571643833401046,0.548894758989489,-0.6999583243144135,-0.3738102042269155,-0.7176115008840742,-0.785054111144191,-0.7715216860020424,0.3521614230595023,-0.7379992835159849,0.3968045905693209,-0.8294031894375177,-0.6554139553630233,-0.8778738841670699,1.0,-0.9050497063859463,-0.04290011343208708,-0.2304540156455625,-0.2870175782631056,-0.2498058816679539,0.17823239020627307,-0.2630323394017126,-0.4676657576825158,-0.44490443163341015,-0.6117454703755354,-0.532234833748331,0.05114077937102835,-0.5215803690622371,-0.385482761896802,-0.6314512405141474,-0.6247800302721226,-0.5726417600113637,0.1647236271393282,-0.5367845465203627,-0.15635530071407724,-0.4774338774834175,-0.3294501569156057,-0.03340992139891021,0.03085514257272905,-0.0042240529537846795,0.4446595468658151,-0.5617957504275501,0.21255790917023384,0.4429122213443913,0.5575459025655531,0.4446595468657952,0.12329132784729802,-0.45635979476449545,-0.048265350525426146,-0.3574084260870271,0.30054251716108493,-0.320760982729617,-0.06704427578589688,-0.33398637129411674,-0.17162986413726614,0.06490987581675846,0.10105587967786848,0.06704427578589549,0.06716684018125581,-0.39963901176089167,-0.03863252588276454,0.04599889373719333,0.1712444618865541,0.0671668401812561,-0.13890009785337284,0.029590767668012052,-0.1577649572303641,0.2557004966819937,-0.1251699423392628,0.2700796165335859,0.0901307353323515,0.07237577438972084,0.11017858713999708,0.13475641394044563,0.10108959798248188,0.11585725479773556,0.5272412238320521,0.0437633333560655,0.43150479678683507,0.39474839189634364,0.5437891985221748,0.400880869780788,0.31665392323798014,0.04739229700938926,0.2679074509713065,0.3484777471616531,0.3688855933909962,0.371244002631248,-0.2847221658857389,0.08773250242936455,-0.31245339517187787,0.2697295907446328,-0.23188326403265042,0.28198439317717044,0.1755466608748818,0.14511822070673389,0.18235606605860952,0.46076930147518974,0.089266896399866,0.4715051752911879
acc_z_abs_sum,0.11484740029737889,0.8123896637613189,0.7162632495144811,0.8006944617860359,-0.6694633892399362,0.726801913525326,0.2712952320913874,0.7700292531643587,0.7110074655929965,0.8228985424538333,-0.44221585061770696,0.8034124291537209,-0.2628564389130883,0.9240658209646899,0.7803740984135666,0.9717596824239476,-0.9050497063859463,1.0,0.08980201484521134,0.3042177195155144,0.3623668865542545,0.3010804753289034,-0.2182230168978609,0.304855313760094,0.44271526066012584,0.5714665556202276,0.6774137490709076,0.6255615796221171,-0.17563188574408828,0.6072645782028613,0.26184844073912905,0.6561418444061388,0.576090939116406,0.5708861913087799,-0.3302030695692769,0.5350006505796909,0.18115380742438433,0.46362646609594393,0.35177906248329166,0.04357262368242641,-0.0029596921175643037,0.01701250504466131,-0.42030385480202004,0.5495270013438298,-0.19634142212116437,-0.41878872356960956,-0.5360481814451634,-0.42030385480200017,-0.1178867052716494,0.45082246439296153,0.046535274828222825,0.31442291553148033,-0.299397958647743,0.28001759335343224,0.07654213826147677,0.35648960357814985,0.18710263524665824,-0.07421825544601351,-0.09579941358505431,-0.07654213826147586,-0.13979996394251723,0.3996137694208224,-0.025715953320401105,-0.11686316034665543,-0.2421219396287818,-0.13979996394251723,0.10452511827449527,0.016681655946489484,0.14721084750024613,-0.24391797339930743,0.09291582997747425,-0.26159309752247023,-0.0018801201063049916,0.0724457600895354,0.00931087410576364,-0.18777309446967297,-0.11223500726983775,-0.18156634790717052,-0.49665800779002744,0.035157124315284075,-0.37106253983755094,-0.35300039200896904,-0.543054655924759,-0.3654174446176945,-0.2814645492477408,0.09113913237936642,-0.1819348390053855,-0.2670507380492011,-0.45096190709687234,-0.30111321804595703,0.19510115441863796,0.048085830344976745,0.2746273964433572,-0.17531042419954823,0.11408843359058314,-0.1977280540557504,-0.15584321286536604,-0.04208598911194377,-0.12088146270472852,-0.434277207993678,-0.12896289288450377,-0.45287060030209075
gyro_x_mean,-0.35734479020126825,0.1899592861017461,0.05596002746052037,0.17579122584429568,-0.16797332212912133,0.19931079083310949,-0.3874238091115026,0.24986596574859904,0.01457463151520824,0.1722780664504798,-0.26487554034042926,0.14311664302013852,0.08866219546040538,0.08216151854838184,0.0716053636202326,0.07705562727723148,-0.04290011343208708,0.08980201484521134,1.0,-0.059323740949107154,0.5695106077698882,-0.210817771854389,0.631241575085641,-0.22781821747581035,-0.14678332493695995,0.23925211843132707,0.04429122425110567,-0.014023127265488251,-0.3116016393789335,-0.021891306763006435,-0.09277350003283727,0.167710176124024,0.019546515136092058,0.2073178989211342,-0.32136649130164197,0.23348577766056441,-0.3350852991900641,0.1699696731314474,-0.23884800903778355,0.35686369165395376,-0.3270501855334492,0.3579135825749147,0.3513968790193314,-0.02740609158041439,0.36805714886068625,0.35239550302448625,0.2753583683000528,0.3513968790193374,0.37350404537076975,0.15130607616871994,0.3492423501060207,-0.25547102881346806,0.30476263373437307,-0.2658341771744306,0.4552843382430144,0.3916350966182491,0.4670983087454063,-0.4541253591911338,0.33723140506345956,-0.45528433824301473,0.03927766667888513,0.215638525393387,0.06253149535889632,0.04703357753532304,-0.04111760083536515,0.039277666678885284,-0.04252105458127384,0.1627333151274163,-0.016033157158166028,0.07701485861026748,-0.10486403399177206,0.06370027300880508,0.15087586373184314,0.163637692425355,0.19277762564349163,-0.24586018995294798,0.09715908493951377,-0.262415695323857,0.034016001452230875,0.11052315841155068,0.08296626203588457,0.0800366342449386,0.0015219284708448168,0.07332521160393392,0.0626627752796694,0.12357525889673807,0.09197217845812423,-0.05478195583402721,0.0031662067000596834,-0.07328948717410937,-0.03629400477262289,0.1815602719151566,0.04126286453326663,0.0896888591679219,-0.11376505175935916,0.06956278117726725,0.3516716268611126,0.028402797060724013,0.342330600158313,-0.18777887832349932,0.30041703171525674,-0.21221340157580976
