,acc_x_mean,acc_x_std,acc_x_max,acc_x_rms,acc_x_min,acc_x_abs_sum,acc_y_mean,acc_y_std,acc_y_max,acc_y_rms,acc_y_min,acc_y_abs_sum,acc_z_mean,acc_z_std,acc_z_max,acc_z_rms,acc_z_min,acc_z_abs_sum,gyro_x_mean,gyro_x_std,gyro_x_max,gyro_x_rms,gyro_x_min,gyro_x_abs_sum,gyro_y_mean,gyro_y_std,gyro_y_max,gyro_y_rms,gyro_y_min,gyro_y_abs_sum,gyro_z_mean,gyro_z_std,gyro_z_max,gyro_z_rms,gyro_z_min,gyro_z_abs_sum,quat_w_mean,quat_w_std,quat_w_max,quat_w_rms,quat_w_min,quat_w_abs_sum,quat_x_mean,quat_x_std,quat_x_max,quat_x_rms,quat_x_min,quat_x_abs_sum,quat_y_mean,quat_y_std,quat_y_max,quat_y_rms,quat_y_min,quat_y_abs_sum,quat_z_mean,quat_z_std,quat_z_max,quat_z_rms,quat_z_min,quat_z_abs_sum,encoder_angle_mean,encoder_angle_std,encoder_angle_max,encoder_angle_rms,encoder_angle_min,encoder_angle_abs_sum,grf_x_mean,grf_x_std,grf_x_max,grf_x_rms,grf_x_min,grf_x_abs_sum,grf_y_mean,grf_y_std,grf_y_max,grf_y_rms,grf_y_min,grf_y_abs_sum,grf_z_mean,grf_z_std,grf_z_max,grf_z_rms,grf_z_min,grf_z_abs_sum,grt_x_mean,grt_x_std,grt_x_max,grt_x_rms,grt_x_min,grt_x_abs_sum,grt_y_mean,grt_y_std,grt_y_max,grt_y_rms,grt_y_min,grt_y_abs_sum,grt_z_mean,grt_z_std,grt_z_max,grt_z_rms,grt_z_min,grt_z_abs_sum
acc_x_mean,1.0,-0.2469147996721506,0.29221112641535923,-0.2834511946488899,0.6395550251633931,-0.2964844513537025,0.8029919991259885,-0.14740181565080865,0.278204604289012,-0.21733963003498355,0.592728337903705,-0.2620426948991408,0.3876220886436905,-0.4322360854912716,-0.41927814896170224,-0.43446400220570847,0.4552566319582173,-0.43523607125858393,-0.2168892271346458,-0.1896138007947714,-0.3049215682622206,0.007780868056654863,0.03595290001356951,0.015510826302268152,-0.2701681104762574,-0.0030097147295693486,-0.27406248028287944,0.19837102912385476,-0.1586570666783503,0.2082341315712753,0.123023634397189,-0.08748414719028871,-0.0031489616819404182,0.14111584738423563,0.10450082769188175,0.1780970465083738,0.14926703141561576,0.1737321567239618,0.16299730268694013,-0.14875378734843372,0.14574475128995734,-0.14926703141561543,0.21921310245130374,0.5290923172850686,0.25654858079726967,0.21933618438903277,0.17863577817831033,0.21921310245130304,0.005274400608240288,0.05472357579187241,0.02329824916877872,-0.0051213184297531356,0.005645069221107913,-0.0052744006082399665,0.48345213507880985,0.12408297244983535,0.4051443964430596,-0.48329805445985097,0.33781840992974993,-0.4834521350787983,-0.12689506936884315,0.2818096378381717,-0.12140940298063616,-0.12683968263664755,-0.13314192261116556,-0.12689506936884326,0.16094531045774607,0.20124234204479152,0.1881328323970661,0.24400156707848614,0.1315633273983828,0.2398182175258983,0.26818900348696195,0.3512364071080551,0.29090937538794026,-0.2645746667230606,0.1091977786737014,-0.26818900348696173,0.29274666324864834,0.22442562522395887,0.30542402708074634,0.2443384571912704,0.2299446601052057,0.2381112568444467,0.14033788288823817,-0.2749998595072579,0.05027562361966573,0.11437563828074708,0.17430020747430275,0.13923946178009122,0.06379938489613164,0.2651876509972327,0.10316006472073166,0.27429522200231804,-0.02637503918476195,0.25700407273916565,0.18366422820713768,0.15787801428393297,0.2344262729627194,0.20124090763778218,0.14398924361681034,0.1902519065485649
acc_x_std,-0.2469147996721506,1.0,0.8202142249508254,0.9537231496787765,-0.8713293187382876,0.9533000882216315,-0.21204633680100674,0.8752276601599163,0.7427112479918212,0.8521372512476033,-0.7482096028991867,0.8482551688168062,-0.3059860495667585,0.8024615425087616,0.7030065326882793,0.8225527980303844,-0.8730479999042134,0.8555532164128992,-0.5563653654810478,0.8832740116849673,0.35882264167972333,0.8890967038917715,-0.8535729668296768,0.885342382850813,-0.5698833458006406,0.6962924821238619,-0.18927540978806248,0.6623607933158134,-0.7309709865435139,0.6157242064515996,-0.16149564418925436,0.9050158432759912,0.40759107356981966,0.5691525126675524,-0.6219147753386829,0.5277186613101251,-0.07985887306559958,0.4124106449536409,-0.05572159259823172,0.08058375044945822,-0.11720886597572258,0.07985887306559927,-0.2872177923802828,0.34831756848049444,-0.24489100209281114,-0.28712553224326703,-0.31065724079430895,-0.2872177923802815,-0.2844511468288357,0.46336533578312245,-0.22952212874025962,0.28499577414323485,-0.34080168080179396,0.28445114682883527,-0.34189677361819126,0.5613486298948733,-0.049297283576980835,0.34256564683008556,-0.5179065314347834,0.3418967736181973,0.15508731162247905,0.3682866409155625,0.16328309393993398,0.15511568915911605,0.15132546958022086,0.15508731162247896,0.1769521292978919,0.2795575952359621,0.2194023010367578,-0.17687237236310085,0.12001837059964487,-0.20786096184680636,0.4817499314376767,0.39938917135971613,0.490052118218322,-0.47969115587825545,0.5073978221238593,-0.4817499314376756,-0.25159844099037887,0.29038856198895263,-0.10170945866579147,0.0006893848912867545,-0.41961236158933884,-0.017838381321249038,-0.2905027375313811,0.44737978585996996,-0.15259448739010295,-0.265102610793861,-0.38617951824281993,-0.28906493477277534,0.4833896514017795,0.4570736132127338,0.5035928446708453,-0.27454569925611355,0.4316898001371933,-0.3092476031455732,-0.5166482410392867,0.2439634100014817,-0.43059616568072373,-0.3466857291512524,-0.5426555472992602,-0.3595066753862718
acc_x_max,0.29221112641535923,0.8202142249508254,1.0,0.7948142011429942,-0.4695773360693537,0.7809404896383159,0.1957214210653767,0.8071247709318401,0.9220722514346252,0.7591121481299713,-0.44099625019254535,0.7234086730327228,-0.0394283150827301,0.6080435775850458,0.5411426179602997,0.6326314186135594,-0.6324602606089943,0.6591962826790837,-0.6023064368848701,0.8081075626104243,0.24091868718898354,0.8834531849311624,-0.8331877307219394,0.8785514799858108,-0.7262039618362193,0.733801154202962,-0.31541386115711223,0.7831669025779925,-0.8457550284402879,0.7363489637904691,-0.1334338223743053,0.8316954870422054,0.35572241744450367,0.6934454766174164,-0.5955767406055117,0.6725926973558791,0.02681383395928673,0.5677485236203069,0.06345788050453786,-0.02567358370577462,-0.015930321407353756,-0.026813833959286767,-0.146820844781029,0.7057812434171612,-0.08094728049780392,-0.14664356295764033,-0.1979485712408678,-0.14682084478102816,-0.28070186321289087,0.5095458428360763,-0.2110435886950498,0.2813679202028766,-0.34336442341599477,0.28070186321289053,-0.0573309156907474,0.6236505239874609,0.1853241960863025,0.05806137935195499,-0.31201863336986174,0.05733091569076179,0.0678459604539459,0.5637699238587638,0.07941359050747805,0.0679130844624221,0.05962515674057857,0.06784596045394577,0.296244106970475,0.4531247446020343,0.3602566861378629,-0.013285305380765415,0.2051747556859809,-0.050025224953379306,0.64337867035964,0.5722490808033357,0.6692190363319948,-0.6399054218951422,0.5872645945407343,-0.6433786703596399,-0.05886182416099693,0.4751574549043019,0.11599614064994827,0.16531078625526924,-0.28398923220713085,0.14051745244353306,-0.18957503576259702,0.3690247202349816,-0.08244251512698375,-0.1758781051500697,-0.28105959809119563,-0.1888185655474217,0.5611620438806277,0.6688126802598506,0.613781351884589,-0.1119538861434774,0.44813247890078856,-0.16111001985833276,-0.41411600421111855,0.3817336144284099,-0.2846611778506531,-0.24001302895785928,-0.4774451811540966,-0.26085623110323364
acc_x_rms,-0.2834511946488899,0.9537231496787765,0.7948142011429942,1.0,-0.8605621696791428,0.9969244887829637,-0.30334132926201907,0.8696346280806166,0.708770301265511,0.8861376836214011,-0.802510956166896,0.8732388258817214,-0.19121223215580543,0.8830893597766616,0.8083806026471102,0.8910745718828885,-0.9244512006239168,0.9116506333289619,-0.5159548855713009,0.8964240899503082,0.3455594878475992,0.8950841370110921,-0.8916982006887891,0.885262374941091,-0.5428363174973663,0.7544814435270969,-0.1199127298079455,0.6371746459171532,-0.7386741738411996,0.5804794407470384,-0.10363077610960542,0.9222299307746958,0.4644620529367556,0.5862510105264171,-0.6097551079617514,0.5420714604018434,-0.1132255376997223,0.47240703160581543,-0.08454167418931476,0.11404802188150226,-0.15550054910340194,0.11322553769972186,-0.3287864581288314,0.40457280025459186,-0.28526807121164044,-0.3286759092916901,-0.35908768126891766,-0.3287864581288301,-0.31693038920391703,0.37717527667194317,-0.2685122870085959,0.317365384956132,-0.36265158580502,0.3169303892039164,-0.3792125688256783,0.5739079466867864,-0.07857728706309206,0.37989133192775576,-0.5696877534516906,0.3792125688256848,0.18632167626555451,0.48613448019128847,0.19605325308551777,0.18636571396161714,0.18064407610748376,0.18632167626555443,0.17889074935210386,0.29593991724230095,0.2215045447400851,-0.20900991371818714,0.10977164211349093,-0.24253182619417746,0.5325281772686332,0.38340402708724725,0.5249563816268368,-0.5311503046461563,0.5624375096388686,-0.5325281772686324,-0.284305573618327,0.28634573279709724,-0.1317453390046748,-0.02083040727391463,-0.46212036132713163,-0.03951249609898941,-0.30878418895845455,0.5340378067900978,-0.15402646158670727,-0.2773340525528515,-0.42068240691762676,-0.30736825809006546,0.4907441706208408,0.4695188853915561,0.5137719643315659,-0.3157787219344532,0.43130899048050597,-0.3510721637683843,-0.5811472283972671,0.3083103553928226,-0.47843414068296025,-0.4017495368424011,-0.6193126875151634,-0.4158395429742826
acc_x_min,0.6395550251633931,-0.8713293187382876,-0.4695773360693537,-0.8605621696791428,1.0,-0.8676513118052033,0.5576268715372166,-0.7188319084185778,-0.4017441242589782,-0.7437971103738343,0.8763808480221956,-0.7553452699432334,0.3652787430084272,-0.8209164357259675,-0.7345084525757026,-0.8281500299985335,0.8896050966741229,-0.8476572974103832,0.3633170372254377,-0.7273112534482957,-0.3443685124818976,-0.6871298743138754,0.6742908818513913,-0.685027025737379,0.2879085270994213,-0.5148549000619811,0.014765032971516528,-0.41303673140963854,0.461329406155429,-0.3791992772655114,0.13985465391773735,-0.770509070182364,-0.36210404099554944,-0.3527114058474332,0.5091608416264809,-0.30515057736293444,0.17456615174212972,-0.23595298444651275,0.1626342246148994,-0.17483860762925924,0.20358348878805058,-0.1745661517421293,0.36764829249418607,-0.003102491319531961,0.3493612579293084,0.3676388866670338,0.3635908353464017,0.36764829249418446,0.24207054826985658,-0.31235928647825595,0.2066644574193085,-0.24237009117324462,0.2772452942162288,-0.24207054826985602,0.5127148445478336,-0.3983342332108623,0.23501018819059744,-0.5132109384740408,0.5989955961956526,-0.5127148445478316,-0.21494013131983322,-0.19673060797815958,-0.21980097134180365,-0.21493897533473857,-0.21503115825383978,-0.2149401313198333,-0.020484496390131158,-0.06981070694509642,-0.034067160742034516,0.28887480389386894,0.002784354809717082,0.30914792129021035,-0.23931967536604135,-0.1375255600603782,-0.22099075893020784,0.23935700527292955,-0.33861543869543276,0.23931967536604054,0.3835081868452383,-0.052925145648193554,0.2864898776288993,0.16661518653023558,0.46456938978289664,0.17525003544680326,0.32126188323335775,-0.46918767324131744,0.17547967123399413,0.28892998709195283,0.4113916167414278,0.3197056551356915,-0.30660893069637996,-0.17559980508430115,-0.29718099659148733,0.377187224566433,-0.3142164958185459,0.3913801916630404,0.5113075282872369,-0.09880389000804196,0.4745997369103001,0.38444105922334965,0.5048731180180687,0.38859161165502454
acc_x_abs_sum,-0.2964844513537025,0.9533000882216315,0.7809404896383159,0.9969244887829637,-0.8676513118052033,1.0,-0.3087527709686678,0.843317258787371,0.6828400849963331,0.8583912565540266,-0.7897725704183528,0.848076388069061,-0.2218133162862877,0.8572643821083322,0.7809590182387499,0.8664569480579546,-0.9176764472407833,0.8889058365572069,-0.5501712503340754,0.8884998745954762,0.3077856520281586,0.8910714354763835,-0.8998447914535539,0.8801583092092459,-0.5211598511704295,0.7341641539057062,-0.11153594666972474,0.6121733701736731,-0.7163148285202481,0.5547455740686605,-0.053921459630213074,0.9098087942051946,0.5047995751360038,0.5425606205862578,-0.566169644127598,0.49751914877811504,-0.14367220162890237,0.4261520522665088,-0.11762593537033013,0.14439713986223635,-0.18358907320155135,0.14367220162890207,-0.3547664639959117,0.3596568192221267,-0.31441995455583255,-0.3546655780348039,-0.38190888468844386,-0.35476646399591016,-0.3221305839787051,0.34066253728632584,-0.2796004507773013,0.3225012863769875,-0.3624299487226954,0.32213058397870487,-0.40329114104773267,0.558699673627569,-0.1050013837394247,0.40395774254982214,-0.5874313982687811,0.40329114104773744,0.20886999724977934,0.4891393242926778,0.21848501718233418,0.20891353907624866,0.2032550911626476,0.2088699972497792,0.14539322194400253,0.2365600546059113,0.17987094960006259,-0.24541324973223175,0.08738279890441085,-0.27608560441206453,0.5172621098440405,0.36457901911395946,0.50123804032577,-0.5160480922487748,0.5505691454459364,-0.5172621098440395,-0.3243877443291456,0.22236590710361745,-0.18548063045109042,-0.06242932019453868,-0.48053170027941566,-0.07835988694903989,-0.3337397456531965,0.4859508083708444,-0.18838207699492815,-0.30316332604923507,-0.43399421174359404,-0.33229331450184635,0.4469116565943242,0.4217452260825133,0.4668684798152036,-0.3389631247815589,0.3945840803115052,-0.37122383386984253,-0.5974436638595743,0.28179942267267977,-0.5033433851746384,-0.4163595596003105,-0.6251584258881181,-0.4290500339875355
acc_y_mean,0.8029919991259885,-0.21204633680100674,0.1957214210653767,-0.30334132926201907,0.5576268715372166,-0.3087527709686678,1.0,-0.22856439863319106,0.259348029360425,-0.26590852059211734,0.7301234410750435,-0.2832983949461703,-0.07042751473114438,-0.5093365090073632,-0.5799050604791282,-0.5031308209852164,0.4247386345970304,-0.46163924428709624,-0.2785646709419896,-0.1363793849496638,-0.2772419852279312,-0.04970960901122204,0.009685770437591402,-0.051861314979139164,-0.37044758782318715,-0.20816948563050156,-0.5080901328002899,0.153548448689593,-0.13746065053950146,0.1778180854918172,0.15246269354631253,-0.16881722708097083,-0.03873543069193354,-0.012927688705667347,0.17140060130946044,0.01864842806709889,0.2959595660775198,-0.00619918207658172,0.29268275443422354,-0.29634230707322606,0.31155790358968294,-0.29595956607751944,0.3897987633204744,0.3069526385043946,0.41138198282372407,0.3898572655633244,0.36983996936585634,0.3897987633204745,0.24402513677281024,0.03422841004806199,0.23675352084669096,-0.24395402394888505,0.228989124428354,-0.24402513677280963,0.289100161122556,-0.1182415143448136,0.19438498997616235,-0.2892050847455961,0.2829870863972963,-0.2891001611225455,-0.30249343848795973,-0.011840392690568115,-0.30198789005217475,-0.3024723080347235,-0.3057400983527303,-0.30249343848796006,0.16054138002016108,-0.0033179426769910777,0.16295166273651354,0.03085855519518848,0.22589797736584302,0.03639609199152543,0.018994803151467926,0.2577223436859907,0.03403667787905649,-0.015148760119861961,-0.15371342545814465,-0.018994803151468682,0.24126452740079976,0.19124894209876256,0.2709799410114061,0.18568194427553675,0.22768855966128398,0.1770859699446471,0.2070351224237693,-0.36267065161754447,0.11395018872077223,0.1803404217023437,0.2873193622067553,0.20630988279947535,0.02254767308080857,0.24285604727687737,0.07287304539253975,0.10631146946599192,-0.043274804782883286,0.08743719206923123,0.2642298586713879,-0.07507042158181705,0.2639930306779314,0.26713401710182944,0.28697367464576207,0.27263125029658836
acc_y_std,-0.14740181565080865,0.8752276601599163,0.8071247709318401,0.8696346280806166,-0.7188319084185778,0.843317258787371,-0.22856439863319106,1.0,0.8571963289601021,0.9659743783143339,-0.7933328429807238,0.9529698935723577,-0.05790213669798504,0.8634536076645676,0.8077639297753847,0.8786803376988839,-0.8163587201230947,0.8888801299342205,-0.24298411345139057,0.862477825324837,0.60495660696699,0.8843914219998639,-0.7014707431131433,0.8919705835592887,-0.5821394843093459,0.8368028621042898,-0.09655257020449909,0.739297591231791,-0.7823486047130057,0.6950307422571562,-0.500957166878038,0.8820038122030156,0.07472067502178617,0.8242367823156828,-0.8702502131994939,0.7964605802318209,0.12292660492194797,0.6855096557888603,0.1618392798573151,-0.12132694623348109,0.06951541754821992,-0.12292660492194794,-0.11480973581265581,0.6090483214710656,-0.05548943238516337,-0.11465908104027994,-0.1541469459265613,-0.11480973581265506,-0.2658485503276624,0.6461872981695764,-0.17664676579656202,0.2667104258489456,-0.3502289601898662,0.2658485503276615,-0.1430141412814283,0.6527804592292864,0.13689028818546056,0.1437516817969562,-0.3676854701843756,0.14301414128144418,0.012035466401126425,0.32560842391131106,0.02023357548095367,0.012066867640497064,0.008302899217379343,0.012035466401126176,0.43280389686617704,0.593476217979739,0.5027731975270312,0.18461933060104949,0.3130440792759076,0.1457114228928811,0.5772328138366535,0.5768767714970459,0.6598409195617518,-0.5719672579072169,0.5374997826438382,-0.5772328138366529,0.09396224966589034,0.5371267747308787,0.2570017613640661,0.33318236546987984,-0.13822282589028628,0.31074395082069073,-0.10177255689255968,0.708765657634863,0.07309399880202055,-0.07315235049403034,-0.276472119502112,-0.1006336150238277,0.7430213813352959,0.6141806805797202,0.7594158392068849,-0.06387513639607853,0.6828660358601485,-0.10507845822046837,-0.41697564970789364,0.5124625992488171,-0.24355910772933984,-0.2622275647120688,-0.5288979610638572,-0.2967409415509552
acc_y_max,0.278204604289012,0.7427112479918212,0.9220722514346252,0.708770301265511,-0.4017441242589782,0.6828400849963331,0.259348029360425,0.8571963289601021,1.0,0.7970659611066231,-0.4009233449308699,0.7686267009771557,-0.09468308318225693,0.5840693130165784,0.503499738970214,0.6101646869950056,-0.5758437817565839,0.6406169153660831,-0.39578731727221167,0.7982649046572002,0.43826180738675885,0.8597519912247498,-0.7173795789822741,0.8623374922831818,-0.7605997438306312,0.7505122867615973,-0.3245098493102111,0.8182826422393382,-0.8566645045597698,0.7840566874424667,-0.38664197028410985,0.7527479477460549,0.0566414551896677,0.8013518366985863,-0.7435877608995092,0.7923560742367531,0.25880553590994854,0.6781474448990212,0.29675450715381596,-0.2573533066866824,0.21332579260994491,-0.25880553590994876,0.07103707357281046,0.7890277250990929,0.14330281095779196,0.07122533069676007,0.020040206934166943,0.07103707357281126,-0.1548071885871181,0.6367122229201896,-0.07139532369542571,0.15567065325260587,-0.24442612018380644,0.15480718858711778,0.0195463606754548,0.5786006604968836,0.24500322555019785,-0.01888435591708483,-0.2063050260171113,-0.019546360675433874,-0.127804517207343,0.3435946947974903,-0.11925151303747382,-0.12775654404717052,-0.13354125841508993,-0.127804517207343,0.5067883736045439,0.55559957086653,0.5680483861955571,0.203405099737812,0.4211241939128327,0.1704746898043613,0.605919549824919,0.6748201635788331,0.6800485879434001,-0.5995517227677928,0.48368056202524445,-0.6059195498249181,0.20912829617122064,0.5909003877627826,0.37920254627097405,0.4181195126832811,-0.014209590049397048,0.394212990624338,-0.01051259725507696,0.47528422751693067,0.10916541585298993,0.003605510399759233,-0.13220170003409654,-0.00976171344350961,0.7371975184834054,0.715444872810645,0.7810372340026109,-0.004976737159625974,0.6483254212441586,-0.055739518413753165,-0.2901861271594709,0.47200543943493933,-0.12273183021734646,-0.12915895277071507,-0.38403529778109735,-0.16100547486488212
acc_y_rms,-0.21733963003498355,0.8521372512476033,0.7591121481299713,0.8861376836214011,-0.7437971103738343,0.8583912565540266,-0.26590852059211734,0.9659743783143339,0.7970659611066231,1.0,-0.8272152063752024,0.992583216827494,-0.003460314125223432,0.9101014012627391,0.863295325078158,0.9192493464527405,-0.85700492877906,0.9219168122194397,-0.22111772061027526,0.8701717796832443,0.6097781666861606,0.8705176464862003,-0.7202975856298969,0.873749902694528,-0.575108820316337,0.8329955727112026,-0.10574280864413338,0.6973890611614172,-0.7849034394220024,0.6484780876899187,-0.47744412631822414,0.9052079932792451,0.11471704141007683,0.8270136254099733,-0.8717946552799999,0.7954313362610035,0.14180956953679832,0.7300892815594292,0.18249077388978502,-0.14042147114773046,0.08613994779418203,-0.14180956953679857,-0.09771047072233756,0.5600954003696359,-0.04381659327816562,-0.09757195669409656,-0.1346470280950064,-0.0977104707223367,-0.19498330160836833,0.6257511175647639,-0.10756273369028403,0.1958085692150485,-0.2760238855086314,0.19498330160836766,-0.280631165361921,0.6261499453368351,0.008899605785421788,0.28134979029465107,-0.49404572845311256,0.28063116536193866,-0.026622108152823672,0.4059318836679627,-0.0166637099816149,-0.026579762363442654,-0.03195432389577772,-0.02662210815282366,0.4258796078489395,0.5656851552327821,0.4919780146271042,0.05469911439994231,0.3175154324346387,0.01212757154330565,0.5391028992684151,0.5326069552385777,0.6073218553329918,-0.5345511846135814,0.501903028827055,-0.539102899268415,0.028071730810942837,0.5094827912307291,0.19598760084092123,0.269120808372836,-0.19923789471521766,0.24585323467546125,-0.06344547616793351,0.7990316848305796,0.1301708536066678,-0.03019448457518071,-0.2523958273501297,-0.062278112123136026,0.7458292607976623,0.6369913080345385,0.7674994764140466,-0.2130165852547036,0.6800393621853881,-0.25485748614508613,-0.43396527744928326,0.5014931021333685,-0.2602110316730574,-0.2802070218353974,-0.5448314428061877,-0.31161027614083975
acc_y_min,0.592728337903705,-0.7482096028991867,-0.44099625019254535,-0.802510956166896,0.8763808480221956,-0.7897725704183528,0.7301234410750435,-0.7933328429807238,-0.4009233449308699,-0.8272152063752024,1.0,-0.8269896071857986,0.0012679711469901912,-0.9178639697384937,-0.9089982403829611,-0.9202774721450319,0.8574402580938824,-0.9022611510788839,0.0932198800808751,-0.6741551577129016,-0.4938331225639941,-0.6442269831345453,0.5399671731505826,-0.648829274788419,0.22006137114175847,-0.6509170255055844,-0.14384966191958368,-0.41381602448384536,0.4720536011131308,-0.3708291924970164,0.3522838175870921,-0.7588648000431961,-0.18060540424391508,-0.5443280763422726,0.6634283745174063,-0.5023030572654298,0.12187175893479187,-0.45745393991420924,0.09412774079009004,-0.122869543733474,0.1667695028341601,-0.12187175893479162,0.3376989286663134,-0.17587535516011518,0.3120731855764327,0.33764523091728493,0.34860344685216316,0.3376989286663126,0.2969955937814947,-0.39908139153990707,0.23491109575226712,-0.2974821697948783,0.33951422207724447,-0.2969955937814938,0.37730471272098914,-0.5116183470455902,0.11194756068019755,-0.37789081916967115,0.5270635020849331,-0.37730471272099414,-0.19603562662560825,-0.31417801483688396,-0.20314351235025868,-0.19605246277847904,-0.1941880924622894,-0.19603562662560825,-0.1426308569574773,-0.33878566669701593,-0.18555621836306282,0.0523856772862954,-0.0402408507882656,0.08455816430081498,-0.34929128672896986,-0.20205199574135332,-0.3727997419662242,0.348726031410982,-0.4417582663131593,0.3492912867289694,0.20022841268947283,-0.20717897496537346,0.09594638018236004,-0.002595975346501936,0.34270102175001377,0.009160460955707338,0.21939548676311496,-0.7086803357298695,0.037809093985588536,0.18218765755674596,0.3823489529328098,0.21817297059554921,-0.4529308090651987,-0.2824426924377127,-0.4424591556798374,0.24462334215014706,-0.44221302313483013,0.2621404045564745,0.4833669305791279,-0.33818483028961044,0.3790940067850763,0.3753016124828249,0.5560418321894347,0.3958428163580169
acc_y_abs_sum,-0.2620426948991408,0.8482551688168062,0.7234086730327228,0.8732388258817214,-0.7553452699432334,0.848076388069061,-0.2832983949461703,0.9529698935723577,0.7686267009771557,0.992583216827494,-0.8269896071857986,1.0,-0.028051556371418852,0.8975556439283097,0.851098192670222,0.9069904800737547,-0.8449284192895261,0.9092186906871772,-0.1867297910531883,0.8722412668390845,0.6453889692837494,0.8609448800697816,-0.6998554813510222,0.8643665779626973,-0.5477512494819377,0.8339298109075083,-0.07621070971982907,0.6578986801601129,-0.7684093676906744,0.604363751990534,-0.49995176023929205,0.8874356932913309,0.09433436853028423,0.819830865737162,-0.8686039505264905,0.7875995547828515,0.1610246602377267,0.7156705347926423,0.20019721738815283,-0.1596420878060402,0.1071324739098712,-0.16102466023772663,-0.07754318846143853,0.5118281800875804,-0.02947610200217699,-0.07741771623773665,-0.11228214411201166,-0.07754318846143768,-0.1717265393860787,0.629687603263537,-0.08603760043083439,0.17255655714479104,-0.2546036280470213,0.17172653938607801,-0.30092541847686294,0.6026838916706094,-0.01896457859627806,0.30161206593514,-0.5042066119447876,0.30092541847688026,-0.046929330371347465,0.36928908453044024,-0.037656893030685,-0.04689207744940512,-0.05204776161189803,-0.04692933037134778,0.4414047170919705,0.5648836702962801,0.5027325760979581,0.06178676845059995,0.33593430394034185,0.01999318398424357,0.5211859549045095,0.5333859725576481,0.602316374253824,-0.5163868327552479,0.47562019051593835,-0.5211859549045091,0.04795952413968398,0.48450330241067585,0.19822527230481296,0.28436477043220576,-0.17282112237588618,0.2637719172944955,-0.03934108265072262,0.7923745570037088,0.15111127368397326,-0.006280584358876055,-0.22879130889429014,-0.038103622030533954,0.7485730024291615,0.608919618162061,0.7631412661663253,-0.2200881812938511,0.6920878028516886,-0.2592066111093918,-0.41833580600554626,0.513647848033386,-0.24120490908046033,-0.26768707650656565,-0.5377356729572146,-0.30066831505197134
acc_z_mean,0.3876220886436905,-0.3059860495667585,-0.0394283150827301,-0.19121223215580543,0.3652787430084272,-0.2218133162862877,-0.07042751473114438,-0.05790213669798504,-0.09468308318225693,-0.003460314125223432,0.0012679711469901912,-0.028051556371418852,1.0,0.008760262700559542,0.17470012607865273,-0.03576241991789269,0.26451693953955213,-0.11619473888309784,0.34479684745387157,-0.2425849536673251,0.03535215951998594,-0.11207296143672531,0.24854521227766885,-0.10125516399858712,0.22377280164828264,0.1577443496714454,0.34210070900531486,-0.1113165061208056,0.10211909702942787,-0.1348354048852763,-0.1059754560702136,-0.005269331133670594,-0.07835444369227336,0.21723642874742397,-0.05559195972098582,0.22981127766146633,-0.01568482912726945,0.3376226753196214,0.012166957070914718,0.016774352328842126,-0.039773025541749385,0.015684829127269536,0.0018451347799440868,0.3377336768882322,0.010225891256885186,0.001937076479711269,-0.03444398129074521,0.0018451347799429661,-0.09672518824226836,0.01875541898059589,-0.06437117587228872,0.0968846589153006,-0.0791332393954473,0.09672518824226785,0.22375842906312868,0.20585039664847454,0.18523740347941006,-0.2235375101078746,0.08281142969093375,-0.22375842906312432,0.03238442946178883,0.39107842890278743,0.039886173548067734,0.032439816205920576,0.02665598931191207,0.032384429461788836,0.09848468212083208,0.4632896099985166,0.15764774159997816,0.3193137834712252,-0.045390870538750815,0.2928847538099642,0.21567846956694697,0.11137944070639279,0.25249699812287885,-0.21522782843404162,0.17671465477953135,-0.21567846956694675,0.25425446509822136,0.22739879975985558,0.22773153034060506,0.21690208628882748,0.1290214455173217,0.21148784009462018,0.17306757995601008,0.27315385822822086,0.18313579713949518,0.17405111475059704,0.07242435650831137,0.17214888868405603,0.09418815915579674,0.08839045629401601,0.06161486930428078,0.21670459719806054,0.02664453036668589,0.2196512879800594,0.041027845270833876,0.3838926785758888,0.14174713335445696,0.015353811715425115,-0.08122814947916071,-0.006434139071277976
acc_z_std,-0.4322360854912716,0.8024615425087616,0.6080435775850458,0.8830893597766616,-0.8209164357259675,0.8572643821083322,-0.5093365090073632,0.8634536076645676,0.5840693130165784,0.9101014012627391,-0.9178639697384937,0.8975556439283097,0.008760262700559542,1.0,0.9668367119990801,0.9929936442244972,-0.916673247485394,0.9856568181173581,-0.14248639197377785,0.8024516657888467,0.5694459783668083,0.7506792424386726,-0.6609392990843609,0.7479462515213775,-0.4272426218496985,0.7409091279638149,0.0001926064534102861,0.5838089877706485,-0.6471266722066293,0.5372564748240449,-0.38720701927465345,0.8490298054251038,0.16799294112475704,0.683469745679186,-0.7574287332613033,0.6426408478666453,-0.002748237773438483,0.6004721275738873,0.03247392787201554,0.0038703086560641898,-0.052211885678845306,0.00274823777343805,-0.22585347261908487,0.4133819113598169,-0.18772308320005204,-0.2257432384273393,-0.25648684854103576,-0.22585347261908387,-0.26125364470910517,0.4948774961870101,-0.19011165145269807,0.26190102674038024,-0.3234695291201173,0.26125364470910434,-0.3124669841872011,0.5847728757149421,-0.020991931484930015,0.3131242098485287,-0.4977939138342412,0.3124669841872119,0.09756206743431484,0.35463915987629757,0.10556370955803304,0.09759122258857404,0.09397733693333227,0.09756206743431468,0.26519494429634055,0.5018729240383575,0.3348372205913481,-0.032557992369287504,0.14750595635071434,-0.07470969578411771,0.4538643348077815,0.3008894520310815,0.4794793610556454,-0.4531854839172884,0.5098185213948437,-0.45386433480778093,-0.11302648763682825,0.4605275499910289,0.060998823794387536,0.11971783883019141,-0.34108504235061887,0.09388620165299362,-0.16995900017114773,0.7860477700272408,0.03098509333374114,-0.13176739670351864,-0.34203655292697727,-0.16876716329481567,0.6054261173233383,0.5141495953140667,0.6133097386915831,-0.22814818587501132,0.5496680760020634,-0.26328670130680787,-0.44717525366625943,0.3957262592872964,-0.32113752114737815,-0.3138746111985459,-0.5345399127884639,-0.33354672588991596
acc_z_max,-0.41927814896170224,0.7030065326882793,0.5411426179602997,0.8083806026471102,-0.7345084525757026,0.7809590182387499,-0.5799050604791282,0.8077639297753847,0.503499738970214,0.863295325078158,-0.9089982403829611,0.851098192670222,0.17470012607865273,0.9668367119990801,1.0,0.957335927969451,-0.8251583625253981,0.9320844182038773,-0.026004752863705006,0.7243358658061894,0.5735012968687389,0.6742775819487596,-0.5630328804897241,0.6718140254172317,-0.3048478277529537,0.7483173944431782,0.13647379186351397,0.5002405266116021,-0.5652064013806356,0.44555011705324693,-0.39023207181267733,0.7751201662501134,0.13572202188134533,0.665136381100291,-0.7179297752958559,0.6260162804959496,-0.032617710503538504,0.6027265445759082,0.004935544116279483,0.03389410180764721,-0.08321132365070945,0.03261771050353814,-0.24382297154839178,0.4192606470587725,-0.2092426371549595,-0.24370854881490142,-0.27722054420480435,-0.24382297154839108,-0.2869614012196963,0.45124881349865004,-0.21696438629432438,0.2875646717490949,-0.3412082994383474,0.28696140121969543,-0.26686323397545825,0.5967610106597303,0.008483819259990203,0.2675199457490533,-0.4584869208129896,0.26686323397546785,0.12498396241329081,0.3958636440999682,0.13327510534249887,0.12501922878534966,0.12076269256475186,0.12498396241329066,0.25131566707138736,0.5386276896250387,0.3239828378349279,0.02968789378598459,0.11262980179849305,-0.013569823754369294,0.46833440342320387,0.2720744253058507,0.4983097858316349,-0.4681443631900086,0.5217433277502909,-0.46833440342320365,-0.07657814985356143,0.4433612554779902,0.07905104014420333,0.13500616286419523,-0.30175555516982566,0.111174595901298,-0.1453589559570871,0.8095986971979898,0.05502421640980226,-0.10751543894849436,-0.330625497349778,-0.14434236115368743,0.5742797201696938,0.4813028910862826,0.5757648258450933,-0.17617900736430644,0.5165605812370826,-0.20824321133553522,-0.4130785683313973,0.45325481139124696,-0.2715723239636322,-0.29331219008099535,-0.521590017305034,-0.31713734000557536
acc_z_rms,-0.43446400220570847,0.8225527980303844,0.6326314186135594,0.8910745718828885,-0.8281500299985335,0.8664569480579546,-0.5031308209852164,0.8786803376988839,0.6101646869950056,0.9192493464527405,-0.9202774721450319,0.9069904800737547,-0.03576241991789269,0.9929936442244972,0.957335927969451,1.0,-0.9251945852149616,0.9942263615529287,-0.16236024703556995,0.829465921427353,0.5806831976658688,0.7647065357071714,-0.6814034986192977,0.7613283727268323,-0.45841501727826167,0.7500147478125557,-0.030593783781058863,0.6122588252492787,-0.676861641024986,0.5656144569944619,-0.4025899516777156,0.8430204752147273,0.1581059664020792,0.6980455294145267,-0.7686081326271839,0.6580968008950149,0.012699426792086802,0.6098145972581085,0.04860067244474678,-0.011590446910189534,-0.03692640524251482,-0.012699426792087087,-0.21492989175657398,0.4105296401689213,-0.17615522851664075,-0.21482145884123893,-0.24495275507731049,-0.21492989175657284,-0.24759989582804812,0.5248372559671101,-0.1730721257647275,0.2482840783771824,-0.31431285729482916,0.24759989582804734,-0.32048090873963603,0.575772549584816,-0.03695958736298235,0.3211273794569201,-0.5044928024533175,0.3204809087396476,0.08325721519868608,0.355393769917123,0.09139010167974917,0.08328779469945496,0.07955109443055537,0.0832572151986862,0.27283452270673575,0.4922441335776049,0.3386266774717532,-0.04251802460691529,0.1584817047264849,-0.08441246199320707,0.44726628685794345,0.2967587344674281,0.47574763923014146,-0.4466496203585463,0.5117294681790164,-0.4472662868579432,-0.11839766788664302,0.4519629695868476,0.05779264327941009,0.11518303309541215,-0.343318152150674,0.0901470170479561,-0.1669813373535355,0.7716150376785046,0.03330630524456707,-0.12970547930361803,-0.33700863363676126,-0.1657646375994968,0.6193216243277782,0.526290171421563,0.6321824815536825,-0.24730483937961176,0.5650459764861778,-0.2839212230669706,-0.4539160592187405,0.3789525891047,-0.3341742421641784,-0.3208596234317421,-0.5358807187500352,-0.33974139031211
acc_z_min,0.4552566319582173,-0.8730479999042134,-0.6324602606089943,-0.9244512006239168,0.8896050966741229,-0.9176764472407833,0.4247386345970304,-0.8163587201230947,-0.5758437817565839,-0.85700492877906,0.8574402580938824,-0.8449284192895261,0.26451693953955213,-0.916673247485394,-0.8251583625253981,-0.9251945852149616,1.0,-0.9381365488815545,0.37031110333643935,-0.8363758645625273,-0.42219022463180356,-0.7940343498801696,0.770255161078683,-0.787725790692496,0.4913806449281354,-0.6529426773472136,0.13702071367883822,-0.605067207116339,0.6626675696995754,-0.5662147631436867,0.20962721828695371,-0.8577552554213721,-0.3340573651296991,-0.5528560124821777,0.6486336989023979,-0.5099575736489128,0.08677018042982369,-0.4626717810053037,0.06041928723637745,-0.08736949916597185,0.128711096280992,-0.08677018042982317,0.3035976879359769,-0.2509965527099769,0.27032508123156884,0.3035261205459554,0.31903680529692025,0.30359768793597525,0.2599095315225631,-0.4193595859558054,0.2046253912080474,-0.2603760195801212,0.31073709290606405,-0.2599095315225625,0.4192167572295498,-0.5316267979194964,0.12238637498457527,-0.41984391806572774,0.581975839586671,-0.4192167572295565,-0.15455479152710544,-0.35921868132922735,-0.16251214153650617,-0.15458107318581946,-0.1513594929885734,-0.15455479152710533,-0.13794660019821484,-0.239696546723167,-0.17532021324039865,0.2493916745405801,-0.08112246163449212,0.28037432258493644,-0.3691090523176353,-0.2636710319668157,-0.3685379833797831,0.3685344216344268,-0.4372678736743682,0.3691090523176352,0.3201733617237607,-0.24604547147604394,0.16644326793533626,0.08290334419040618,0.474999002327837,0.10149941711838276,0.2942674280078715,-0.6129677506682129,0.11851324417948544,0.25949173997463215,0.4203155054542084,0.2929438541446896,-0.47514644102818654,-0.4070119602217142,-0.49473943799406767,0.3880919715824225,-0.4374728294706277,0.4174286457181488,0.5166078289008197,-0.23382698905026195,0.4360322083346032,0.3698247928689754,0.5511301589506965,0.37871766992519235
acc_z_abs_sum,-0.43523607125858393,0.8555532164128992,0.6591962826790837,0.9116506333289619,-0.8476572974103832,0.8889058365572069,-0.46163924428709624,0.8888801299342205,0.6406169153660831,0.9219168122194397,-0.9022611510788839,0.9092186906871772,-0.11619473888309784,0.9856568181173581,0.9320844182038773,0.9942263615529287,-0.9381365488815545,1.0,-0.21589600101903347,0.856635680079976,0.5644777188430558,0.7815865357591487,-0.7178485232563614,0.7763145302052646,-0.4958877349477929,0.7368305253158411,-0.07881370210083875,0.6350599871032695,-0.6973425400438529,0.5908370343817128,-0.3825335616334857,0.8532415385655405,0.1753419679175539,0.6832008933192008,-0.7628659231650881,0.6420948033915219,0.013880446949750647,0.5796465975790308,0.04753171609583393,-0.012875888338938863,-0.03345424744534291,-0.013880446949751022,-0.2127264444507326,0.4079942858170716,-0.17272117531551867,-0.21261935917481645,-0.24166443882003194,-0.21272644445073147,-0.24169272748114198,0.5248405081970478,-0.17055186682270682,0.2423734524452611,-0.3108813218237098,0.24169272748114132,-0.3287309717711962,0.5621789831973493,-0.04071611830311201,0.32936488205142167,-0.5021526488235838,0.3287309717712074,0.08080808931468407,0.3338682411954496,0.0884932431987458,0.08083606626788237,0.07737547859404893,0.08080808931468408,0.2652230728647228,0.46574953705959515,0.3309084620664267,-0.06755197044660433,0.16336523023448546,-0.10823292767622873,0.4401811796241375,0.3025341864432049,0.46184702290932456,-0.439423514824656,0.5024177063835903,-0.4401811796241364,-0.136270471572216,0.4620690423138808,0.05135739941271759,0.10346029278572523,-0.3583484198118474,0.07681165823483371,-0.18282119879520087,0.7454963900958763,0.01537408882398066,-0.14611674527850596,-0.34208639274291347,-0.18153484498837924,0.6124586356026311,0.5449619442717135,0.6310573500793107,-0.2522083191192788,0.5555566170401047,-0.2911313054939265,-0.4576900178767478,0.33886749316177645,-0.3470763998560687,-0.3203711952175854,-0.5249593742228175,-0.33660607881818244
gyro_x_mean,-0.2168892271346458,-0.5563653654810478,-0.6023064368848701,-0.5159548855713009,0.3633170372254377,-0.5501712503340754,-0.2785646709419896,-0.24298411345139057,-0.39578731727221167,-0.22111772061027526,0.0932198800808751,-0.1867297910531883,0.34479684745387157,-0.14248639197377785,-0.026004752863705006,-0.16236024703556995,0.37031110333643935,-0.21589600101903347,1.0,-0.42047724530819747,0.4892329771062374,-0.48764292755815314,0.758461127428014,-0.4689490189221782,0.5206703051598242,-0.10644642138248613,0.5225700547198724,-0.3297109920754442,0.4424539026443015,-0.3166550979219565,-0.5372570238060276,-0.4985731922243689,-0.7629781212849143,0.013086590975568801,-0.0805768227329991,0.03735383008019503,0.3059487333479015,0.10651292952615077,0.308622470815582,-0.30513854112781724,0.30741220581796846,-0.3059487333479013,0.34724669617776227,-0.07782067668452003,0.3227136878522126,0.34721685371810407,0.3519244220171686,0.3472466961777611,0.1880711189361156,0.10539088774659343,0.2102945401256698,-0.1878063939653947,0.1660130645015366,-0.18807111893611583,0.2922998612452109,-0.20070617368980279,0.1552762744901934,-0.29262580653116027,0.3934822268766552,-0.2922998612452064,-0.26066683115366573,-0.5202287576449552,-0.26971856014499584,-0.2607197002336077,-0.25409019965988916,-0.26066683115366573,0.2354936026032126,0.30712801255183275,0.2501545664329663,0.5893102473538516,0.16493761572535573,0.592702883077918,-0.2370528240917038,-0.10983971072397565,-0.11341661762055745,0.23862957077858682,-0.2736979032793635,0.23705282409170336,0.5865775240840958,0.16493261833193476,0.5095010374640385,0.4489648738790361,0.5810865488943086,0.45462956967945195,0.4082436958086575,0.27819106132508165,0.4278724107441115,0.40913760061067395,0.31946959750873155,0.40761852693401013,0.12934820295717867,-0.1398157936961585,0.07364601694004541,0.38364619420223817,0.18967885467780146,0.40015210015353225,0.45520382445120655,0.2231860869373631,0.5206612334779491,0.3343338287101766,0.33298811291033853,0.3133534848715281
