,acc_x_mean,acc_x_std,acc_x_max,acc_x_rms,acc_x_min,acc_x_abs_sum,acc_y_mean,acc_y_std,acc_y_max,acc_y_rms,acc_y_min,acc_y_abs_sum,acc_z_mean,acc_z_std,acc_z_max,acc_z_rms,acc_z_min,acc_z_abs_sum,gyro_x_mean,gyro_x_std,gyro_x_max,gyro_x_rms,gyro_x_min,gyro_x_abs_sum,gyro_y_mean,gyro_y_std,gyro_y_max,gyro_y_rms,gyro_y_min,gyro_y_abs_sum,gyro_z_mean,gyro_z_std,gyro_z_max,gyro_z_rms,gyro_z_min,gyro_z_abs_sum,quat_w_mean,quat_w_std,quat_w_max,quat_w_rms,quat_w_min,quat_w_abs_sum,quat_x_mean,quat_x_std,quat_x_max,quat_x_rms,quat_x_min,quat_x_abs_sum,quat_y_mean,quat_y_std,quat_y_max,quat_y_rms,quat_y_min,quat_y_abs_sum,quat_z_mean,quat_z_std,quat_z_max,quat_z_rms,quat_z_min,quat_z_abs_sum,encoder_angle_mean,encoder_angle_std,encoder_angle_max,encoder_angle_rms,encoder_angle_min,encoder_angle_abs_sum,grf_x_mean,grf_x_std,grf_x_max,grf_x_rms,grf_x_min,grf_x_abs_sum,grf_y_mean,grf_y_std,grf_y_max,grf_y_rms,grf_y_min,grf_y_abs_sum,grf_z_mean,grf_z_std,grf_z_max,grf_z_rms,grf_z_min,grf_z_abs_sum,grt_x_mean,grt_x_std,grt_x_max,grt_x_rms,grt_x_min,grt_x_abs_sum,grt_y_mean,grt_y_std,grt_y_max,grt_y_rms,grt_y_min,grt_y_abs_sum,grt_z_mean,grt_z_std,grt_z_max,grt_z_rms,grt_z_min,grt_z_abs_sum
acc_x_mean,1.0,-0.10299091567482849,0.5527006957627886,-0.107487625675172,0.7437743761149426,-0.11443730997041705,-0.4162703086076689,-0.34479836870318975,-0.4930031369076107,-0.2504315335900547,0.31512728770214243,-0.08877042832770177,-0.3848245945112837,-0.11600328309389123,-0.3996098287411096,0.25120716023536366,-0.37533313081388536,0.3767233806336608,0.5990210198153231,-0.1957424952187535,0.23971229129677513,-0.315462948813411,0.5689524522641526,-0.3493880028822068,-0.6833396220270754,-0.03944160556833901,-0.5503948621760933,-0.33232869408227905,-0.43691260395757286,-0.33865619312050715,-0.25467146357307796,0.13925293836238611,-0.11805908954549764,-0.04698530632786245,-0.380154165113363,-0.0284266801832093,-0.5929207897910118,-0.05605493298231239,-0.6026877186904038,-0.5940640755441403,-0.4655140841424275,-0.5929207897910113,-0.5641919447276077,0.011478562303087404,-0.5226010908319961,-0.5645339529293013,-0.45847556525587346,-0.5641919447276094,0.5088420878641157,0.0790307540121165,0.48279683279763347,0.5093580852472965,0.4189084704814004,0.5088420878641168,-0.525725178307617,-0.2660131698251489,-0.6338088739129807,0.523995953682122,-0.3419909490347908,0.5257251783076162,0.08469628668084114,0.08149623504545989,0.067858373380382,0.08988176095483774,0.031917622363528735,0.08469628668084091,-0.10422801500231892,-0.0487312089615941,-0.13517653486971837,-0.052293279513074824,-0.11271842581560255,-0.048066487524008016,0.07760073816036119,-0.03232588876695212,0.057090447303541854,-0.0753837538660529,0.1689435735638852,-0.0728600606982814,0.014759982899610637,-0.06237625083342055,-0.03818867523907647,0.04600410763512787,0.022172240168785842,0.04895718570427393,0.005218718268544481,-0.13561270068016915,-0.12215975694844139,-0.01923783794712746,0.16796315002913476,0.0015278454718328216,-0.05940502919412727,0.0724715682576753,-0.03161140398971298,0.07493042337873895,-0.07030787323713872,0.07004971127597086,0.0317845715651725,-0.11108019979686151,-0.05193010368953287,0.022886042038045413,0.12456519515669619,0.036575520263903136
acc_x_std,-0.10299091567482849,1.0,0.6900947208614265,0.7946921737760694,-0.6643711191735443,0.7324184212741806,0.07348791946690854,0.5723434629397919,0.5163319733423899,0.7534253961550385,-0.4622025678108873,0.7505870663521115,-0.2899174168639146,0.4430622462287314,0.16557659385590429,0.4955199308328626,-0.5410216194901374,0.45060084624506613,-0.1546689501043599,0.5300760559789931,0.20845041637528702,0.5029984200376476,-0.5281660508194101,0.5100471855119124,0.2638330855391476,0.6198621467976907,0.6053054599850397,0.6069207693859741,-0.15994027496813673,0.5889612343723912,0.5666287304191318,0.5027094710360566,0.6480777244265902,0.5553266886931294,0.2719041304065783,0.5276867600870436,-0.2635331016721841,0.5288163102099208,-0.13932903196181273,-0.26120225259788676,-0.3695928137823822,-0.26353310167218463,-0.08973602239438572,0.492596833854626,0.0641007609703837,-0.08826849393425429,-0.19625590052095135,-0.08973602239438536,-0.2978761120859066,0.3704079007435984,-0.1961685340319703,-0.2961162533827204,-0.3819905103088414,-0.29787611208590625,-0.4176379840237382,0.5009948711285208,-0.30305765001776513,0.4188113244380257,-0.4811285820679087,0.41763798402373914,0.632920459359511,0.6220244374741483,0.6982272608720864,0.6654338878457776,0.5017077711460303,0.6329204593595108,-0.24329945940654787,-0.2972871815482106,-0.2800469767765032,-0.5084655992647519,-0.1092895725141156,-0.512471112223256,-0.40301178326922443,-0.24127632765221296,-0.41501573838084094,0.43202934956394407,-0.37398295198360176,0.43577731158129207,-0.6983924244542619,-0.13213174654993134,-0.6083466214466637,-0.6775359347543651,-0.6787500794681144,-0.6882899335032591,-0.6137314868450612,-0.010729473925480888,-0.46451050859091053,-0.5689622206080962,-0.672311633926841,-0.5991889675680373,0.528756584486254,-0.3044662376354873,0.4696368950690714,-0.5016034099349098,0.5245403277986204,-0.5034550556743677,-0.6914317242047103,-0.2713142041060411,-0.6631290386164524,-0.6616897875950832,-0.5842540336880067,-0.6604075793732396
acc_x_max,0.5527006957627886,0.6900947208614265,1.0,0.5184593352734429,-0.020013961909229536,0.45904948997834794,-0.3059908773118474,0.2734831987311592,0.1301792976216881,0.4504847740347229,-0.2463837196753794,0.5207351025476491,-0.38838488620624406,0.3142781993303878,-0.04354693453730535,0.5360176144885527,-0.5977780162703062,0.5711821356797908,0.3061334665916384,0.37855119297889517,0.4300453571595747,0.23838889553831474,-0.05185686089483449,0.2127445381883465,-0.2508458507514869,0.422276343883155,0.08427524711333141,0.21935557479647172,-0.40402201417331907,0.19448680244632685,0.16186554575160253,0.42994259865701484,0.3402943963343766,0.26419335744172306,-0.11598880026021319,0.24981394220422046,-0.571969980041123,0.24975684141705876,-0.5205072027029017,-0.5714832514383462,-0.5475217250396658,-0.571969980041122,-0.41008422040134895,0.25088116958697537,-0.31013687775616827,-0.4095297056776427,-0.3942446561974103,-0.41008422040134934,0.1254074242240353,0.2251762074686792,0.15137465122374308,0.12661892350471277,0.02756000746705108,0.1254074242240358,-0.6185723293951078,0.11946739899214855,-0.6378387071690361,0.6180623811410731,-0.5429914893579003,0.6185723293951083,0.44147121787839533,0.5247630358366174,0.5145134528611292,0.477298065148993,0.2805323335417739,0.441471217878395,-0.224435228042836,-0.1501966242577805,-0.24142087133994108,-0.3604839287157091,-0.1676383072490448,-0.36893953226763576,-0.23296694318221664,-0.15142237170658476,-0.23924597569689288,0.2599513749525227,-0.18779413696862493,0.2628436350704005,-0.495338857350606,-0.021129330104228402,-0.42012677059836945,-0.4599996345734934,-0.5314882755794582,-0.477273729260641,-0.40995426756048786,-0.027706270358689198,-0.3617129881918036,-0.388902925170255,-0.41577145660691595,-0.4022798117557014,0.3534385607847082,-0.1335183752701908,0.3534064709425536,-0.31908178477544813,0.32278885733879453,-0.3298634239198189,-0.507194446920795,-0.1637814625831223,-0.49484217876531533,-0.4784319421435883,-0.4282090968103786,-0.4773917194451265
acc_x_rms,-0.107487625675172,0.7946921737760694,0.5184593352734429,1.0,-0.5685658097235554,0.992334515704261,-0.0074778661727062535,0.597158874235875,0.45067597250924174,0.7499295834190668,-0.5150446674985913,0.7569545152818132,-0.4502180532055163,0.35233640988008025,0.04116101906641312,0.4898105875806791,-0.6221116660433458,0.46214759712874615,-0.33954090601645615,0.4130444339533147,0.05083127130970979,0.5401960795294286,-0.5627374364489668,0.5811501671577517,0.3052832436545329,0.5998972758894184,0.6374887056740886,0.7072291347639545,-0.1149790132081601,0.7022091405745778,0.6089133989934324,0.8479077750213174,0.8439434954811987,0.6268609153879648,0.12442891909786064,0.5580118180821205,-0.3125903670159516,0.49196473267429486,-0.2078975067476937,-0.3108303128953792,-0.41370611784053335,-0.3125903670159523,-0.17705742310436706,0.4267124238875115,-0.05172030233545407,-0.1760274739649374,-0.26807903795939886,-0.17705742310436662,-0.2506012015104589,0.3773898075070782,-0.1586327042466046,-0.24915909070060735,-0.3475156840083341,-0.2506012015104587,-0.4750653429316643,0.5337251225649162,-0.3766738927789919,0.47621280329739707,-0.5512654731831161,0.4750653429316647,0.7502466544377714,0.833986251111127,0.8559452513108605,0.787804476848428,0.49883428802782076,0.7502466544377714,-0.31051908781820314,-0.45544557511392353,-0.3917784598373027,-0.6070812562597729,-0.12284693653878825,-0.6002470612543488,-0.3987255748777862,-0.2833545080070337,-0.4363264553233757,0.42370383536932915,-0.3737204005983551,0.43329202494036223,-0.7732915206300721,-0.30076975189074334,-0.7444853453502426,-0.7537840702332624,-0.6871606541291811,-0.746704735683249,-0.7087255991324198,-0.14927130354328608,-0.5833998618082813,-0.6752968098065961,-0.6940177021120637,-0.6933538382755896,0.5597702071042214,-0.39265757435385557,0.4677603541494856,-0.5366879135287665,0.5888507237096239,-0.5290780980199605,-0.712770243692435,-0.40084520626252806,-0.7156681916392756,-0.7040538562285056,-0.5409515525550165,-0.6963186133899764
acc_x_min,0.7437743761149426,-0.6643711191735443,-0.020013961909229536,-0.5685658097235554,1.0,-0.5339916800535007,-0.3197118797220843,-0.7309509410196193,-0.7795688676833983,-0.7162917414057097,0.6365631303370716,-0.5624376858157863,-0.12767944146713922,-0.382271426407218,-0.43480865496459986,-0.16023083932657284,0.04156421686977926,-0.030357157127618703,0.5041582832473691,-0.49701423631124686,0.009397414158280078,-0.5455231197448381,0.7558588781451729,-0.5722946980204096,-0.622937089050361,-0.43013330940533673,-0.7621395572008876,-0.5848077118884474,-0.17193337977900516,-0.5738003278419292,-0.4870535516682648,-0.24467484997860522,-0.4672719433474563,-0.31211724511304517,-0.3508316295755165,-0.2752349835775976,-0.2873449092017589,-0.309716549593028,-0.35821083922812214,-0.28931672005536463,-0.14332362462568754,-0.28734490920175754,-0.3530091669211,-0.22406768394303442,-0.41048705958010456,-0.35393719997682815,-0.2440961253635232,-0.3530091669211009,0.5386430770165346,-0.1636034851811326,0.47382578597120534,0.5379941514504267,0.5373837737999416,0.5386430770165342,-0.1452335135896403,-0.4179351873003261,-0.2692176190104703,0.1435483643706041,0.007175780116542145,0.14523351358963843,-0.308483583001995,-0.3167864147213556,-0.3608550222782479,-0.3264423568044949,-0.25803921916090533,-0.30848358300199497,0.048154997326719545,0.09677455067204813,0.03241648130244975,0.2497485205907013,-0.027128191606583425,0.25845181662638866,0.3137964488275353,0.08818141395426764,0.2955694540921659,-0.3285233565183521,0.3963128211512676,-0.3258129740078125,0.4260248240202045,-0.030912025388652016,0.3002408148372681,0.4381411590730261,0.4400562482324446,0.45512589144198723,0.36203122537630067,-0.17285427653678928,0.14213156146670747,0.3022129587744251,0.5857210877644757,0.34488261077423926,-0.3717059472648428,0.20971655788593183,-0.32830189387383013,0.36241154785496843,-0.3633793864217037,0.3634372137571735,0.4547396189748181,0.010321009954317187,0.3429722452405464,0.40688088846860077,0.5041403938983595,0.4229941180930385
acc_x_abs_sum,-0.11443730997041705,0.7324184212741806,0.45904948997834794,0.992334515704261,-0.5339916800535007,1.0,0.009009175126814045,0.5653880988587734,0.41785895904816595,0.7078485647047126,-0.48160048030627606,0.7201917024868391,-0.45735513360713514,0.3065362087705766,0.006951830249409668,0.4572576851541712,-0.6046051480334111,0.43557145757957766,-0.3754763542286618,0.3793202216845108,0.005577003389053452,0.5233832297337202,-0.5610265055921818,0.5677384290020424,0.3194125266635732,0.584782972013016,0.6381854503385835,0.7018237104009911,-0.0945790083565119,0.6983671081937136,0.6218892648035614,0.8732744345440173,0.8616938817366055,0.6413775416994109,0.12793020727745255,0.5696940004698796,-0.3047921799668968,0.4907303267767278,-0.198520170340358,-0.30305411241270525,-0.40739626340328283,-0.30479217996689756,-0.18516282894839978,0.4200097488783612,-0.06137669942884441,-0.18416158085638132,-0.2758530663549278,-0.1851628289483995,-0.2384177621901826,0.39515618907144434,-0.1416231102044395,-0.23695463397756364,-0.3408248449329914,-0.23841776219018262,-0.46643011984240995,0.5388587323856323,-0.36642344725816517,0.46760244608006163,-0.5458859664868309,0.46643011984241056,0.7600716451510025,0.8250003389849919,0.8545435154976376,0.7938314881074754,0.5063789309718065,0.7600716451510015,-0.3119974089877761,-0.4764826701882096,-0.4008238122998593,-0.6061238753236314,-0.11782029021480389,-0.5969815547059387,-0.38424451853933483,-0.28596280069317087,-0.4256046068922683,0.40591829004023405,-0.3545287447712755,0.41668904042670163,-0.7567100693774114,-0.3372914481245222,-0.745079442819054,-0.7384026291239664,-0.6516424296667499,-0.7262819432396763,-0.7040908943432809,-0.1781132299892227,-0.5876964611508773,-0.6737926859823496,-0.662854469945988,-0.688854517855359,0.5435237254116577,-0.3970481818647761,0.4436997893538576,-0.522654076937496,0.5770589579229369,-0.5133797817158634,-0.684435719881518,-0.4218074392503348,-0.697874228323218,-0.679006064718209,-0.49850762058209014,-0.6690393017914138
acc_y_mean,-0.4162703086076689,0.07348791946690854,-0.3059908773118474,-0.0074778661727062535,-0.3197118797220843,0.009009175126814045,1.0,-0.07696598950221861,0.2151712464433252,-0.15577305802294622,0.31856664125201745,-0.19314651641293692,0.11516203082258226,-0.3525620615860241,-0.1635480427605778,-0.3106775588797474,0.3231164707067468,-0.3342742987070222,-0.5297278957137652,0.000501841411248983,-0.38512660450938196,-0.08927021162569816,-0.43504698006619164,-0.10863788672132783,0.42097432751552427,0.22685408796277645,0.4392421849191331,0.34801000525796666,0.21036948363928926,0.35839579349986017,0.5312437644010768,-0.05258746886010694,0.2867284503212582,0.3951854866284368,0.6054070120347848,0.4238264198164167,0.3266795639184005,0.33525684195993594,0.4440303930066268,0.3290770956368631,0.1942698988532239,0.3266795639184007,0.2762138717302632,0.48982272970194346,0.45294346065649554,0.27780335010677304,0.11729349228657387,0.2762138717302634,-0.314149404760626,0.34249279051361575,-0.18193998410501577,-0.3128213239919484,-0.36724910262641547,-0.3141494047606259,0.23783983822124988,0.4128117947390413,0.4133579976447696,-0.23593723056196358,0.1100886428732267,-0.23783983822124904,0.24621835008284088,-0.2431577705132351,0.03840509808297019,0.19463330850059474,0.43531363175404447,0.24621835008284057,0.003491001688221572,0.09553057308874735,0.03315505983488613,0.0934382625416016,-0.02069136061970958,0.09194436049521075,0.13290330389770724,0.18458654149487594,0.1511853502420613,-0.11815838187252704,0.06917865210785677,-0.13375089295723333,0.17080781557015973,0.17143107207129935,0.178593448525332,0.17856275989232379,0.09356006072218101,0.16631943068708024,0.19717875574909233,0.17624304117525438,0.19595449672569512,0.2216804191019664,0.08651173134986002,0.20905731851486387,-0.20348930937512313,0.19927607841558384,-0.09859626203245658,0.1996392335510581,-0.19157821652388898,0.1915642356208026,0.11811926491349568,0.14958119595758587,0.15171249469210288,0.14353686468575327,0.04347395995266931,0.13247361846541103
acc_y_std,-0.34479836870318975,0.5723434629397919,0.2734831987311592,0.597158874235875,-0.7309509410196193,0.5653880988587734,-0.07696598950221861,1.0,0.879990806804002,0.8787741374212483,-0.9108210521370975,0.7085231376027217,0.14133634940129103,0.5725527223150796,0.5742105287608772,0.4839409494239577,-0.14191203835465468,0.3614140123843969,-0.15907235330585776,0.5982875529798557,0.3010119824842999,0.6102344238724443,-0.5327326832885755,0.6227653423236592,0.24532028754892518,0.545395685922339,0.5309819777852156,0.48208112716499435,-0.18417055948046487,0.4443541713831733,0.20521428486992851,0.44948232863227333,0.38502591593569,0.10905755347006495,-0.09846376104678399,0.042120874886802016,-0.002071688094556623,0.1112317720572174,-0.0001990716158940717,-0.00170714070955765,-0.043657608238694176,-0.002071688094558181,0.08535005477679485,-0.03211993636042313,0.088510210306828,0.08527327260672017,0.10523769124956495,0.08535005477679516,-0.27788325164428523,0.09009330360475244,-0.2844547190004475,-0.2775269406413958,-0.3070059606588334,-0.27788325164428557,-0.09793103374792031,0.12997525795114265,-0.08744471464902127,0.098123723939115,-0.14041907721200125,0.09793103374792193,0.2841619247462192,0.4355446779298788,0.3777971851584077,0.315488016232101,0.12169957662750987,0.2841619247462191,-0.16614347760271872,-0.0392738687267554,-0.12192334114718256,-0.3391410355507794,-0.13046470593359505,-0.35999806518394717,-0.28541129149852035,-0.013078145582438954,-0.22467733229471687,0.30498173113973276,-0.4049728637529895,0.29918040325037104,-0.5143386580669334,0.08923797672971094,-0.32995095648451606,-0.5247439979894963,-0.5515682093190349,-0.5494262708425516,-0.39161728567997106,0.2870607301772019,-0.07432606279493992,-0.30523220906787457,-0.6792566945232453,-0.36959510565430803,0.3859576339698782,-0.10963865621184984,0.36834539755738843,-0.3459870107010282,0.3103205529135106,-0.3644029654908854,-0.5297586035787214,0.03184447076230937,-0.382069669673616,-0.4835479584683135,-0.6083952551588836,-0.5064025012457954
acc_y_max,-0.4930031369076107,0.5163319733423899,0.1301792976216881,0.45067597250924174,-0.7795688676833983,0.41785895904816595,0.2151712464433252,0.879990806804002,1.0,0.7243005903951563,-0.72736398867505,0.5009911723955588,0.24320692256296741,0.40367485022084104,0.5291525832132733,0.2632570149949448,0.07314220821688064,0.1263265588527079,-0.3132830890968455,0.5234982368364088,0.13848666960646472,0.459150674405824,-0.6129440297050621,0.46345070999836874,0.35430815645946373,0.43231984868530277,0.5478117905773957,0.42152114980628136,-0.0312241775303651,0.39324670693636016,0.2364426076042554,0.24252633281368455,0.3083119799771262,0.05856581591412883,0.0857571988997737,0.015064496073494273,0.23607867408819913,0.049325261941807155,0.24330711960337237,0.23672970017231146,0.1756468479581822,0.23607867408819821,0.2413017435878394,0.029358452084408362,0.26247485197049586,0.24150620605442968,0.2280059233818588,0.2413017435878406,-0.3670507767131266,0.05838720121526183,-0.3680463020737687,-0.36682312127861066,-0.37467238367066297,-0.36705077671312675,0.13230419387180503,0.09096832386655454,0.16444449479431192,-0.13177935057568366,0.06730820524226173,-0.1323041938718037,0.17158680680792948,0.20974211599531062,0.20094323632152608,0.184989587294029,0.10020584161905471,0.17158680680792923,-0.0712244218473311,0.07943466552645884,0.004991279964151069,-0.19026409012850248,-0.06503879835965513,-0.2124004506118692,-0.21939651659660264,0.053254930738898094,-0.16042722198965179,0.24019783266844325,-0.3507328713756122,0.22949046260904463,-0.33816661754693617,0.19630011219599408,-0.157141930220137,-0.36025866146539925,-0.4185981842304647,-0.39128877149284613,-0.2177693388428335,0.3538619563591856,0.0728105978566285,-0.13676846968510403,-0.5485532801080579,-0.1972268948774196,0.2624010297256843,-0.044531934042443044,0.2835627297367499,-0.2358508365233299,0.211817566859161,-0.250064500687043,-0.40177478242755754,0.13218899824274444,-0.25672752998401127,-0.34037198834107063,-0.5459329160396015,-0.3682651980947045
acc_y_rms,-0.2504315335900547,0.7534253961550385,0.4504847740347229,0.7499295834190668,-0.7162917414057097,0.7078485647047126,-0.15577305802294622,0.8787741374212483,0.7243005903951563,1.0,-0.8107948619664351,0.9434351910655363,-0.045382098128253744,0.6965882836664864,0.5062545923592098,0.6318589182646018,-0.43264374971497843,0.5356399295458318,-0.10827864451614838,0.6764122068806988,0.39187261275514174,0.7317818924621927,-0.5439115519033497,0.7418308279595898,0.22391388307617588,0.647194519648648,0.5643590884033608,0.6326362934364808,-0.2727803834763327,0.5988236363503484,0.33650300493768215,0.5390730307498547,0.5195740445315901,0.3348137348082672,-0.019222567099714538,0.27374274448498626,-0.251238921293626,0.326963675755732,-0.20468712073556466,-0.25024092364192396,-0.3199035089416811,-0.25123892129362757,-0.099718916298757,0.18735146172120995,-0.05374914069538092,-0.09928101140024047,-0.1341555589543844,-0.09971891629875661,-0.2262212823675492,0.15419538117519707,-0.19746125605783205,-0.22552579439114515,-0.2650870393067935,-0.22622128236754918,-0.3778928373894777,0.3817993923842046,-0.32282039412365415,0.37856199356652187,-0.4415095200291123,0.3778928373894804,0.4884412059432679,0.6542455439005056,0.6201747946295507,0.5307226846841786,0.2868797355456152,0.48844120594326756,-0.30332691204881546,-0.2663718229827806,-0.3172822276774986,-0.5693875158874967,-0.18641236480128234,-0.5790284593060095,-0.34682332879667516,-0.13210562893200478,-0.3221183316970088,0.3626479968729829,-0.40779757783411147,0.3614436976086046,-0.7360790060165472,-0.07924717624884732,-0.5973833061002424,-0.7255479368996592,-0.7295830351113651,-0.7410165902490516,-0.5900692050541461,0.14717818220092624,-0.3233814397975721,-0.5183979273940694,-0.7853553519883553,-0.5725516061640941,0.5136181388069568,-0.23358526432539456,0.47321575639002017,-0.47279048846137584,0.4709652478026302,-0.48399450609081673,-0.7119550019959849,-0.18150836297222644,-0.6245729861288916,-0.6883051148448256,-0.6757343099262204,-0.7000547322268431
acc_y_min,0.31512728770214243,-0.4622025678108873,-0.2463837196753794,-0.5150446674985913,0.6365631303370716,-0.48160048030627606,0.31856664125201745,-0.9108210521370975,-0.72736398867505,-0.8107948619664351,1.0,-0.6215825849708042,-0.08335736870858826,-0.5553149546684012,-0.5651268092944333,-0.3688754526342785,0.13444106136130826,-0.2425625649599697,0.1509972385627332,-0.4979750790970143,-0.25962913054717546,-0.51522823188669,0.453180811782361,-0.5401541111779482,-0.23538487523546356,-0.3482466635087838,-0.41865279637966724,-0.3328445505694426,0.08017851505931863,-0.3004274824135289,-0.03269245273192929,-0.3404742038445722,-0.23758903414453297,0.08633306081411753,0.20132685902069716,0.15474222591619347,-0.05709086819815305,0.08788611890065737,-0.00379226740537171,-0.05656712628358282,-0.05445266241409051,-0.057090868198151595,-0.138105531131505,0.19205958615921892,-0.07696962752809423,-0.13757978469898174,-0.18790598029673633,-0.13810553113150545,0.2446766159204405,0.04877716202727956,0.2879054236029564,0.244975963517512,0.23395351286888375,0.2446766159204407,-0.008610049277380198,0.03499714417948053,0.030821578843067854,0.008845099202163016,0.01403417769701934,0.008610049277378478,-0.1446505504146284,-0.43659461448559606,-0.30248494973647205,-0.18821605811696096,0.039025459098511794,-0.14465055041462832,0.06481437145988124,-0.01387216614057309,0.012618486556080694,0.2101452923049357,0.03983307024649233,0.2301413183250594,0.2844233761121778,0.02179569752347533,0.23754378476647778,-0.3057186746020032,0.42507643048647864,-0.3038389375024581,0.4119923322599928,-0.0751922626258785,0.256395993396888,0.4361287265964103,0.4397798000843636,0.45643029214253283,0.34291800220836377,-0.2006489696240182,0.0880775341894786,0.2796149826803485,0.6097619476339372,0.32497935126976646,-0.36731512901301056,0.17329293254585906,-0.3247828271529127,0.3417315751533363,-0.3303112276033247,0.3482891788433177,0.42428926270026945,-0.07752670821660143,0.27650248973183483,0.37887311455558087,0.5145222585882823,0.40026347343090946
acc_y_abs_sum,-0.08877042832770177,0.7505870663521115,0.5207351025476491,0.7569545152818132,-0.5624376858157863,0.7201917024868391,-0.19314651641293692,0.7085231376027217,0.5009911723955588,0.9434351910655363,-0.6215825849708042,1.0,-0.12841060318599407,0.7126858439906469,0.4043952263558499,0.7372801449801518,-0.5852657844736571,0.6848235439728665,0.03459987065931997,0.658087109782374,0.47423820543008083,0.7547114069329808,-0.4110626208465317,0.7544980874613659,0.10947818227604332,0.7021601439236238,0.4931126259218453,0.6601472950424228,-0.38406990631696913,0.6290840283905169,0.3749260124729818,0.6023925041883947,0.5589325431077484,0.48032348359637034,-0.030501842228200765,0.4253862273621306,-0.4684873326955861,0.4782167471767227,-0.3894035794774972,-0.46716819180842245,-0.5454295242653511,-0.46848733269558723,-0.287692144333928,0.2903751187854937,-0.21588453962533596,-0.2870483138774519,-0.3358865450644413,-0.2876921443339283,-0.10409160281794115,0.2108943869362116,-0.053032145039918356,-0.10307941536800243,-0.16126738131782054,-0.1040916028179411,-0.6003154363500457,0.5183686262628731,-0.5240369935653925,0.6010949618023271,-0.6588418789972109,0.6003154363500455,0.5889304841792593,0.7100607001126488,0.7117497056465242,0.6294274243089258,0.3872482160437973,0.5889304841792586,-0.4017933986080735,-0.415055295240804,-0.4659358665197314,-0.6884984307470436,-0.247203778615411,-0.689084430988238,-0.3278073603073755,-0.17660596929678354,-0.3164356733800451,0.33995199145264116,-0.33430753122744744,0.3412016714205579,-0.8197715882398663,-0.1809468934954364,-0.7171402284890064,-0.7871289710606169,-0.7784601093471026,-0.7947235767588515,-0.669902852472872,0.05977483250766316,-0.44338239119874173,-0.6069010063177912,-0.7666645456828193,-0.6567448779115054,0.5302665729205296,-0.22824090580216302,0.49055910162429467,-0.4834457216075984,0.47993948923549257,-0.4981519936392304,-0.7613791366065292,-0.31770601622245387,-0.7202758838377679,-0.7595038611546295,-0.6379487843046284,-0.7620638797248428
acc_z_mean,-0.3848245945112837,-0.2899174168639146,-0.38838488620624406,-0.4502180532055163,-0.12767944146713922,-0.45735513360713514,0.11516203082258226,0.14133634940129103,0.24320692256296741,-0.045382098128253744,-0.08335736870858826,-0.12841060318599407,1.0,0.3084167365434236,0.739714776009571,0.06365156460946246,0.7457691050024955,-0.03454883761512065,0.21835401108940505,0.2917524942922806,0.3878305815348407,0.24280645746549043,0.07460803288355913,0.1646282684609343,-0.06886947876342281,0.044539192276239085,-0.10884620445624442,-0.06875273239137132,-0.12887032781448213,-0.10570930405295391,-0.44806345999432406,-0.46353344074979086,-0.5431519062157921,-0.4484055323544651,-0.24741573028954722,-0.44935426026376635,0.2510512270809511,-0.2562227832266463,0.1443068125977577,0.2500876652438296,0.25924395574021336,0.25105122708095057,0.14183104936984622,-0.45778662196229686,-0.004701167965583704,0.1407332243795821,0.24025172314533436,0.14183104936984633,0.13521667312973057,-0.5150001639090916,-0.0038578722517149154,0.13332469175317535,0.2725433584878084,0.13521667312973068,0.3282809178561319,-0.13112753177468162,0.2990374735033105,-0.3284577068322132,0.2858177233696086,-0.3282809178561313,-0.6111298857931335,-0.5490680079771918,-0.6314629043585069,-0.6243114686220536,-0.46761620857797354,-0.6111298857931322,-0.023730819171003448,0.40088174937534105,0.1007905364240344,0.19631830128548505,-0.20114060838913062,0.16431459972917675,0.26229829932016374,0.5576491847929295,0.43788890398798136,-0.250929597774976,0.08148690924789598,-0.2844572194464935,0.2517230719069262,0.5912658895770257,0.47781150643243725,0.26033320537990395,0.052710600173467015,0.21059480499039385,0.3850538046264364,0.6866219381279179,0.6547629556187408,0.4725922191832335,0.025497018116302745,0.3825119590596047,-0.3104282604840814,0.6720365692146587,-0.06563043997348475,0.36492577148586514,-0.5308772142114289,0.2949621127824419,0.15925107842562086,0.4923691182679252,0.3545906875649768,0.2130778138713165,-0.09454750025199775,0.17303092432162814
acc_z_std,-0.11600328309389123,0.4430622462287314,0.3142781993303878,0.35233640988008025,-0.382271426407218,0.3065362087705766,-0.3525620615860241,0.5725527223150796,0.40367485022084104,0.6965882836664864,-0.5553149546684012,0.7126858439906469,0.3084167365434236,1.0,0.8095659679204359,0.8077252896680457,-0.3332269960704206,0.7008378606023539,0.2808194841473178,0.5931376736125051,0.6551880191950201,0.6496939103062535,-0.10926022852128127,0.6118578886775539,-0.1516880080241617,0.5383744299042305,0.17517090934565696,0.3890062050170918,-0.4959388309856256,0.3433502042487629,-0.0634153433128308,0.2510646435027472,0.08565328090378237,0.06611079477952266,-0.29900036881603864,0.017173559177855013,-0.3964579719952934,0.1290712110781511,-0.42006350495046646,-0.39671219120614376,-0.4050456076002647,-0.39645797199529476,-0.19699985879967563,-0.04467995554257893,-0.23197254691718674,-0.19728081938554687,-0.1713499114871611,-0.1969998587996757,0.014884186166567117,-0.18847575933636546,-0.041894565455103366,0.014453498659215837,0.06323211166102785,0.014884186166567266,-0.4385720704891435,0.213555166593758,-0.4469543871727702,0.4383942523068757,-0.46377547996291224,0.4385720704891467,0.08368516045547682,0.29729389998793654,0.21918500847088038,0.11687070967095943,-0.028263083992685623,0.08368516045547685,-0.3576677264906428,-0.21400629543168906,-0.36409550967164284,-0.5185847198808062,-0.28298554908470386,-0.5281185774222159,-0.19967305675642374,0.06674757827333451,-0.1360512885970795,0.22159430302311786,-0.2777117624059944,0.20291957466875887,-0.5819434626535537,0.13360947256419736,-0.4108922115540687,-0.5408381029527536,-0.6712023680263377,-0.571994552808516,-0.3833227483464328,0.3263837599596384,-0.1295418285027141,-0.3038945427566243,-0.6226527562562492,-0.3761851983288659,0.32069903315904197,0.06006574979048623,0.4136059855834883,-0.26231652365659863,0.2228236316026936,-0.2968015637509573,-0.5888301006766162,-0.09243740133885277,-0.49053274819835896,-0.5662492323044925,-0.5754475395319028,-0.5847395430533479
acc_z_max,-0.3996098287411096,0.16557659385590429,-0.04354693453730535,0.04116101906641312,-0.43480865496459986,0.006951830249409668,-0.1635480427605778,0.5742105287608772,0.5291525832132733,0.5062545923592098,-0.5651268092944333,0.4043952263558499,0.739714776009571,0.8095659679204359,1.0,0.5070840845724265,0.25534045160002367,0.3532144166677106,0.17374938420328212,0.5487215926997931,0.5503136291317386,0.5519158814581643,-0.14276553868297268,0.4986708714280583,-0.05153010332158896,0.36761065338710536,0.12286958694524285,0.25230773247776805,-0.3377084469297107,0.19912690892634538,-0.28020299803677917,-0.0771543581192252,-0.21154214878625532,-0.2613330968731217,-0.31358162248178917,-0.30253349172924665,-0.0014742908814788106,-0.1457102133467361,-0.09753770642184985,-0.0023964480066100725,0.0019693562135754327,-0.0014742908814804362,0.0697077927632864,-0.3057917084561681,-0.04036935777932997,0.06886360849921452,0.13718489956248212,0.0697077927632864,-0.01446536784095814,-0.4129116471161277,-0.13371128195561807,-0.015914946169807858,0.09950020715635272,-0.014465367840958063,0.01196615579032422,0.012932878990659289,-0.01603452142449812,-0.012184022447910062,-0.036809599116323304,-0.01196615579032169,-0.28792778802691216,-0.05653306843459767,-0.18511173160448852,-0.26694651875362113,-0.30785966359283484,-0.2879277880269118,-0.21166418149068653,0.1489459843916682,-0.11805375599638478,-0.1939368246633368,-0.27263997240837934,-0.2234514384024574,-0.0029538180214307894,0.3611181819918364,0.13663542177856391,0.025337880663610982,-0.18928141278932836,-0.0058519693700837625,-0.21908158812158954,0.4315937161664069,0.02839816267796698,-0.20283717304337645,-0.392222232621862,-0.25173622098558984,-0.015205043818210442,0.6180385310768403,0.3181737999297638,0.08799827086782373,-0.4204560172883476,-0.008635041829952656,0.042198654096914735,0.3630414947339881,0.219252821585611,0.02081228948945394,-0.1223119674882666,-0.03349274632233447,-0.27962768177609537,0.26364709455608737,-0.0851768234910428,-0.2333756726847608,-0.44419249250808396,-0.2703947252614691
acc_z_rms,0.25120716023536366,0.4955199308328626,0.5360176144885527,0.4898105875806791,-0.16023083932657284,0.4572576851541712,-0.3106775588797474,0.4839409494239577,0.2632570149949448,0.6318589182646018,-0.3688754526342785,0.7372801449801518,0.06365156460946246,0.8077252896680457,0.5070840845724265,1.0,-0.5029187866344266,0.9794213773744884,0.4339201311711306,0.5697870321359814,0.6992545388666457,0.6100454576570075,0.012093967624543964,0.5608565427693888,-0.3956114248118448,0.676750128634667,0.06862839043028116,0.4585516207968145,-0.7176037831614842,0.4135345291412374,0.05838011334082907,0.5138803891504705,0.290192499153808,0.284999639626287,-0.31342736243642266,0.23906053711133002,-0.6672465770489092,0.3143814479106956,-0.6478852015483811,-0.667104418250264,-0.6750751889645518,-0.6672465770489104,-0.48471094762002415,0.1293474190923326,-0.43761372032811646,-0.4846823351944526,-0.447634830104791,-0.4847109476200249,0.17397260517273186,0.033318322730596255,0.1605782169503662,0.17452884842243827,0.1369389923119082,0.17397260517273247,-0.7385187049852663,0.30838420893595786,-0.7320194778382263,0.7382001688279103,-0.7195648137203974,0.7385187049852681,0.32893716273436274,0.48095032352255723,0.4304437628927268,0.3620428558257052,0.16153180665006056,0.3289371627343624,-0.4878080997799323,-0.33821196962472133,-0.5378925423952825,-0.6662064512856175,-0.3892498808275576,-0.6727094734728922,-0.2149020636572524,0.042299217058448774,-0.1374012587168064,0.23507709217941405,-0.23321359040716572,0.21688782843025897,-0.7077602144847919,0.06222981240803203,-0.5363331232411658,-0.6448192286082423,-0.7565478014245886,-0.6737948960239284,-0.505071040252146,0.31606709737404387,-0.2270623213770033,-0.40943413938721024,-0.6513519775014016,-0.49525780908018874,0.3595497277267726,0.13936332323786194,0.46664644062706456,-0.27683793734115786,0.20805562269889408,-0.32892528988242653,-0.6808819908615049,-0.22606202696461902,-0.6182893501240656,-0.6670143533148414,-0.5782450585271012,-0.6774038860977616
acc_z_min,-0.37533313081388536,-0.5410216194901374,-0.5977780162703062,-0.6221116660433458,0.04156421686977926,-0.6046051480334111,0.3231164707067468,-0.14191203835465468,0.07314220821688064,-0.43264374971497843,0.13444106136130826,-0.5852657844736571,0.7457691050024955,-0.3332269960704206,0.25534045160002367,-0.5029187866344266,1.0,-0.5619110388501027,-0.08902954070863307,-0.11925314934019116,-0.13429409728970831,-0.22783042296071454,0.06002447440835834,-0.2673732927345174,0.06310130509469859,-0.31829271823400807,-0.19677862257636347,-0.2877889210892232,0.2199138046081251,-0.2984813008113633,-0.4287164758000569,-0.6267731087433559,-0.5931227118488135,-0.560664340799612,-0.05799125057349881,-0.5346845963327829,0.6033625422933235,-0.4594478999182837,0.479317021443378,0.6021807284616204,0.6312276230483992,0.6033625422933236,0.3687772857667474,-0.43052248662757214,0.24346489669156718,0.3678089274327028,0.4438506129821607,0.3687772857667474,0.05126438260234807,-0.4174811767166795,-0.06101699565116358,0.049460168846631694,0.1677629866578839,0.051264382602347905,0.7105505237891375,-0.3394420026260819,0.6711037325335095,-0.7107017132256401,0.6804455574354284,-0.7105505237891377,-0.6767443199191542,-0.6694393645559806,-0.7471777833739979,-0.702336058500833,-0.5003579348111926,-0.6767443199191541,0.22696640833602047,0.6065133231845715,0.38901042404156366,0.56603781087168,-0.006464317945184022,0.5354155226912948,0.3975568992596584,0.547349681344784,0.527447586304171,-0.3951278291241763,0.2202167889594287,-0.4194295160283287,0.6673616320062651,0.5388656402917809,0.7857817924241713,0.6356324517601978,0.5061862559930537,0.6036053459578724,0.6778327466268544,0.5109197424821688,0.7827805458611145,0.7152552478432196,0.407565044385707,0.6740270103620754,-0.5414669131630439,0.5958074627682604,-0.3582459733137289,0.5520871453915973,-0.6602066848061211,0.5132726458043032,0.5699132311177485,0.613629576384174,0.7198510464577492,0.6130715299646425,0.27336225783630935,0.5814103098522236
acc_z_abs_sum,0.3767233806336608,0.45060084624506613,0.5711821356797908,0.46214759712874615,-0.030357157127618703,0.43557145757957766,-0.3342742987070222,0.3614140123843969,0.1263265588527079,0.5356399295458318,-0.2425625649599697,0.6848235439728665,-0.03454883761512065,0.7008378606023539,0.3532144166677106,0.9794213773744884,-0.5619110388501027,1.0,0.5011250302560539,0.49837129651632345,0.6858221395755698,0.5459078176472747,0.10609159588295428,0.4972180567078785,-0.4553543960174877,0.6283329577942879,-0.002663567038387283,0.40206013664336926,-0.7169142406842988,0.3652940988626473,0.06322877735555271,0.5309736495454623,0.29536913407681964,0.3243704285040564,-0.31452635166513543,0.2855752735215115,-0.735906241604245,0.3552927957907043,-0.703106284362038,-0.735702997892643,-0.7405579915575587,-0.7359062416042453,-0.5622645986791306,0.15394711624754334,-0.5051831417462114,-0.5621947677436072,-0.5222163237775451,-0.5622645986791323,0.23600899995800076,0.07554675956507755,0.23448924731363277,0.23675843047442496,0.18321856798022912,0.236008999958001,-0.8037516930354806,0.3087137100414956,-0.7996321899425405,0.8033573905169108,-0.7672619076956134,0.8037516930354814,0.3628113401954659,0.4876839980740847,0.45181143547429975,0.3934710742733541,0.19795507947849433,0.36281134019546574,-0.4780576522696338,-0.3796164533138323,-0.5528553383460368,-0.6589020020057647,-0.3716195452578611,-0.6607859616100329,-0.21304219129050178,-0.009158071016368901,-0.14646673006445488,0.22858497605260497,-0.1860462500981865,0.2153400367827137,-0.6988282819034037,-0.0031385958826530415,-0.5555683099272223,-0.6311759766055817,-0.7142624408638101,-0.6537583465260667,-0.5246647533443555,0.23204220238244866,-0.2843454314207679,-0.44063761002300617,-0.5873828582647119,-0.5176554433686198,0.36196999468837654,0.12303995773998416,0.44845001570055554,-0.2812724188092793,0.2099166722704494,-0.33255816463678867,-0.6568481315351443,-0.28931507468603096,-0.6273673115962916,-0.652890343488066,-0.5120399057989935,-0.6566398991505751
gyro_x_mean,0.5990210198153231,-0.1546689501043599,0.3061334665916384,-0.33954090601645615,0.5041582832473691,-0.3754763542286618,-0.5297278957137652,-0.15907235330585776,-0.3132830890968455,-0.10827864451614838,0.1509972385627332,0.03459987065931997,0.21835401108940505,0.2808194841473178,0.17374938420328212,0.4339201311711306,-0.08902954070863307,0.5011250302560539,1.0,0.06731074787594012,0.6903557407528975,0.022084905082977807,0.7396604188593657,-0.039326301028245164,-0.7095363723307567,-0.005153295303969473,-0.5883659925709172,-0.42104541235316006,-0.5241246581674494,-0.44991562586746,-0.5189737614589275,-0.17857482446666798,-0.45433642557403925,-0.26588263032286147,-0.4979640239293487,-0.24524731695656588,-0.4176495094531235,-0.09039188146201896,-0.46197395189668816,-0.41897759980311094,-0.3265693733826397,-0.4176495094531235,-0.44292361991411333,-0.3229592701589024,-0.5321359397218265,-0.4439671181383305,-0.28574086454210423,-0.44292361991411366,0.5094419419136544,-0.26948475364263574,0.4132880885148518,0.5089868348632824,0.534554753564465,0.5094419419136542,-0.3342083809533148,-0.29855221443642094,-0.4468977280741116,0.3324467342780652,-0.19426571142302665,0.3342083809533142,-0.34208655993193515,-0.15632271583344837,-0.2888207635742011,-0.32378769304476324,-0.3383037054721773,-0.34208655993193515,-0.08513602634005127,0.0894087272688084,-0.08374199105640337,-0.011783025416342258,-0.16192755675883216,-0.022978841002910935,0.08572255399605742,0.1259077532139487,0.1560298970986479,-0.09384518424206947,0.13870940469278287,-0.10128236618404574,-0.015275737251458726,0.17225360130930836,0.0754972571412378,0.017913152968592194,-0.06418003654530804,-0.00367931857018427,0.03969750634131852,0.17156084818393952,0.09617366181919462,0.059432126427348464,0.06112346326948632,0.02686576324237677,-0.042662164623922805,0.3282393713161933,0.05543780053972558,0.08965709806105127,-0.20471659795895095,0.044011589759020336,-0.0013675008860450691,0.033056386245896775,-0.004516467201379114,-0.03989108013698814,0.006540099498635731,-0.043886905940147505
