,acc_x_mean,acc_x_std,acc_x_max,acc_x_rms,acc_x_min,acc_x_abs_sum,acc_y_mean,acc_y_std,acc_y_max,acc_y_rms,acc_y_min,acc_y_abs_sum,acc_z_mean,acc_z_std,acc_z_max,acc_z_rms,acc_z_min,acc_z_abs_sum,gyro_x_mean,gyro_x_std,gyro_x_max,gyro_x_rms,gyro_x_min,gyro_x_abs_sum,gyro_y_mean,gyro_y_std,gyro_y_max,gyro_y_rms,gyro_y_min,gyro_y_abs_sum,gyro_z_mean,gyro_z_std,gyro_z_max,gyro_z_rms,gyro_z_min,gyro_z_abs_sum,quat_w_mean,quat_w_std,quat_w_max,quat_w_rms,quat_w_min,quat_w_abs_sum,quat_x_mean,quat_x_std,quat_x_max,quat_x_rms,quat_x_min,quat_x_abs_sum,quat_y_mean,quat_y_std,quat_y_max,quat_y_rms,quat_y_min,quat_y_abs_sum,quat_z_mean,quat_z_std,quat_z_max,quat_z_rms,quat_z_min,quat_z_abs_sum,encoder_angle_mean,encoder_angle_std,encoder_angle_max,encoder_angle_rms,encoder_angle_min,encoder_angle_abs_sum,grf_x_mean,grf_x_std,grf_x_max,grf_x_rms,grf_x_min,grf_x_abs_sum,grf_y_mean,grf_y_std,grf_y_max,grf_y_rms,grf_y_min,grf_y_abs_sum,grf_z_mean,grf_z_std,grf_z_max,grf_z_rms,grf_z_min,grf_z_abs_sum,grt_x_mean,grt_x_std,grt_x_max,grt_x_rms,grt_x_min,grt_x_abs_sum,grt_y_mean,grt_y_std,grt_y_max,grt_y_rms,grt_y_min,grt_y_abs_sum,grt_z_mean,grt_z_std,grt_z_max,grt_z_rms,grt_z_min,grt_z_abs_sum
acc_x_mean,1.0,-0.6118231619804765,-0.30827672835459236,-0.841257092249585,0.8453503840767825,-0.9060982393476291,0.6346411507730346,-0.5416111855980212,-0.4753046932904305,-0.5961147246123335,0.45553654615264566,-0.6865175136873474,-0.047210873085443535,-0.530002836804658,-0.39426665350526985,-0.5387498614771108,0.6748758847362941,-0.6118191681472301,-0.14275896153840256,-0.5003148787184055,-0.5724096865811596,-0.3993391310223056,0.30249260083261753,-0.41577059728982785,-0.8841297348376916,-0.8248831757158411,-0.9506823098468166,-0.9266849334995457,-0.17750443414955683,-0.9189594320507726,-0.7413962508795532,-0.9009702567703428,-0.8830267756170521,-0.8338601644113733,0.43422780806708994,-0.8026495140491935,-0.5355646487199324,-0.4519335274087105,-0.5380899468973456,-0.53574602187833,-0.47976685842433264,-0.5355646487199324,0.5067434500089406,-0.6091521832063327,0.3955618581149183,0.5051292364143355,0.7179526285450915,0.5067434500089405,-0.4725898105119521,-0.49545378753940567,-0.5773525976659666,-0.4733321982587959,-0.38232296173995495,-0.4725898105119576,-0.4312689182729753,-0.6455894411375375,-0.46911247516776583,0.4295601722866558,-0.1410307779307175,0.4312689182729762,-0.9604946205522827,-0.8865676845844684,-0.9401593836019495,-0.9530796415797373,-0.8086605735725807,-0.9604946205522827,0.3069812754995284,-0.0018492032393717349,0.22911165388117066,0.29398175438802104,0.34765166315199314,0.306406445756722,-0.30470027457733967,0.008766863209843415,-0.4235269029653079,0.2995310224675963,-0.24445829953735085,0.30470027457734,0.5037847595342057,0.04163560161073731,0.45975682812231194,0.32220523503490095,0.4835935528117208,0.3218750650222805,0.3924456693855543,0.09179423178465373,0.44148783120224633,0.40530768395288647,0.337067757562196,0.3924723923566475,-0.0018905456467675503,0.06970168743168113,-0.0067317599750553745,0.0673290753829098,0.00997209670258665,0.06567865011314335,0.1469309756804792,0.1500228327477039,0.1603248798469239,0.1690574340311498,-0.041120619277784674,0.16365600905700523
acc_x_std,-0.6118231619804765,1.0,0.9196439159785207,0.9327597607610485,-0.9249737109136567,0.8845647388655776,-0.9267019155133784,0.9669000826599496,0.8977955887799761,0.9851270278234612,-0.965785249251532,0.9845856823992236,0.7055438192530917,0.9818748685875403,0.9419976527458976,0.9832124468960852,-0.9061013558007014,0.978589170379268,0.28361940268114344,0.42025717889124553,0.5497559811115539,0.40549018482737453,-0.2612906977627787,0.425654778990541,0.4583049599175003,0.8549529189506648,0.7403543085818649,0.6645772545398418,-0.38269801918698987,0.6300160190790246,0.3653672521228489,0.8472858334725202,0.8056981676440472,0.6606544628325067,-0.7532594655340726,0.6057459046248479,0.7771437794483893,0.3454456355910686,0.7639599183224904,0.7770750028829532,0.7890395348227643,0.7771437794483889,-0.537996753945639,0.18470426306341667,-0.502432444200532,-0.5377267403095523,-0.5575119361112569,-0.5379967539456388,0.5876498896103084,0.5312684974117791,0.646370988031757,0.5882336623860089,0.48479036398478453,0.587649889610316,0.7312073009623256,0.46504349810717155,0.7157682024388647,-0.7309287053316711,0.6405615303653092,-0.731207300962326,0.6587135562468291,0.8770866299724634,0.8003278171194347,0.717142930461081,0.31972237774657325,0.6587135562468293,-0.19799039511845268,0.29335525553693165,-0.07398222320191145,-0.17208805918946218,-0.31814467977638894,-0.19778652022653065,0.2626592489525603,0.17941372837565303,0.3955567451003264,-0.25290299830063434,0.1574181675902016,-0.26265924895256076,-0.510937009848567,0.2304470807282767,-0.40445200649269475,-0.3791359474141482,-0.5939001200456255,-0.38632309891729655,-0.5003003045542592,0.332030758385466,-0.4509564450111803,-0.49591544148714195,-0.5414095200788756,-0.4983391502874517,0.14200493076429851,0.2635733592052228,0.20257728451083354,0.0648078338706169,-0.0335545936204326,0.05374386332241653,-0.03469765417037824,-0.04096548194575466,-0.021040497809366874,-0.0903703947168752,0.043595126816892364,-0.08967785024055613
acc_x_max,-0.30827672835459236,0.9196439159785207,1.0,0.7492610035866446,-0.7235702844590693,0.6708902147765943,-0.8742544183698227,0.9030274193064511,0.8352345577522647,0.9178326284102268,-0.9792751053635066,0.8707036008422713,0.8795372963828061,0.9468944916355814,0.983405735046863,0.9413645544490923,-0.7783962441421607,0.8781145436401001,0.214460963317292,0.19847401273416243,0.3179876196017811,0.21709641253480366,-0.13855119358456025,0.23295393667561953,0.16613273494229566,0.6567822425769754,0.46830090674880875,0.35941655644172216,-0.5620514469150104,0.31269420895885136,0.12780918554563006,0.642039092972104,0.6035521981903351,0.3808141727730697,-0.6978295148825747,0.31952971128640456,0.6688664967949125,0.13106297752082155,0.6385651197371506,0.6686277430942783,0.7221331436419164,0.6688664967949126,-0.45665456377280095,-0.1229528854486521,-0.48318184930212094,-0.45743094642252735,-0.35928143028560583,-0.4566545637728005,0.542686399995927,0.3617865824341547,0.5473904990231788,0.5429177532292435,0.4690783468446043,0.5426863999959325,0.6594535296972941,0.20060052357834102,0.6071399368726954,-0.6601160617258534,0.6958237892675677,-0.6594535296972955,0.3461194355826422,0.6489871368570402,0.5454533210815361,0.4194026429687277,-0.024797365107757013,0.3461194355826418,-0.17181203828033834,0.2712089161787452,-0.05942085229942347,-0.148302791621137,-0.2845978295254078,-0.17190863517445887,0.2457235064744587,0.154497997913539,0.3376876643713063,-0.23688964933062404,0.13938041076204766,-0.245723506474459,-0.44259674717282294,0.23915226409919454,-0.34055769370056277,-0.37303408824600015,-0.5334439425210277,-0.3806253657175216,-0.3689160276539886,0.40142412006149136,-0.29024420847832816,-0.3593221340381753,-0.4491180614506662,-0.3666054951135085,0.09296949968544188,0.27979232970878987,0.16249443373217676,0.027499851699358892,-0.11470032294481561,0.014338319803645567,-0.029760018782467253,-0.056166853139995664,-0.026280298985272413,-0.10808356937641742,0.05478173275400042,-0.10829575793906933
acc_x_rms,-0.841257092249585,0.9327597607610485,0.7492610035866446,1.0,-0.9959547991689718,0.9880499302961077,-0.8908627878105054,0.9045116826959767,0.8341624293461808,0.9313019833338254,-0.8529774599700428,0.9636363289079278,0.48351488968020184,0.898273219731068,0.804425037409105,0.9021341559560137,-0.9280465973825983,0.9345342329325559,0.2829783724422877,0.5019509622612464,0.6388259808740127,0.4558491217217132,-0.293346106826489,0.4768840141755289,0.6974814863074241,0.926575483199297,0.9062001649533774,0.8577205019975545,-0.17137429531286294,0.8300659825967661,0.5820516796788484,0.973521302273422,0.9398830411820137,0.8167285027056456,-0.706817360232108,0.7629145399278389,0.7733084370467969,0.4185756422156686,0.7624993774488903,0.7733303181159314,0.7565764498763748,0.7733084370467971,-0.5995603668946317,0.40283111621282447,-0.5255709320257071,-0.5986540257636528,-0.7083311185881177,-0.5995603668946308,0.6170945449091094,0.5810268428406112,0.7070553362690158,0.6178146733044804,0.5088676245099077,0.6170945449091172,0.6941231451453805,0.6113697437284901,0.7038049714904756,-0.6931508606687619,0.5013230841625871,-0.6941231451453818,0.8657056183996851,0.9799068154123334,0.9560114570914409,0.9029023970436101,0.5982915173013039,0.8657056183996842,-0.2670623493893031,0.18322889956787583,-0.157415896902165,-0.24517263494937597,-0.3689397354755784,-0.2666497480194827,0.3182472654219214,0.1134423526513964,0.4575626509107077,-0.30943366484198115,0.2247781433865759,-0.3182472654219217,-0.5698687097944002,0.1252797258236483,-0.485263859715506,-0.40349857057989896,-0.6195318111034935,-0.4080870155757192,-0.5096858880256189,0.21088768232869703,-0.49574677058215005,-0.5113664978510789,-0.5198196671744071,-0.5084713520890594,0.10002608063685728,0.14803950073311506,0.13953792526743244,0.017098660742427912,-0.027765243780943263,0.010513293974573523,-0.0851169749373059,-0.09552381109730076,-0.08570880434998028,-0.13708852683594058,0.04666696687066266,-0.13393932115931542
acc_x_min,0.8453503840767825,-0.9249737109136567,-0.7235702844590693,-0.9959547991689718,1.0,-0.9839902211791395,0.8690071043517155,-0.8999614375249358,-0.8377494080585152,-0.9214413376422103,0.8343016609430005,-0.9571476512450718,-0.44857002227462156,-0.883779439698041,-0.7791026860625391,-0.8882890434471482,0.9313197470533936,-0.9320911628701813,-0.3110649047115167,-0.5480341118139797,-0.6871272505632101,-0.5076037128673425,0.316408953157458,-0.5298176057074873,-0.7010930898451397,-0.9308415453244805,-0.9096035913258761,-0.8759552386854539,0.1646619042937632,-0.8513290056035311,-0.5754390795746813,-0.967332003239501,-0.9281160518253696,-0.8406233979320126,0.7079847073850123,-0.791531309222458,-0.7948930098655198,-0.45940668415719443,-0.7891103276486727,-0.7949470752225146,-0.7718559473762266,-0.7948930098655197,0.5845781502661335,-0.44248175641673315,0.5005222799396775,0.5835176744504532,0.7078621977142404,0.5845781502661329,-0.594642481042145,-0.6046000977937709,-0.6952850103296633,-0.595423259915645,-0.48354425687296565,-0.5946424810421532,-0.7148148971287666,-0.642532802480866,-0.7309653508639969,0.7137515222681062,-0.5136896740112407,0.7148148971287673,-0.8766114754485548,-0.9784387779075115,-0.9551187857425059,-0.9114661180530731,-0.6242626052766528,-0.8766114754485551,0.23259868549209844,-0.22155976153495116,0.12107601243367407,0.2101979460487634,0.341960079436125,0.23214961523649832,-0.27956097098567056,-0.1537272289357983,-0.429419623043207,0.2703744921061193,-0.18822375901174734,0.2795609709856711,0.5452741697275583,-0.15599101711025484,0.4555863676530732,0.37400133819090436,0.6049903155504737,0.3795372760275723,0.5453907614231298,-0.22594321043902493,0.5336130387641822,0.5470674938810706,0.5522759212672266,0.544213954181415,-0.14343577477762962,-0.18165645144388387,-0.1830891111710934,-0.06115251964683967,-0.017683975072473962,-0.05439447454046953,0.040391524102239514,0.05730262993718248,0.039768427523989056,0.08764674223379007,-0.05256911433016116,0.08525046890968642
acc_x_abs_sum,-0.9060982393476291,0.8845647388655776,0.6708902147765943,0.9880499302961077,-0.9839902211791395,1.0,-0.8699404913900993,0.8326555100506772,0.7586161491616027,0.8755642689147213,-0.7830920061528602,0.9259473029965062,0.41590909651572094,0.8338644224882552,0.7359089656330285,0.83850109155532,-0.875406563472703,0.8752459271400932,0.23553604941451992,0.5028658195975116,0.6156568183718817,0.43881590186155167,-0.3056499553424323,0.4586632544198197,0.7492583727750648,0.93464768824486,0.9417999428843389,0.8900895876698711,-0.11415709201900358,0.8656321968424024,0.615637658740804,0.9833003295516081,0.9427859728268421,0.8350286076030181,-0.6714438395168846,0.7857860892935763,0.7284467024767348,0.4423911389239086,0.7221753673683864,0.7285091689067081,0.7014416773767875,0.7284467024767349,-0.5751004057715736,0.4401137784861807,-0.4961040259928927,-0.5740938757930183,-0.7051860647889753,-0.5751004057715735,0.5863938304108482,0.5601575320307989,0.6753517522311271,0.5871042276428295,0.48039323975881704,0.5863938304108548,0.6468460915866133,0.6209591925025015,0.6582877194079766,-0.6457478194381981,0.4292518721173197,-0.6468460915866143,0.9018277998317477,0.9826821192905738,0.9728220537805977,0.9300725010368469,0.636097694794973,0.9018277998317467,-0.27760555120900443,0.15328245549456013,-0.16912019996584718,-0.25661343635152645,-0.3648620832520624,-0.277171636181074,0.318904052642927,0.08980268017639832,0.4581984240620514,-0.3107088715149853,0.22739291278000834,-0.31890405264292726,-0.5608463658430217,0.0884574688845921,-0.4817824990536802,-0.3856816988970932,-0.5907658151491842,-0.38893425925198477,-0.49238268724769113,0.13035715174943374,-0.49251099214426763,-0.49730296432453625,-0.4843423470248036,-0.4914027003156937,0.07859821050075311,0.09568580257702519,0.111878823304066,-0.0024040972575408806,-0.022417048282964803,-0.007022873191061389,-0.10917126738350529,-0.1063603968385681,-0.10655472588220169,-0.15038807505542293,0.03503636844865671,-0.14703198338514445
acc_y_mean,0.6346411507730346,-0.9267019155133784,-0.8742544183698227,-0.8908627878105054,0.8690071043517155,-0.8699404913900993,1.0,-0.8630695197352037,-0.7514858255104164,-0.9171168613222421,0.9231106485104075,-0.9237153763881164,-0.7429458733135353,-0.9172955406191581,-0.9098485553046067,-0.9155210819930909,0.8058493595137246,-0.8788587874997352,-0.08135118288653388,-0.2991556412415214,-0.3573773590246812,-0.247344131135079,0.2531806722074925,-0.2659237502659229,-0.4473195609246778,-0.8114046949184356,-0.7097514559342079,-0.5919812028131028,0.37721410675900474,-0.5519048439308837,-0.3473921585099925,-0.8415695301248345,-0.786024482207487,-0.5652713279828833,0.7154706161505658,-0.502685169924469,-0.6398961107790871,-0.24858121724811333,-0.6197412979371292,-0.6397584692572662,-0.6632756762522335,-0.6398961107790876,0.5491346478424458,-0.08709433952289981,0.5313230497827864,0.5494606003514901,0.5268167861305092,0.549134647842445,-0.5967545983451834,-0.4354680444427315,-0.6295212884364036,-0.5971429579018489,-0.5113923248891361,-0.5967545983451887,-0.5856222695998108,-0.32075299455188194,-0.5474345311944793,0.5856992506234542,-0.5266377137799495,0.5856222695998117,-0.6046054944198791,-0.8455445488115299,-0.7685140607344594,-0.6632310284021818,-0.2314756814196169,-0.6046054944198797,0.33943101937188247,-0.25601608346300186,0.19449898258354825,0.31277361341377335,0.46300716154645105,0.3393692824295449,-0.2785839976808688,-0.06476986946834375,-0.37624822022605564,0.2717835304199534,-0.18725875321817917,0.2785839976808689,0.5832997585355791,-0.24116283353362383,0.461449769662237,0.4636687710000489,0.6658258657220597,0.47204006965734674,0.4261230074637647,-0.16948824669444348,0.4041845440553536,0.42646954004774446,0.44339808499142735,0.42402501714068536,-0.019027934285981013,-0.16468701968186794,-0.07966294565145364,0.075188664191878,0.14175441161299868,0.08667119863396697,0.03538655509775724,0.1531256114946577,0.08982702068815833,0.15670972057493324,-0.1580901215884544,0.15819863859113437
acc_y_std,-0.5416111855980212,0.9669000826599496,0.9030274193064511,0.9045116826959767,-0.8999614375249358,0.8326555100506772,-0.8630695197352037,1.0,0.953286932044867,0.9889478101076169,-0.9616807772119365,0.9690689068075629,0.6669337799954169,0.9819172726547505,0.9266399806616088,0.9825741091401898,-0.9446625746055554,0.9887919796965166,0.35013062901150116,0.4652193844375862,0.6204186769083346,0.4731388300902185,-0.2716608344021395,0.4926416195891329,0.42964678598452516,0.816635610245212,0.6961942548515707,0.6388933045329269,-0.3802173366781278,0.6012839603211729,0.332048409452397,0.8216716884619408,0.7754043742507915,0.6661072375998471,-0.7768810233777893,0.6103170984347873,0.8291554471462881,0.3511978314070268,0.8140263284134427,0.8290787647967256,0.8376723194573243,0.829155447146288,-0.5334916000721848,0.21443121837273235,-0.48943438047313204,-0.533144806587481,-0.5611886926013514,-0.5334916000721835,0.5762773203198486,0.5933588509429286,0.6561354733191938,0.5769373916216745,0.4640421307104436,0.5762773203198571,0.7848588326525641,0.4926615553238762,0.776051010946623,-0.7845674820696408,0.6976142805289356,-0.7848588326525645,0.6208038876504804,0.8381724538192792,0.7672604901111442,0.681756055775862,0.34676037557202566,0.6208038876504802,-0.1498790097826945,0.30155458357469545,-0.04024658927728742,-0.12631759251268562,-0.2822194054385296,-0.14963281953271917,0.2303459136734309,0.23844608139595633,0.3686328278299499,-0.21964439496179658,0.12765048538505677,-0.2303459136734312,-0.49691085956094466,0.25535640327806264,-0.3909742559842985,-0.37581816373673926,-0.5996944868599647,-0.3848628759204972,-0.5513426783344679,0.4646533720261086,-0.48687441863236997,-0.5435668597521813,-0.6130958920474082,-0.5497758742772368,0.20636248934195756,0.3300780886323509,0.26685469130529826,0.12273376108530847,0.01649762929758401,0.11074389580700766,-0.011524920485737144,0.016846542668461303,0.025698701384848335,-0.04474329001882658,0.004190238888692384,-0.04765943455090842
acc_y_max,-0.4753046932904305,0.8977955887799761,0.8352345577522647,0.8341624293461808,-0.8377494080585152,0.7586161491616027,-0.7514858255104164,0.953286932044867,1.0,0.9310902546354237,-0.8883714140430328,0.9106509885851028,0.6031919454474823,0.9043476786670782,0.8379342709222064,0.9047002170768292,-0.9213508764132148,0.9244250834253546,0.4068993409110088,0.4701843929546889,0.6414772008382482,0.5041383404123344,-0.24977691288245493,0.5216214200144784,0.3679691385487865,0.767313321575251,0.6375035056857645,0.5894601851694344,-0.38308717194717407,0.5527074122546237,0.2601995164356695,0.7441059825183965,0.6944785946786439,0.6302077372345443,-0.7413902051848934,0.5840970187736032,0.8611141677218639,0.3715616770521713,0.8462568900271208,0.8610585489993151,0.86050152807165,0.8611141677218634,-0.460252029684749,0.19507015699498959,-0.42471323180101905,-0.45989647169102876,-0.4897258674541601,-0.4602520296847476,0.5142195854292603,0.5777120177740223,0.5966800238416848,0.5148433675449545,0.40117867153005016,0.5142195854292693,0.8388114431895796,0.4923922800189052,0.8278313920066201,-0.8386044764323943,0.7583053958259618,-0.8388114431895803,0.5539346210568493,0.7541124230215434,0.6841923704536564,0.6095824922797538,0.3092345486153584,0.5539346210568492,-0.039846606055930704,0.287807076783065,0.0480357016884232,-0.019086919520349604,-0.15073645705434505,-0.03958710299353919,0.1966450343354706,0.30407388269512253,0.3475510964110346,-0.18468715758917562,0.09139601020761086,-0.19664503433547115,-0.4146105746062854,0.21260280567765544,-0.32551296341919367,-0.3037601057153756,-0.49753826744254065,-0.31088667419426197,-0.5607663650019324,0.5493803135867966,-0.4771604781405557,-0.5516866994104747,-0.6371523244014521,-0.559997339566078,0.2756513257533247,0.35665161355817604,0.334693514124954,0.20107780241702491,0.09159765530349312,0.19101155111941157,-0.026039624235221,0.09433291030360469,0.06764477315047623,-0.004088760904091484,-0.08855340292151674,-0.006934022671798988
acc_y_rms,-0.5961147246123335,0.9851270278234612,0.9178326284102268,0.9313019833338254,-0.9214413376422103,0.8755642689147213,-0.9171168613222421,0.9889478101076169,0.9310902546354237,1.0,-0.9743293787570284,0.9902206255190141,0.7078525377413051,0.9895305961311529,0.9464566417790738,0.9891906499105433,-0.9285512674732546,0.9842362736033612,0.30187636512353533,0.44457841579572704,0.5789517291068718,0.4365190312660862,-0.2797431691123702,0.4557720591924375,0.44936464743115306,0.8600279632204075,0.7362485951856007,0.6591083995589623,-0.4066752649750137,0.6190365401305639,0.33638341791801707,0.8606256094799717,0.799571075742524,0.6755358835522345,-0.8001922464263456,0.6182645192965034,0.8166460915281978,0.3568822923172906,0.8024795608565942,0.8165679401874819,0.823918703369446,0.8166460915281984,-0.5280376864268853,0.1874757591448377,-0.49288028164246556,-0.527838421108486,-0.5504357469060609,-0.5280376864268844,0.5775138256179274,0.5689817375388857,0.6461711500204514,0.5781193753992196,0.4674396281005318,0.5775138256179354,0.7753062342342276,0.4772484218856777,0.7578798789913673,-0.7750974343056972,0.6844836959953687,-0.7753062342342283,0.6408066097643071,0.866037035821944,0.7945035748498396,0.7014560564238184,0.3265389834556521,0.6408066097643068,-0.1672909020754409,0.29744812406359605,-0.04938535849144737,-0.1426376330997597,-0.2926438243979589,-0.16708354375674186,0.2444355772767541,0.222059885787731,0.3835396830388876,-0.23383567158092902,0.13479063190185617,-0.24443557727675433,-0.507144371779614,0.24329117181363422,-0.39902776558166686,-0.37848033732265657,-0.5990150892278937,-0.38673462021846766,-0.5379090914419287,0.4118484007480897,-0.4787158307947199,-0.5319768680785444,-0.5913008578969063,-0.5362392859289222,0.18508460383868408,0.30187155805483623,0.24576150598860136,0.10032085358344885,0.0008645769031681229,0.0889114838239635,-0.03409931174394156,-0.0018735158825914243,0.0034311199124563976,-0.06695345767617243,0.005685675900384125,-0.06876627198596602
acc_y_min,0.45553654615264566,-0.965785249251532,-0.9792751053635066,-0.8529774599700428,0.8343016609430005,-0.7830920061528602,0.9231106485104075,-0.9616807772119365,-0.8883714140430328,-0.9743293787570284,1.0,-0.9419957611395544,-0.813015914374783,-0.9857560375900741,-0.9842568541670916,-0.9824525173227078,0.8698153166519879,-0.9453173088523018,-0.23982993741676276,-0.32342786523704625,-0.44449317090845236,-0.32628588461554986,0.2201143544772194,-0.3444006830783742,-0.31411829239597094,-0.763330629503672,-0.6055352123554126,-0.5076584321186061,0.4907122981556439,-0.46266755994233844,-0.2393784105648,-0.7638977752833949,-0.7162437323352937,-0.5257998588873085,0.7571783080275447,-0.46342521977217016,-0.7461675694270155,-0.23090664318330242,-0.7212506791948953,-0.7459894027605521,-0.7815676799904974,-0.7461675694270155,0.5170283395290565,-0.02490130165411281,0.5120788473570574,0.5173814370142765,0.47189477341875785,0.5170283395290556,-0.5824969757286588,-0.47497607557550386,-0.6206966574955275,-0.5829241949810466,-0.490096754539146,-0.5824969757286658,-0.7158598696995812,-0.32325378473039235,-0.6782391579280322,0.71613527756172,-0.6974711869756652,0.7158598696995817,-0.49558705292065586,-0.7671995057773249,-0.6787181846805165,-0.5643696066753416,-0.1486286566425047,-0.4955870529206555,0.19996612233400998,-0.2944821273555463,0.07744778496231043,0.17508986952909514,0.3286930441380679,0.19992304056383148,-0.2493593517158802,-0.1827772112885663,-0.36267808537410473,0.23976457709163043,-0.141713658555643,0.24935935171588025,0.5021194358562253,-0.26847879472193814,0.3874662439157657,0.40367341406311286,0.6050442365165138,0.4129904336183509,0.46134776768582186,-0.400799521453993,0.39720369906848246,0.4538074202523922,0.5281158141683097,0.45922841565964884,-0.12603005270796624,-0.3002941457696609,-0.1955608730139694,-0.048520995417735684,0.07845472095731636,-0.03513911943503057,0.012982887059490392,0.04445566565397386,0.00944410365633421,0.08748206979735937,-0.06733952667747126,0.0897632432045835
acc_y_abs_sum,-0.6865175136873474,0.9845856823992236,0.8707036008422713,0.9636363289079278,-0.9571476512450718,0.9259473029965062,-0.9237153763881164,0.9690689068075629,0.9106509885851028,0.9902206255190141,-0.9419957611395544,1.0,0.6504949885956953,0.9701841302404864,0.9115564448376777,0.9718988013656958,-0.9269216335991407,0.9794008722737548,0.2915498831086714,0.4815253653295059,0.6070797176067522,0.45770158124719257,-0.3052790914637419,0.47734481725766015,0.5278298705369909,0.9046336944473208,0.8080016718364186,0.731991280064307,-0.34652092049438327,0.696106418619487,0.3956230307936527,0.9045231591363605,0.8401093594368709,0.7365313934357214,-0.7951944274710184,0.6829577319746206,0.8138859415191114,0.4101450412984572,0.8060295725716499,0.8138605993835817,0.808412583845345,0.8138859415191112,-0.5305211668553392,0.25928081902921507,-0.4819671442509218,-0.5300813190712187,-0.5834620698994393,-0.5305211668553389,0.5719839129510911,0.5871393117963681,0.648384611444787,0.5726436847378277,0.45785355058779426,0.5719839129510993,0.765769526908872,0.5317830274528754,0.7551325197631519,-0.7653270955596588,0.6390069243845554,-0.7657695269088727,0.7185328576135983,0.9158741955039476,0.8525547098215916,0.772808854416094,0.40298669611586113,0.7185328576135975,-0.17866124977380787,0.28801337751242856,-0.058121354823287376,-0.1536568955379577,-0.29691198766184657,-0.17839027315276584,0.25182002759542765,0.2099132057932155,0.39853741356996286,-0.2414136519323142,0.14288387264480468,-0.25182002759542815,-0.5169610046607895,0.21865424332421293,-0.41175018545235914,-0.3719786132633108,-0.5947063735098403,-0.3790993809265572,-0.5527921404406861,0.35693762048664995,-0.5042850375810141,-0.5494294076648707,-0.589134092534192,-0.5512827833083489,0.18074125085842793,0.26799710468229754,0.2366080721415453,0.095063979930936,0.016640514639489005,0.08513031127750348,-0.055642277354251,-0.008834138086163316,-0.013003527242531654,-0.07703534448729686,-0.0074655335683074175,-0.07807225900925208
acc_z_mean,-0.047210873085443535,0.7055438192530917,0.8795372963828061,0.48351488968020184,-0.44857002227462156,0.41590909651572094,-0.7429458733135353,0.6669337799954169,0.6031919454474823,0.7078525377413051,-0.813015914374783,0.6504949885956953,1.0,0.7531686378006865,0.8670229053757571,0.7381959863717912,-0.450886268617114,0.6222860372877153,0.1396868171103775,-0.03826515784779271,0.04714157448969683,-0.007889077468796968,-0.008902496798121407,0.00477126483719353,-0.18170743563489614,0.45305526584309974,0.17574361672099606,0.07134842347617405,-0.7464193625045972,0.025297734277549923,-0.19269543902748817,0.40077646712374765,0.30296947058752627,0.10942778320684557,-0.651413850488299,0.05648749135032658,0.45946461717763293,0.0065671792623978285,0.4319117410789675,0.45918934946819195,0.5144822755618711,0.45946461717763293,-0.1950843387505698,-0.42353301581422637,-0.29205080248954884,-0.19683554064914016,-0.013594540727589385,-0.19508433875057057,0.3132503802012943,0.05850796195936208,0.2491745771916803,0.31298956179325593,0.2968951919276275,0.313250380201298,0.5122468862483969,-0.037827074790622646,0.4348266143434558,-0.5137398022588066,0.6429825850472687,-0.5122468862483982,0.007928058055210912,0.36652676651485416,0.24053454643191477,0.08524825303165552,-0.3811208582759875,0.007928058055210832,0.013473532457291389,0.33176215266125014,0.10984856386132337,0.03414596147529776,-0.0808406965999727,0.013103613198217647,0.09548393677724958,0.16431025425920828,0.16394403425598084,-0.08893663308148196,0.01555812974631597,-0.09548393677724966,-0.1583624566985639,0.26832895385077327,-0.08140724789561693,-0.13087443897831175,-0.2574364685072297,-0.13646394553333205,-0.19676058043093186,0.328536662413015,-0.11336594719254929,-0.1847143802411863,-0.27758616364217775,-0.19371534925389722,0.11408611266096232,0.3048666617060583,0.17587265449847517,0.1041467855574547,-0.08609279447861841,0.09190260607724417,0.1012796523220174,0.0026393499528620853,0.061148158750558325,0.01586409048408813,0.09723152800013282,0.029228359543087987
acc_z_std,-0.530002836804658,0.9818748685875403,0.9468944916355814,0.898273219731068,-0.883779439698041,0.8338644224882552,-0.9172955406191581,0.9819172726547505,0.9043476786670782,0.9895305961311529,-0.9857560375900741,0.9701841302404864,0.7531686378006865,1.0,0.9746157227515866,0.9992933204874447,-0.9024740892505867,0.9796251182638034,0.2847906869474935,0.3677944626066101,0.5114931688016551,0.36406542151966576,-0.22635178039504464,0.38265345472652157,0.3987670695553209,0.8002397765959499,0.6741597894688195,0.5906750606508144,-0.4098807220358618,0.5507229472145194,0.32158954306942034,0.8138638345062649,0.7731703201996674,0.6012131384575745,-0.7619895490698884,0.5395896413108309,0.7744559039639498,0.2754053385290251,0.7527630816921556,0.7743206958223073,0.7993586087156408,0.7744559039639503,-0.5506356750933367,0.1178970763590354,-0.5289601508613228,-0.5506344449653309,-0.5407684722886883,-0.5506356750933351,0.6090747451665439,0.5070698485526826,0.6580485236352503,0.6095805272936533,0.5102903205846973,0.6090747451665512,0.7336069234597408,0.4081545348974222,0.707266633050494,-0.7335528552648247,0.6735552148047755,-0.7336069234597422,0.5865172494206747,0.8340648834346338,0.7528392392187397,0.652127886822948,0.2603033684413395,0.5865172494206744,-0.21219017358814096,0.26868593348844066,-0.09624592933202397,-0.187807691384865,-0.3371426713882747,-0.21204392327373375,0.2818966989782956,0.16256485107027352,0.402106985072222,-0.2723316120894848,0.17878194607755563,-0.2818966989782959,-0.5263038607405655,0.22405536109629728,-0.4239268874028963,-0.4135742534159638,-0.6154230690308822,-0.42106058785187667,-0.47792916234025057,0.38580802925210217,-0.4176616498423016,-0.47137579782730565,-0.5357417976242981,-0.47597779034945276,0.12360912353648675,0.2674114654763227,0.18539675458319516,0.043842290264699074,-0.06336535204202064,0.03192493769995291,-0.04858111639876579,-0.05888733712092402,-0.040710195998830724,-0.1129092748858074,0.040213711881388746,-0.11282202605476911
acc_z_max,-0.39426665350526985,0.9419976527458976,0.983405735046863,0.804425037409105,-0.7791026860625391,0.7359089656330285,-0.9098485553046067,0.9266399806616088,0.8379342709222064,0.9464566417790738,-0.9842568541670916,0.9115564448376777,0.8670229053757571,0.9746157227515866,1.0,0.9698885231568182,-0.7994081252725879,0.9126787877918461,0.21299255074336063,0.23826403874327767,0.35662086134776527,0.2399811059563943,-0.1704988718108582,0.2558123608612325,0.24311085255973755,0.715426916356475,0.5446408720813354,0.436903053928128,-0.5223049159232118,0.39138856511402925,0.18808350427116147,0.7146421740934115,0.6643105954667805,0.4531295270158494,-0.7400951240197399,0.3892555718168785,0.6892077155492197,0.1733500429222856,0.662429765986534,0.6889995010476015,0.732563007154947,0.6892077155492196,-0.48100307666678704,-0.061468444857570095,-0.4970999174134185,-0.4816049599039776,-0.40845383281015935,-0.48100307666678693,0.5625794077300615,0.392451392265222,0.5735963642488653,0.5628723818173489,0.48218249653173156,0.5625794077300681,0.6727733012790008,0.25730689302519294,0.6238184238206065,-0.6732421303254831,0.6774544491841126,-0.6727733012790021,0.4258389672609225,0.7220121099342369,0.6237590085787353,0.49879205496264606,0.05873727683738387,0.42583896726092274,-0.1915724420259168,0.27289999244727475,-0.07590344831600926,-0.1673532323184249,-0.30958857082140806,-0.19160684473911901,0.2654863776058697,0.1466141825913587,0.36530025857771486,-0.2565307905445998,0.15948845358058425,-0.2654863776058697,-0.46828351697339765,0.23368712800423255,-0.36655629709870186,-0.3823727866756324,-0.5569862153793316,-0.3897791680575984,-0.39214011447922836,0.3678877712312493,-0.3233236089864029,-0.38407470670337607,-0.4594471230649342,-0.38983432729619777,0.087937372461435,0.26688977490442084,0.15568632440688324,0.022918789798785724,-0.10943654690037019,0.010085548183644837,-0.045718536071122154,-0.06244784736064854,-0.042571006233865276,-0.11888146036760336,0.04640910842620245,-0.11897155229690055
acc_z_rms,-0.5387498614771108,0.9832124468960852,0.9413645544490923,0.9021341559560137,-0.8882890434471482,0.83850109155532,-0.9155210819930909,0.9825741091401898,0.9047002170768292,0.9891906499105433,-0.9824525173227078,0.9718988013656958,0.7381959863717912,0.9992933204874447,0.9698885231568182,1.0,-0.9068414404142273,0.9838829866558105,0.27745076148374215,0.37935683579396323,0.5178136906629377,0.3738660389154679,-0.2383449534199199,0.3917996298700793,0.4131046777555927,0.8020324318163666,0.6838554471455481,0.6000933261253238,-0.39197876275150645,0.5610055276241193,0.33346440910750713,0.8160559429412977,0.7791349148879496,0.6109787021543799,-0.7568754532473703,0.5503792681114271,0.7723843009740273,0.2835438736792154,0.7521113574199714,0.7722577677385897,0.796125551394559,0.7723843009740274,-0.5536234412921982,0.13728390511779096,-0.5265569243186613,-0.5535525094533975,-0.550104793329155,-0.5536234412921978,0.6085657760118074,0.5204110753057147,0.6612196367275868,0.6090988680300856,0.5068651151558115,0.6085657760118147,0.7284648778309007,0.41690911999624924,0.7041570906922083,-0.7283586155268493,0.6632946489811679,-0.7284648778309014,0.5991183708998163,0.8408047250877045,0.7613551331789679,0.6637346269245388,0.2746747234575521,0.5991183708998157,-0.22110577061077577,0.2684873310104479,-0.10309209043194259,-0.1965466731104239,-0.34625384209659316,-0.2209465392130414,0.2803617893160131,0.1575855730650017,0.3984046551095788,-0.2709635396810677,0.1777186414150986,-0.2803617893160134,-0.5364498032712163,0.22345051879908395,-0.431957427920722,-0.4224755912524446,-0.6245770234949585,-0.4300952876325932,-0.48716564416783187,0.37911166702079807,-0.42918069025600064,-0.48109206513301567,-0.5415880272487348,-0.4852636129780966,0.1236676422234057,0.2601246320380379,0.1847695826216898,0.03985798995199145,-0.0592400294164776,0.028191429935214778,-0.05506245007853336,-0.06214672488331779,-0.04318818355766987,-0.11707057279481915,0.039296691921004705,-0.11798263381378785
acc_z_min,0.6748758847362941,-0.9061013558007014,-0.7783962441421607,-0.9280465973825983,0.9313197470533936,-0.875406563472703,0.8058493595137246,-0.9446625746055554,-0.9213508764132148,-0.9285512674732546,0.8698153166519879,-0.9269216335991407,-0.450886268617114,-0.9024740892505867,-0.7994081252725879,-0.9068414404142273,1.0,-0.9486076148583988,-0.3499607099772749,-0.5099100229724581,-0.6815552437004823,-0.5072805982671512,0.2742609045670398,-0.5281723189671508,-0.620863373324492,-0.8124029759578516,-0.7881279362802469,-0.7349084256978982,0.16193376027189868,-0.7024886044121997,-0.5215269842799167,-0.863476311032611,-0.863366680357348,-0.7282479101693191,0.6483987727794642,-0.6742253301695673,-0.8448137663222023,-0.3419320692116109,-0.8189113004703371,-0.8447388202880091,-0.8519307918942096,-0.844813766322203,0.6587103212129389,-0.3578618034391006,0.5841631340935468,0.6579241275327993,0.7295333645984338,0.6587103212129368,-0.6730785934275079,-0.6343415988206245,-0.7800092407847843,-0.6738333441275457,-0.5562993493703355,-0.6730785934275173,-0.7619842776724308,-0.548388263133354,-0.7624864984413378,0.7612544490980552,-0.6281085702367533,0.7619842776724317,-0.7564800673505248,-0.8819486807943915,-0.8510483627419745,-0.7985249012704607,-0.5456231181387174,-0.7564800673505241,0.27935664470022015,-0.16342478175540465,0.18101323648382472,0.25949907157357394,0.3924765015139185,0.27896940268881326,-0.32505541495585094,-0.14536938902385563,-0.4560709556623004,0.3154382613652301,-0.2337801533966977,0.32505541495585155,0.6249454878188133,-0.15067317186984866,0.5324812257825534,0.49537930907512967,0.6966468708590339,0.5024129410435264,0.5501555091520661,-0.39497163033393334,0.5102135568814513,0.5478261442679259,0.6008240075084021,0.5495200682159506,-0.1267517048796454,-0.20807528117864507,-0.17527839206082707,-0.02356951150759236,0.02918507380948623,-0.014853389839456471,0.07586545059583895,0.09296754883276886,0.06633206515927713,0.1331085806584341,-0.05278955821343615,0.13486153563351502
acc_z_abs_sum,-0.6118191681472301,0.978589170379268,0.8781145436401001,0.9345342329325559,-0.9320911628701813,0.8752459271400932,-0.8788587874997352,0.9887919796965166,0.9244250834253546,0.9842362736033612,-0.9453173088523018,0.9794008722737548,0.6222860372877153,0.9796251182638034,0.9126787877918461,0.9838829866558105,-0.9486076148583988,1.0,0.32736261242081577,0.48585159973914743,0.6306747122825125,0.4804951947239882,-0.2908437554409772,0.499505039179352,0.5008701598881472,0.8394591205194384,0.7508095768011673,0.695561244237786,-0.3105212944356459,0.6629621585521293,0.40358245888572364,0.8525016868606033,0.8187742691728046,0.7068521901906464,-0.7518978270209019,0.6529978576180042,0.816109710478303,0.36988707314232394,0.8034661975855287,0.8160590153347591,0.8224878401828177,0.8161097104783035,-0.5644155045716911,0.2779186262899931,-0.5065789308002314,-0.5638393003332535,-0.6134825106470676,-0.5644155045716898,0.5971724359687695,0.5987083237682156,0.6806507009589348,0.5978753230113797,0.483699112221852,0.5971724359687773,0.7575125968337314,0.5244855128138092,0.7536202076599652,-0.7570056766993055,0.6456792099804164,-0.757512596833732,0.6923744505306775,0.8865745795078184,0.8222037160997653,0.7487016011045929,0.4118248662353321,0.6923744505306777,-0.19958879222375744,0.28721156497146216,-0.08238068417535388,-0.1751958326740188,-0.3296296297267844,-0.19929612859166063,0.24962986339208237,0.19206111336390602,0.38241891235752806,-0.23990650025945684,0.15193771392832475,-0.24962986339208312,-0.5370403658091122,0.23203830871053152,-0.43043563575658816,-0.40531775620800786,-0.6290630143116132,-0.41349174703568387,-0.5538553055673051,0.38538077647638497,-0.5051971270720153,-0.5489639692019311,-0.5968983465929725,-0.5522435948114427,0.1776021213425751,0.27481909405979316,0.23247095783077187,0.08636301005500724,0.00852476477802252,0.07576017577903346,-0.02842698210289144,-0.026995027225233743,-0.005702498145119538,-0.0753704832690309,0.03146491844916889,-0.07708202226624437
gyro_x_mean,-0.14275896153840256,0.28361940268114344,0.214460963317292,0.2829783724422877,-0.3110649047115167,0.23553604941451992,-0.08135118288653388,0.35013062901150116,0.4068993409110088,0.30187636512353533,-0.23982993741676276,0.2915498831086714,0.1396868171103775,0.2847906869474935,0.21299255074336063,0.27745076148374215,-0.3499607099772749,0.32736261242081577,1.0,0.07063294221617845,0.6049275363117012,0.23279364286591026,0.43238176159413283,0.26976222492686386,-0.008094965476294937,0.207682608464074,0.13673754108554803,0.3563430949463027,-0.21064199557171878,0.36481779930262226,0.07658900689409912,0.24107296368877862,0.21869529709832064,0.37903373307289157,-0.2690295333199147,0.38344570334370914,0.5146824395768119,0.2716973531163348,0.520467764651714,0.5148288864929642,0.46091530928717417,0.5146824395768121,-0.11504377169235946,0.21005363138035416,-0.08452061202201792,-0.11413770982720482,-0.19920100833187399,-0.11504377169235987,0.13512518153870473,-0.06983687142006917,0.13381957881456089,0.13495248372143714,0.1654697408673292,0.13512518153870987,0.5249997693687349,0.5901579566260319,0.6095513180000766,-0.5240593419936566,0.35751068000173414,-0.5249997693687348,0.2558668707568422,0.2537145319743608,0.2540537929757298,0.2651912714133603,0.28519030495615283,0.2558668707568421,0.39892332187501645,0.0652937693629042,0.31858620176943425,0.3942015121115124,0.4041773384690179,0.3992656364730025,-0.002940910703863833,0.083377025174126,0.08450629186517633,0.004544319141681154,0.017808569457278628,0.0029409107038638133,0.19975322428443337,-0.2442186454562794,0.047581222499363675,0.260241302113459,0.22381659537650245,0.27965745377985823,-0.15383269428781005,0.4924074067363329,-0.03862555141421141,-0.13844082143545797,-0.2528481221689048,-0.15290047661069972,0.3583170950599552,0.04986896445140352,0.27262811230912104,0.3604101099406456,0.31643625562639005,0.3726049401448395,0.20428123612266125,0.027034650137732444,0.0865644408839092,0.16763887445410572,0.03627734058070719,0.23768055371512517
