,acc_x_mean,acc_x_std,acc_x_max,acc_x_rms,acc_x_min,acc_x_abs_sum,acc_y_mean,acc_y_std,acc_y_max,acc_y_rms,acc_y_min,acc_y_abs_sum,acc_z_mean,acc_z_std,acc_z_max,acc_z_rms,acc_z_min,acc_z_abs_sum,gyro_x_mean,gyro_x_std,gyro_x_max,gyro_x_rms,gyro_x_min,gyro_x_abs_sum,gyro_y_mean,gyro_y_std,gyro_y_max,gyro_y_rms,gyro_y_min,gyro_y_abs_sum,gyro_z_mean,gyro_z_std,gyro_z_max,gyro_z_rms,gyro_z_min,gyro_z_abs_sum,quat_w_mean,quat_w_std,quat_w_max,quat_w_rms,quat_w_min,quat_w_abs_sum,quat_x_mean,quat_x_std,quat_x_max,quat_x_rms,quat_x_min,quat_x_abs_sum,quat_y_mean,quat_y_std,quat_y_max,quat_y_rms,quat_y_min,quat_y_abs_sum,quat_z_mean,quat_z_std,quat_z_max,quat_z_rms,quat_z_min,quat_z_abs_sum,encoder_angle_mean,encoder_angle_std,encoder_angle_max,encoder_angle_rms,encoder_angle_min,encoder_angle_abs_sum,grf_x_mean,grf_x_std,grf_x_max,grf_x_rms,grf_x_min,grf_x_abs_sum,grf_y_mean,grf_y_std,grf_y_max,grf_y_rms,grf_y_min,grf_y_abs_sum,grf_z_mean,grf_z_std,grf_z_max,grf_z_rms,grf_z_min,grf_z_abs_sum,grt_x_mean,grt_x_std,grt_x_max,grt_x_rms,grt_x_min,grt_x_abs_sum,grt_y_mean,grt_y_std,grt_y_max,grt_y_rms,grt_y_min,grt_y_abs_sum,grt_z_mean,grt_z_std,grt_z_max,grt_z_rms,grt_z_min,grt_z_abs_sum
acc_x_mean,1.0,0.25290532982597724,0.3804859425567739,0.06001457097935126,0.5612185577977462,-0.0944684878389687,-0.9158180523836676,0.20300633643887292,-0.05480922982819553,0.14025677630134803,-0.32299764459972724,0.0652961729925297,0.4741979997753497,0.0917308618887124,0.18218814695996116,-0.04886916981458087,0.14217609486638738,-0.2122741637290615,-0.11035134789152226,-0.044915001246024926,-0.05688883145354639,-0.04626656714104336,-0.043354091245436446,-0.07326092012360037,-0.3531624621856405,-0.29753845537777773,-0.43295325563718595,-0.20121730212624106,-0.32468518948946473,-0.17968862257131932,-0.1889367459114616,0.13883748905387944,-0.026888379841764933,-0.06351964419667307,-0.287897658307917,-0.07008184961407862,-0.7509221687397882,-0.08702640480255654,-0.6260035668051454,-0.7504575264130795,-0.7010271673783854,-0.7509221687397877,-0.4019542690917365,0.09489027873880028,-0.3414021746407304,-0.40195155580147296,-0.33025775042589867,-0.40195426909173443,0.6063226077696855,-0.11106889221536542,0.5041422624586713,0.6055874666564589,0.5293277249109598,0.6063226077696882,-0.7088984840838866,-0.07578717249271433,-0.6393490735936724,0.7084083229739209,-0.5928677493540387,0.7088984840838861,-0.249924033988854,0.24978423625601334,-0.14063532870994988,-0.2220602320062543,-0.37292178840232176,-0.24992403398885354,0.08535023647430132,0.3142658521570716,0.1785462517808198,0.15016546426011126,-0.007629055968095979,0.1318465975018669,-0.1425042950013359,0.21030970471686647,-0.09638373393973446,0.14656417692991905,-0.2117287044793854,0.14250429500133605,0.123194074741295,0.34850744389122706,0.2539729107268494,0.08844629703183408,0.04768698425938453,0.0688986320737614,0.1531735747934294,0.407823483724248,0.35931739299260135,0.27781969557575065,-0.07491854184810867,0.22294751543207678,0.037600167761057415,0.2911337777334047,0.1881229222063733,0.16031478613991784,-0.1755692597597767,0.13998282126800127,0.025675860195002887,0.2143221714007391,0.12355419978205098,0.0887516311713238,-0.14382967973561087,0.06974075336236744
acc_x_std,0.25290532982597724,1.0,0.961706845773673,0.8791670162372377,-0.5662813734317109,0.6426388607801946,-0.2859720546941823,0.8262208459521573,0.6038153236875228,0.7857249616760674,-0.8088785574425792,0.6968211670033665,0.3828550949623715,0.6309265775882718,0.6200230871827007,0.5906738928666239,-0.5469104467739815,0.5011440605544222,0.053925463476447874,0.5243003689821415,0.4267335256573183,0.450740280132763,-0.4514425372424795,0.40210265313893506,0.3869141760536505,0.3632877735784859,0.4376619221226757,0.33458667092422684,-0.14500820932885847,0.3306155397601517,0.08231171795499641,0.5942853285886752,0.6221828392081309,0.45989928583732065,-0.23974992799140596,0.3821769888223363,0.10763598836552683,0.32135955009739736,0.22494366695398849,0.10912909864512096,0.01339129128527198,0.10763598836552722,-0.04558547421974647,0.24048154110059194,0.02415041563348551,-0.045049904446786866,-0.0783891882943348,-0.045585474219744584,0.02530614495067692,0.2590526975318549,0.07718375456610868,0.02705932333856634,-0.11948273767307023,0.0253061449506785,0.1254396126012036,0.36216511956920433,0.2644274945886616,-0.1238307212619628,0.03189454845358522,-0.12543961260120473,0.30528716776131315,0.4823331372622761,0.44271112222001857,0.34749073805234676,0.19449815267915882,0.30528716776131304,-0.1263390819321414,0.412821886907183,0.11467815469324344,-0.09403034023900328,-0.22037222066678508,-0.1245937972536646,-0.041060104666762326,0.400992207555808,0.07369926789009101,0.0510243589781121,-0.21022848838490055,0.04106010466676207,-0.20701180491269075,0.12350788839790339,-0.12997023079315245,-0.2610045915603127,-0.24239653793353905,-0.263217972631768,-0.34255943437712333,0.3969271984209391,0.10929139052582278,-0.055537759437737,-0.6759606292720627,-0.132041279855688,0.39298439841897453,0.42594642653618225,0.5827058695326683,0.32056921463583987,-0.1991346702221887,0.3034663772458446,-0.3854453257979105,0.17223271216704983,-0.20411382151259982,-0.10377982908447154,-0.5945035745528255,-0.12512802388745364
acc_x_max,0.3804859425567739,0.961706845773673,1.0,0.7780829331704331,-0.38757380636743677,0.48541647502554075,-0.4025367009730008,0.8129835944884143,0.5670075320276705,0.740776613165685,-0.8514365847683648,0.6029307065763438,0.5135006490721165,0.606335417874083,0.6444432244387408,0.5287570224295433,-0.4224609967056516,0.38482804862104003,0.11578674934607888,0.4846386205341456,0.4486175198256634,0.3896663017059698,-0.3606619204383784,0.33591660788123584,0.3416424651413841,0.23718407201277655,0.3407169191321992,0.23088036101071932,-0.1466001254328382,0.23307968052783842,-0.060637605834318944,0.4770084856886665,0.47241860590840984,0.27567160792609513,-0.2600347973266186,0.20160273558019667,-0.0021451279872717454,0.1527392981281629,0.08461262539936744,-0.0015755629146814315,-0.029499161168556814,-0.0021451279872715173,-0.038818571081855484,0.09898256733055266,-0.0068158551709692865,-0.038637821064178825,-0.0245020122301429,-0.03881857108185446,0.10988948079255594,0.08710589442259414,0.09767490062598064,0.11032806879730568,0.007764020211069246,0.1098894807925573,0.0655217533733912,0.1886753907862178,0.15644255076839378,-0.06481293740561997,0.04275399121886282,-0.06552175337339194,0.17902008556985388,0.4365144659222185,0.32118982124165596,0.2208045787831188,0.07735364921150943,0.17902008556985377,0.012974501618197286,0.4825037400413958,0.2508395657725635,0.046770984843781976,-0.09633701022570484,0.014596825656019994,-0.1622200914943214,0.4764649618822296,-0.033051681554874195,0.17319573782179462,-0.3435395029882079,0.16222009149432148,-0.05687336444659062,0.21132449642247894,0.03156775574655483,-0.12263257612434897,-0.11318915858158574,-0.1274863668047781,-0.25345843382076183,0.49325656328192297,0.22240727391299472,0.07178383330375376,-0.65474965915738,-0.009338499628582856,0.3886907102355591,0.497613707810568,0.6150757659746485,0.3889608446202648,-0.24599982879473767,0.3684010272525171,-0.2991194773523189,0.28878317662450853,-0.08934419514308307,-0.009054265124343399,-0.5773422837656853,-0.036953413294063514
acc_x_rms,0.06001457097935126,0.8791670162372377,0.7780829331704331,1.0,-0.6558630950603991,0.9198046457463871,-0.13737314429439054,0.7320268487325412,0.5404195421167427,0.812287820725531,-0.6611081169062722,0.8446351648123321,0.12963717437539812,0.5850336672568461,0.5017715751121672,0.6100701893621577,-0.6545197381480746,0.6336751872974203,-0.04269162433780046,0.4567691203779662,0.3037618713497315,0.4551865845826507,-0.4823827047320025,0.4195615389841479,0.38194329225621565,0.575975615613067,0.5433748719107986,0.4986507166932664,-0.19815722453512952,0.47800649275006724,0.17063525069867802,0.831657057991026,0.7795022849035298,0.6258456641072271,-0.3572490650533979,0.5288663114499441,0.2893159291749169,0.41523855487090716,0.39439964547296136,0.2909542053520558,0.15071351585900405,0.28931592917491794,-0.09840362635600804,0.31323275856331284,-0.01506981506069178,-0.09774866263746998,-0.15790269000121698,-0.09840362635600534,-0.10661365383517872,0.3729885725721916,0.008367207329452163,-0.10435670082952099,-0.25033701931211727,-0.10661365383517764,0.20644985793449133,0.4078080052404718,0.34474208543231755,-0.20468131710212076,0.0702745773490854,-0.2064498579344929,0.41007117592148196,0.4995729022934508,0.5349054819431234,0.45080776270324063,0.30226645480498093,0.4100711759214817,-0.3741570386480678,0.21296656125517827,-0.15806642497852147,-0.3439332687730059,-0.42239972574959467,-0.3669552440065634,0.22145550601472846,0.16906027034795268,0.2837473362283316,-0.2153653078246705,0.09503179849155997,-0.22145550601472835,-0.47467218286875307,-0.03919010183261157,-0.4094881697677402,-0.497389823214818,-0.46483627255301463,-0.4951278554454808,-0.4397019882802102,0.20784590227039468,-0.06612172960427141,-0.25649212260332177,-0.6209098363010523,-0.32372816965274237,0.29130187358273046,0.2288625752027404,0.378339069984122,0.08589029328143594,-0.14163747495546197,0.07492559672923584,-0.4823299792030542,-0.07955118966187545,-0.37819640125135434,-0.2676363673238272,-0.539126126056918,-0.2719634436551874
acc_x_min,0.5612185577977462,-0.5662813734317109,-0.38757380636743677,-0.6558630950603991,1.0,-0.6363765894878181,-0.4830173834117987,-0.4529196132272483,-0.5106284215236916,-0.49192719431615317,0.3125559908054455,-0.521630773340075,0.14538683486968082,-0.41208164591674723,-0.3041006760745684,-0.5012914912301057,0.6032656152609709,-0.5898610766490844,-0.05341253815717042,-0.46471297465140937,-0.34502443527058496,-0.42898800283610433,0.3891965458775743,-0.41859207204647353,-0.5623981209738117,-0.5454692911018253,-0.6872765037231129,-0.4376559726876581,-0.15130049055260908,-0.41719865915816806,-0.31418391479646524,-0.42900411487789475,-0.60019540567233,-0.49863425079833584,-0.052292418724719555,-0.4510961222011582,-0.6575844656456774,-0.40798745544550147,-0.690486147057192,-0.659044815922236,-0.5187318570142496,-0.6575844656456772,-0.22122031567679876,-0.21633372066160558,-0.27133074585383393,-0.2218690181936928,-0.12233634485459086,-0.22122031567679956,0.43330112297528833,-0.36924403066772904,0.2980903227887452,0.4306211312494289,0.5252912449780491,0.4333011229752876,-0.6094468826150564,-0.42529261205225805,-0.7058379239929381,0.6073472438525513,-0.42766238349435426,0.6094468826150581,-0.5090122691057059,-0.22899817102981143,-0.525001708302607,-0.5186859171063066,-0.48374783593486764,-0.5090122691057055,0.25587151461767854,0.014978285165073239,0.1582979821260519,0.2782991976141677,0.24302310721185194,0.2836196249641952,-0.13575061150244025,-0.08097428880473462,-0.17931052554500185,0.13265235343080006,-0.07382640435634022,0.13575061150244047,0.34572419044141006,0.23900342315072837,0.39691137846349234,0.35687595784741644,0.2974252774180174,0.3406233159045643,0.4548046968742453,0.08592516787379664,0.2833512823337446,0.371576292149989,0.4762535074942514,0.3863719146265676,-0.3157970322629503,-0.04750791803947418,-0.32952188318394343,-0.1039606017531296,-0.06676665210121421,-0.11017894914773874,0.36288947331432414,0.12042339964568256,0.3217359462982557,0.23137664247467996,0.3397519554467629,0.22811913490601954
acc_x_abs_sum,-0.0944684878389687,0.6426388607801946,0.48541647502554075,0.9198046457463871,-0.6363765894878181,1.0,0.0031831563810337596,0.5371376951940076,0.40627977674636784,0.6933412513833946,-0.42128512213074676,0.8280793563043597,-0.1140198894016755,0.4630396564367071,0.3266486071892621,0.5383665684465935,-0.6555278416091292,0.6520948136833834,-0.14882283105062094,0.340306892416473,0.14090233456391638,0.40801061003783684,-0.46728373570900994,0.3910211041311869,0.29286101611289966,0.6495943994402538,0.5153125214968974,0.5645637872448613,-0.2265220220374261,0.5365654726825905,0.2799162430853437,0.8912447829275236,0.8071426758793195,0.7259641381942568,-0.35768248858207624,0.6386612468833878,0.3609286334547248,0.5105125157044704,0.47142250684210724,0.3630783610006804,0.17655307800769893,0.3609286334547256,-0.1520563163468787,0.40820703717402285,-0.043550563045454155,-0.15120060058512683,-0.24243796256805594,-0.15205631634687453,-0.17723957877498997,0.482024169509597,-0.010632056035547587,-0.17421577944841704,-0.3274075584407923,-0.17723957877498886,0.19701425078676904,0.4766876762431399,0.34969342303074713,-0.1948505774183368,0.017242645974673825,-0.19701425078677023,0.4463941030232284,0.4451255904915847,0.5360087357131822,0.4788996121748953,0.3479817177495541,0.4463941030232287,-0.5346861918362101,0.010479036131172258,-0.3744936319070376,-0.5089566862309505,-0.5387015170715959,-0.5225778083982211,0.416713622866178,-0.050469440369601166,0.4259321919988256,-0.41475222052689686,0.3468945978833805,-0.41671362286617863,-0.6285724181708967,-0.182759984124576,-0.5885090795307704,-0.6191049935331236,-0.5805889026615928,-0.6130377737724745,-0.4385502898559538,0.010961771597870904,-0.19509820797546054,-0.38233031444062937,-0.4575727881118102,-0.42866727684558176,0.1594471259496316,0.02808776172433104,0.1456533061675778,-0.12212766236356264,-0.06002506113473324,-0.1267753082194495,-0.4780656994732198,-0.27947647399976383,-0.45838613369841086,-0.35735035266787385,-0.3923393655960214,-0.3459650144367223
acc_y_mean,-0.9158180523836676,-0.2859720546941823,-0.4025367009730008,-0.13737314429439054,-0.4830173834117987,0.0031831563810337596,1.0,-0.30543912935670803,-0.006093019571760989,-0.23699846335937225,0.4326927473012558,-0.13355386802193348,-0.5968909538396949,-0.18623682015610843,-0.28105306525018153,-0.03665364956666208,-0.12321049998615988,0.13134470138402915,-0.013503455172813528,0.02311892751039552,-0.04284054920405129,0.004927642802474937,-0.06250761129997395,0.024196107255402406,0.1526078922162212,0.21460450046922144,0.25592812989125074,0.05393760893245671,0.23672902674914478,0.03106542993477988,0.37915658387856127,-0.22117436971900445,0.0751311925476807,0.020031897767979118,0.49948636844685673,0.036956716560440875,0.6389722577635829,0.0574161778085453,0.5213782500406928,0.6386027934472057,0.5936407848522407,0.6389722577635841,0.3697169271847881,-0.12213017100609984,0.30651458498769135,0.36965417874611906,0.3103220759036918,0.36971692718478544,-0.543301918591223,0.052088857347945064,-0.46808502111448463,-0.5428827179145955,-0.4552664220806388,-0.5433019185912253,0.5990576514187185,0.07618358090591894,0.5423338959795515,-0.5985119579655794,0.4928208478239293,-0.5990576514187185,0.17571057243740504,-0.2392748766681531,0.07477969513198954,0.15012591358260297,0.2806296963756616,0.17571057243740493,-0.009154086965342511,-0.2794940582626689,-0.11087747227318155,-0.07128518933411841,0.06722445722284871,-0.05130575439601943,0.07736360641268956,-0.23075944745030752,0.03383768617540352,-0.0828987563234239,0.18358699026973088,-0.07736360641268954,-0.04483009911471602,-0.34038467065149564,-0.19167376475976844,-0.01759165789953824,0.019625852576703424,0.0009517226149586517,-0.12321575403513717,-0.4214408090681605,-0.3859421869689232,-0.23509522227002427,0.12155420964096318,-0.16778758669730215,-0.009598108123322227,-0.2673552951541102,-0.15237788069003796,-0.09643547785582268,0.17820847006812027,-0.07180059588990033,-0.00032353298747976985,-0.16607568083301566,-0.08535164406721629,-0.041094766693470175,0.165009002248795,-0.022472342244295476
acc_y_std,0.20300633643887292,0.8262208459521573,0.8129835944884143,0.7320268487325412,-0.4529196132272483,0.5371376951940076,-0.30543912935670803,1.0,0.8525518373952317,0.9576080673157209,-0.9554679581842401,0.8258330335031898,0.5868249040225922,0.8775871306987023,0.8767013202752493,0.8402677826623367,-0.6638369622300969,0.7179991064712775,0.2273582699039972,0.5647408207218066,0.5594843636351642,0.5209349398370962,-0.2775367407997426,0.48294691987923155,0.44912208439996393,0.4467951974914576,0.5061763248208121,0.4818036888486486,-0.29407711608650633,0.48800370418210764,-0.1221496183552161,0.5523718718861313,0.46220178062839906,0.40578979663135195,-0.42570713480426103,0.3484729680961253,0.12177750666840188,0.27926601630533926,0.2319360935574552,0.12279428924982771,0.04810793342300001,0.1217775066684018,-0.06715016840639568,0.23002756783325304,0.012107611474879751,-0.06673536243857064,-0.08271218785775676,-0.06715016840639255,-0.006677165509079243,0.2357832084241375,0.046174237037761884,-0.005199653184614131,-0.1427410057731498,-0.006677165509077532,0.08340649015486025,0.23123080727641207,0.19599954700406252,-0.08254485927472538,0.03683518984830501,-0.08340649015486096,0.46539377839565665,0.31368238162412415,0.5153843357118826,0.4816374605889854,0.39630270621557084,0.4653937783956567,-0.2836125363169804,0.20303193279204632,-0.11322516239909743,-0.2668952769683731,-0.3269339994403676,-0.29200771484526516,0.12685994298951692,0.42811746524523253,0.24496671825276287,-0.11364646174273209,-0.09544182850738653,-0.1268599429895171,-0.3328501006895762,0.14463834259959996,-0.2370847590147687,-0.39123252960158805,-0.38050086820841794,-0.3950812944146283,-0.17948094202289,0.3843157207848225,0.32016184703101136,-0.04728351254643643,-0.523919938245365,-0.13319132913493956,0.2897158838705647,0.25864257276927066,0.40268800680997824,0.17285246560239145,-0.05909333870833387,0.14900456217275798,-0.30959059421533985,0.10992616904421237,-0.18712818029696146,-0.14521210566931725,-0.5239673009942547,-0.16967744512966887
acc_y_max,-0.05480922982819553,0.6038153236875228,0.5670075320276705,0.5404195421167427,-0.5106284215236916,0.40627977674636784,-0.006093019571760989,0.8525518373952317,1.0,0.8246472663624069,-0.7308994592575855,0.7104067258085274,0.5074631966121493,0.9107723798004667,0.894001811415845,0.9071256389064049,-0.7859004237142813,0.8071650521317851,0.2486551702785572,0.5552249962701741,0.5537237687704465,0.5027780152580106,-0.22490577351771426,0.4756879946565547,0.501842099356114,0.4054512264011014,0.5525784788997438,0.4149074855267887,-0.1543523533352847,0.42169370067682,-0.1283608738467605,0.3775592214538897,0.3574993996946055,0.3268784471807126,-0.3142627777696096,0.29709244694976794,0.25097809080510014,0.2366066097952461,0.32798513235285265,0.2515949181527905,0.19326896351213313,0.25097809080510025,0.04369867432608686,0.1535511416987787,0.10197034901347453,0.043966397267993354,0.02719604247702411,0.04369867432608881,-0.14011072315011222,0.19364515840090363,-0.0969473335203798,-0.13896316155219843,-0.23525441472902514,-0.14011072315011175,0.20298852746736784,0.17456493160351372,0.29054626756754787,-0.20233657535802363,0.1622992277216056,-0.20298852746736865,0.6014411547313022,0.13369374031725426,0.5630063935444204,0.5951989398569135,0.5909286626108203,0.6014411547313013,-0.3020788834206029,0.024558637171482815,-0.2026604354994533,-0.30872241896570596,-0.2999241871807676,-0.32437721017161947,0.1728702809321471,0.35871402156367427,0.28341791239447006,-0.16091586890463985,-0.01866755167218533,-0.17287028093214704,-0.3218232175327072,0.06646001933278961,-0.26879492288835133,-0.3762042025658016,-0.3561164534652475,-0.37322661655157197,-0.11170880263950135,0.25187092082973644,0.3244795911888867,-0.0882756717573444,-0.3360759078748302,-0.15721383200508804,0.23968582110144077,0.15843707971521329,0.3115341757755686,0.12416299066987997,0.05016824882038154,0.09909949292534366,-0.2244007223113589,0.0578613309985874,-0.15821141813575568,-0.13884680989020082,-0.39758903956045627,-0.16181602119434604
acc_y_rms,0.14025677630134803,0.7857249616760674,0.740776613165685,0.812287820725531,-0.49192719431615317,0.6933412513833946,-0.23699846335937225,0.9576080673157209,0.8246472663624069,1.0,-0.8910131383061239,0.9423328273791327,0.43880753210813345,0.863038360807765,0.8211008748117882,0.8696159285505839,-0.7419769313084204,0.8126947104071456,0.12953306130852332,0.5306196064241328,0.47155600685743154,0.5150830290460132,-0.332318013952359,0.479135016889946,0.3982385825384446,0.5617212499690922,0.5280572245598038,0.5454557165363482,-0.3811162966361985,0.5388460008710739,-0.028825043333146432,0.6867929738279016,0.5890093130877014,0.5249525203039601,-0.4483324119044225,0.45840939415817006,0.1992299269481037,0.3494964796313842,0.31344372894664485,0.20046107879222158,0.09371710786900343,0.1992299269481039,-0.13063653172161488,0.29789597174334903,-0.03625777832401122,-0.13011270149305204,-0.16103608873722033,-0.1306365317216118,-0.053853538887838295,0.31707272407460646,0.03760390532745315,-0.051953046844306294,-0.19906977909102366,-0.053853538887836644,0.09306359580640701,0.2912207261076903,0.22156749656065552,-0.09195522298502899,0.01452040730408483,-0.09306359580640812,0.5172061216250293,0.34424353490433846,0.5659861694433879,0.534692228351018,0.441221021735255,0.5172061216250293,-0.4277294342575428,0.10644897836407148,-0.2634323087646342,-0.4101979937211197,-0.448540119292896,-0.4323741095595516,0.27305611576774186,0.31512985410281413,0.36462619038661065,-0.2615309452392611,0.06793142614131613,-0.27305611576774186,-0.48846281099176003,0.06511686764863972,-0.3930122442039251,-0.5302428466678417,-0.5126373923339632,-0.5320165747398338,-0.23962776545072062,0.2994617689396367,0.2340600649228067,-0.15492071555791037,-0.5100800717514049,-0.23996364668431677,0.2396590458374036,0.16441694012309113,0.30194071941370426,0.04832055336558596,-0.03822982446857299,0.027193362165340924,-0.3776148943264897,-0.0275052940570945,-0.29329392281924527,-0.23903793808575247,-0.5138483807074268,-0.25443738867087307
acc_y_min,-0.32299764459972724,-0.8088785574425792,-0.8514365847683648,-0.6611081169062722,0.3125559908054455,-0.42128512213074676,0.4326927473012558,-0.9554679581842401,-0.7308994592575855,-0.8910131383061239,1.0,-0.7124425338550867,-0.6633848907048189,-0.8028767860158391,-0.8441402282830757,-0.7353046411748488,0.4987879590806718,-0.5716360098064046,-0.2543379364127105,-0.4944875602267784,-0.5419049972234906,-0.46086618427123505,0.1929696517289285,-0.42164623834343723,-0.42397170633778586,-0.31964985907694377,-0.420239070514018,-0.37467623141028283,0.26695676954228004,-0.3865074662978321,0.21687019845981245,-0.4638251334851685,-0.34936160028281515,-0.28010556279089177,0.42854050810108146,-0.22509860915716806,-0.023857873756066593,-0.1767186204971001,-0.11961482526130969,-0.024401614535371482,0.0072836696300345605,-0.023857873756066447,0.07779693380299858,-0.1520560008495164,0.022723833110567714,0.07757325270190564,0.0651011434610508,0.07779693380299631,-0.0761416070523546,-0.12150406451740703,-0.08534655175538385,-0.07677710917434402,0.03347442869809109,-0.07614160705235642,-0.02392189779753682,-0.13690412691892517,-0.1084010369595606,0.023532359006060054,-0.01970080608270214,0.023921897797537398,-0.324251575260572,-0.298760759400059,-0.39205341699339147,-0.34396428005411966,-0.2544535297849705,-0.3242515752605722,0.1643314248754907,-0.2809239172493891,-0.011455124588054106,0.14257670689759575,0.22526448356518816,0.16975359339971552,-0.02251284243664399,-0.47930037701345657,-0.14544643282192135,0.008809158703541523,0.21010242626914877,0.022512842436644146,0.2019670105747795,-0.21450503660099185,0.09366071353698197,0.26557834090380367,0.26134207263225145,0.272083244643673,0.12347035808637555,-0.45013776599629707,-0.375993971854764,-0.05310855106795024,0.5261975770192608,0.03360057570720375,-0.2785299190063371,-0.319055438574119,-0.4266041923458755,-0.21905627995805863,0.11480922570038082,-0.1935218429024591,0.2464214277261355,-0.19331149045279075,0.10114410208281463,0.07693796921724824,0.5065406654004185,0.10498529579255952
acc_y_abs_sum,0.0652961729925297,0.6968211670033665,0.6029307065763438,0.8446351648123321,-0.521630773340075,0.8280793563043597,-0.13355386802193348,0.8258330335031898,0.7104067258085274,0.9423328273791327,-0.7124425338550867,1.0,0.2012439870880121,0.7441190056110127,0.6512573583293292,0.7955920569971922,-0.765761836275492,0.8233199853072029,0.0015367566563247639,0.4874273664380024,0.3421267927408281,0.4930402474380528,-0.41958786644266377,0.45903836624712274,0.29013172703016304,0.6480373614336056,0.49470471703080493,0.6108254930665482,-0.4373007012290209,0.5925782178938078,0.13896091907539238,0.7953347325095901,0.7094650745412704,0.6480329843039089,-0.4121537355952034,0.5764770716697578,0.2532514598931491,0.4457234892642777,0.379289411960557,0.2549945907321811,0.10169391531916473,0.2532514598931496,-0.2113329931274031,0.3808634988051107,-0.09522669496835649,-0.21063639792160574,-0.2648727955459036,-0.21133299312739942,-0.0822158797524941,0.4159956122164127,0.05266499225248506,-0.07959870228792214,-0.24312348561519714,-0.08221587975249249,0.07772968722788305,0.3801667375839683,0.23151833264829233,-0.07617323313959563,-0.04449158036109822,-0.07772968722788455,0.5462384114100998,0.3755578986135402,0.59269866242141,0.5652501509810638,0.45645731637460696,0.5462384114100994,-0.5539939865522332,0.005209943183924672,-0.40455980937755515,-0.5357670853184232,-0.5559410848096137,-0.5530327776615553,0.40877246054911015,0.14332755637825653,0.4643772803954352,-0.4010407637135904,0.2557791289946224,-0.40877246054911076,-0.6263815256329319,-0.04927316956771053,-0.5494073800561862,-0.646953704710269,-0.6226269283414693,-0.6460940556554352,-0.2994650133848873,0.17146527872568434,0.08561279141800712,-0.27451253947473664,-0.45900595225105834,-0.3459813733668086,0.1841536420271124,0.044690779579852596,0.17679477542970692,-0.07532332369807113,-0.010365322609202606,-0.08704594855852588,-0.4313068309205943,-0.16812643433810828,-0.38728365355601124,-0.31813072015039306,-0.46268021705931406,-0.3214793774873793
acc_z_mean,0.4741979997753497,0.3828550949623715,0.5135006490721165,0.12963717437539812,0.14538683486968082,-0.1140198894016755,-0.5968909538396949,0.5868249040225922,0.5074631966121493,0.43880753210813345,-0.6633848907048189,0.2012439870880121,1.0,0.6024338228357864,0.7369443433804876,0.42867555217558634,-0.07620527566714821,0.1670090493473319,0.3007302232991001,0.2995697083687661,0.4438072403058355,0.14973223617127746,0.04938940444252253,0.11824223620241188,0.3598637731236691,-0.11327564413105504,0.18088608176622029,0.07666052255355744,0.0424046290588211,0.10334093544578857,-0.7156382645981155,0.017323396551166898,-0.2830845717674448,-0.22449318895313744,-0.5667973267745678,-0.24803851085865106,-0.29736404621110324,-0.2561528582462856,-0.29606053144172545,-0.2988832542459417,-0.16604848646355047,-0.2973640462111032,-0.0324032860039221,-0.14291845958013216,-0.0547275367167403,-0.03288855110099604,0.04923429340905416,-0.032403286003921984,0.2577980008264182,-0.22348233348054486,0.13895174678416913,0.2558935852157572,0.25136383843060744,0.25779800082641957,-0.18383985501790787,-0.28766783564506176,-0.22702088947329768,0.18215041538370935,-0.02926994813290615,0.1838398550179084,0.05109153514368876,0.10854934679323024,0.09122540805234335,0.0582100651813093,0.017588699031273098,0.0510915351436887,0.11627298248685405,0.34990686748345384,0.22817146429091,0.14419377405750772,0.03399574982265106,0.11863736994128303,-0.18854949002003232,0.5739970427222812,-0.046980456700245664,0.20311641048943385,-0.3991245293241424,0.18854949002003238,0.17359889318558577,0.4679968103757182,0.313202473271826,0.11544985774367485,0.05033588129921547,0.09597190576548444,0.23419946596647356,0.5626084794276711,0.64245038827139,0.3789149727264596,-0.1716799672508912,0.30062885352332636,0.13840912689113358,0.41856813140489935,0.3651963603245538,0.3220812280199583,-0.14420091850114053,0.2829679226619093,0.019888737769401907,0.37557850320017433,0.16384164733032153,0.13644108410119463,-0.31108840562299045,0.09567529397550123
acc_z_std,0.0917308618887124,0.6309265775882718,0.606335417874083,0.5850336672568461,-0.41208164591674723,0.4630396564367071,-0.18623682015610843,0.8775871306987023,0.9107723798004667,0.863038360807765,-0.8028767860158391,0.7441190056110127,0.6024338228357864,1.0,0.9722210586858898,0.9687679970561667,-0.780413215545098,0.8428598917234343,0.15194067432344205,0.4987706446647297,0.4684317203470558,0.4478681478745447,-0.2640257002251595,0.42195763697565963,0.4416209829567029,0.41103134375594197,0.5045577089501118,0.4398481858332558,-0.2564790249071494,0.44250442286610264,-0.21891060769344844,0.454681972189216,0.3460140302010684,0.36496642059258433,-0.45515794109162433,0.33052788625922364,0.1833993985545924,0.24895008982630135,0.27644244040700844,0.18411335249127836,0.1243524664440214,0.1833993985545922,-0.07557929616294727,0.20419036993548412,-0.005564338503980773,-0.07523086703116061,-0.0878049393305163,-0.07557929616294355,-0.04934326774627513,0.2271184868120726,6.185513354366541e-05,-0.04797821306063659,-0.1652637844174302,-0.049343267746274164,0.1055305705537275,0.17689986816818581,0.20801147553532065,-0.1049268916511846,0.07059729510695396,-0.10553057055372848,0.5368950215633074,0.1524155499399871,0.5152528111396183,0.53468643313678,0.5179024644628425,0.5368950215633067,-0.34986611852322774,0.0518484536317681,-0.22845183372208946,-0.3416031232178693,-0.3540164073272156,-0.3608323330532584,0.22477254540187985,0.3872893789368229,0.3374582903182826,-0.2110845379108337,0.011939920845283395,-0.22477254540188044,-0.3620185721445425,0.13890185356068738,-0.2667398038066097,-0.40065471649204726,-0.40914471679272985,-0.4026475425038628,-0.09213586558494853,0.2952588740177381,0.3899310170678692,-0.06554373515674805,-0.3383151749636962,-0.148703745301428,0.20038737919994248,0.19339550121553947,0.293632646601924,0.08732048181334662,0.008205573251977967,0.05201485550990946,-0.23908346325746202,0.03989490095641412,-0.17337309870364123,-0.1587679513007302,-0.4193099915384139,-0.18028617297466437
acc_z_max,0.18218814695996116,0.6200230871827007,0.6444432244387408,0.5017715751121672,-0.3041006760745684,0.3266486071892621,-0.28105306525018153,0.8767013202752493,0.894001811415845,0.8211008748117882,-0.8441402282830757,0.6512573583293292,0.7369443433804876,0.9722210586858898,1.0,0.9069246653443228,-0.6548542487322551,0.7269732321182237,0.2225305603315568,0.4934446327614922,0.5144455309860824,0.4167184802578312,-0.19573566374437137,0.3862341538649572,0.46065650928892865,0.28952971833438973,0.45583172418725826,0.3575306052982639,-0.19451842761356475,0.36913483186205354,-0.34593538253356343,0.35590409875319146,0.21333580443109015,0.21968482287997912,-0.4849234303602058,0.18569037550820877,0.07680426175908854,0.12332055799351382,0.14966577260833952,0.07690264097489109,0.06880297886329896,0.07680426175908812,-0.05094365077346382,0.11322513873873585,-0.004591171492007338,-0.05082799309985227,-0.03582861469060056,-0.0509436507734608,0.02281795555679173,0.09968756013758609,0.02088285751903025,0.023249851853943182,-0.0654263080581892,0.022817955556792727,0.05452133463669957,0.0621285290858536,0.1228475713279248,-0.054508415637581194,0.06938219823041313,-0.05452133463670031,0.4516510499712337,0.14024263939972087,0.43912867369680425,0.4505187886687704,0.4300182886287815,0.4516510499712326,-0.2248048635739013,0.14391635631052735,-0.09695589092590831,-0.2137449457892831,-0.25070840616507983,-0.23636909715587465,0.10240316274744643,0.4766026312014327,0.23239473497423793,-0.08746448687379624,-0.12713135866760988,-0.1024031627474466,-0.21843226237912072,0.23291875585047025,-0.10996221241710277,-0.2703122506980082,-0.28806398436645936,-0.2761532226335834,-0.00824072508862114,0.3975081115980797,0.49665412114946245,0.06161364363146169,-0.32797742901818777,-0.025494267287622663,0.21102826134891361,0.2761216955725592,0.35139270310303766,0.17618936089746678,-0.03252058555447967,0.13793691656373594,-0.17274113133827051,0.16144711414606497,-0.0743782569552947,-0.07032018084540566,-0.4253512162986033,-0.10008319179446497
acc_z_rms,-0.04886916981458087,0.5906738928666239,0.5287570224295433,0.6100701893621577,-0.5012914912301057,0.5383665684465935,-0.03665364956666208,0.8402677826623367,0.9071256389064049,0.8696159285505839,-0.7353046411748488,0.7955920569971922,0.42867555217558634,0.9687679970561667,0.9069246653443228,1.0,-0.8474542682544185,0.942802730511658,0.10380227435497241,0.46345865424764304,0.4097321523851939,0.4555343412504167,-0.27413778000201455,0.43723712968871736,0.4039272562487466,0.5057467594640559,0.5272252189647371,0.48029930553577366,-0.3161258717562984,0.476351708028872,-0.07763962963116286,0.4901190483575276,0.44531503550645785,0.4855497297621931,-0.3695994459671772,0.4546645133638301,0.30791555773442936,0.3617252749046653,0.4108328600887037,0.3091432879993497,0.1975690556886173,0.30791555773442925,-0.07618091258480114,0.28137009219193615,0.009875398704108683,-0.07564502823839718,-0.11868538076820216,-0.07618091258479687,-0.14006647770329342,0.33622756790369834,-0.038791528172814844,-0.13789716176656017,-0.271297691638946,-0.1400664777032928,0.17894436329159327,0.2891414542331842,0.3059898119304259,-0.17777668203147548,0.08750148969205172,-0.17894436329159435,0.5988072363178694,0.11091974260805994,0.5550163252603905,0.5919264284889363,0.6015902510528959,0.5988072363178693,-0.44695206570108065,-0.04464416928065259,-0.34373095004286813,-0.4468081045362336,-0.42634955893893456,-0.46169673116193055,0.33451379685920435,0.29176099154538726,0.42359126712491535,-0.3223110645158577,0.13977345171566086,-0.33451379685920524,-0.473016461334378,0.05472364523134207,-0.394740644373584,-0.495566919614815,-0.4996153231046787,-0.4949107863680083,-0.14356051194469044,0.1830638243421205,0.28940254404837007,-0.16468677088989242,-0.3190096480976259,-0.23825078645947606,0.15323133033528274,0.09355638497033869,0.19694426375387247,-0.01713706582114257,0.04063802728483929,-0.04857942695236634,-0.2818734171479724,-0.07836163616496604,-0.25530473718593377,-0.22812228218749525,-0.3887283064151497,-0.24097656358803396
acc_z_min,0.14217609486638738,-0.5469104467739815,-0.4224609967056516,-0.6545197381480746,0.6032656152609709,-0.6555278416091292,-0.12321049998615988,-0.6638369622300969,-0.7859004237142813,-0.7419769313084204,0.4987879590806718,-0.765761836275492,-0.07620527566714821,-0.780413215545098,-0.6548542487322551,-0.8474542682544185,1.0,-0.8768260964921032,-0.0009819214948593327,-0.4137582905370589,-0.29232895132842823,-0.44735673772713114,0.3364432790761546,-0.4333506112522842,-0.3001495576857487,-0.5507758887655363,-0.49087260995133764,-0.4593702748134992,0.284371317826865,-0.44442150559804466,-0.20859152776182968,-0.5530905445829285,-0.6242383470756145,-0.5899127020713236,0.18441464846658823,-0.5560094037644155,-0.37624472572793755,-0.4723701082354533,-0.4978959841371724,-0.3781880939697401,-0.21953301492940486,-0.3762447257279384,0.06888771104177983,-0.33172528465537593,-0.031141460158056678,0.06816063637907933,0.12924130260916034,0.06888771104177742,0.20959673448668725,-0.42051298079436655,0.08084772253812507,0.20678717252376397,0.35396832119203825,0.20959673448668728,-0.21661531137117052,-0.40335974883356124,-0.3707977907500814,0.21476729540130032,-0.0808968777096254,0.2166153113711725,-0.6750725602979285,-0.17957758401635382,-0.6373830249140972,-0.6731049593148422,-0.6614601327502095,-0.6750725602979284,0.5087417773567909,0.1464215370875647,0.4211722305350969,0.5140810431140724,0.46513460638383786,0.5209929866110258,-0.3818462672500083,-0.10081914087371585,-0.4371990937849116,0.37510911737473995,-0.27049807210525445,0.38184626725000864,0.5675656653175262,0.14572928072738608,0.546800761383781,0.5859792507838758,0.5420239756054304,0.5748558842578402,0.31774651739201576,0.008489989826992046,0.008054841610386915,0.3540115076506884,0.3272146495745285,0.4037749633088808,-0.2117840686392018,0.022266473745331885,-0.16549485938110936,0.064747566668773,-0.11884410328850294,0.07769334010921702,0.34444205731226885,0.2058558386275551,0.34839464704584355,0.30780374538256666,0.3320541995038497,0.3079800037150143
acc_z_abs_sum,-0.2122741637290615,0.5011440605544222,0.38482804862104003,0.6336751872974203,-0.5898610766490844,0.6520948136833834,0.13134470138402915,0.7179991064712775,0.8071650521317851,0.8126947104071456,-0.5716360098064046,0.8233199853072029,0.1670090493473319,0.8428598917234343,0.7269732321182237,0.942802730511658,-0.8768260964921032,1.0,0.007866803414159532,0.3914854980930739,0.29037472164412337,0.4425122828848722,-0.2994151198103937,0.43644427790924795,0.3315017919874231,0.6136548774779349,0.536595156716233,0.5306564784817888,-0.35364542791585213,0.514984231793733,0.09468183764481859,0.565382940953969,0.5669636179408767,0.6340776337555957,-0.28604873839056383,0.6049478269584567,0.4565993553293256,0.4926031827851037,0.5662771144682995,0.45841308706237743,0.2862155638720272,0.4565993553293258,-0.06941389486860466,0.3715106354123743,0.03460999398649527,-0.06864116596076157,-0.152278734201502,-0.06941389486859942,-0.26903013461528646,0.4831070910023714,-0.09776726478022457,-0.26586528658194536,-0.4166246174461262,-0.26903013461528585,0.26097165225342667,0.4209756452851827,0.4141905181292439,-0.2591506501716185,0.10050617511624706,-0.26097165225342833,0.6369627353744515,0.10199690666670366,0.5852498736468574,0.6288530104626867,0.6522599604923273,0.6369627353744511,-0.5731760589255853,-0.1719262483892423,-0.4935231179495858,-0.5788062689977927,-0.522573087537156,-0.5869383389074716,0.4833378886172913,0.1177440518523873,0.5291509291982486,-0.4746274954681949,0.3282885911317526,-0.48333788861729166,-0.6271818151785159,-0.0877217912087147,-0.576105615946378,-0.6235416624509964,-0.6152220218313244,-0.6184970622114839,-0.23912495000486758,0.003889606336379794,0.09113970373249614,-0.32203282247031,-0.28780040658888767,-0.3780757766487216,0.08695657262970986,-0.05169846463384352,0.05598946071712643,-0.1701927226592372,0.08279578595309044,-0.1936039401182377,-0.3451776156810003,-0.2707955375818265,-0.37965803493497646,-0.33165760320352095,-0.3208608441724141,-0.32910248711556234
gyro_x_mean,-0.11035134789152226,0.053925463476447874,0.11578674934607888,-0.04269162433780046,-0.05341253815717042,-0.14882283105062094,-0.013503455172813528,0.2273582699039972,0.2486551702785572,0.12953306130852332,-0.2543379364127105,0.0015367566563247639,0.3007302232991001,0.15194067432344205,0.2225305603315568,0.10380227435497241,-0.0009819214948593327,0.007866803414159532,1.0,0.313961189945852,0.7538025336002167,0.3459069681325725,0.5353557779642019,0.32538442475563045,0.3834900776843198,-0.0463293045231894,0.2367641997778246,0.12045543150295875,0.24454305103887167,0.14903809041683166,-0.3495142933229577,-0.16506267574715863,-0.27032549503095954,-0.2826047745189253,-0.14685894459055443,-0.2820990669102152,0.1905993932873877,-0.1483710423309632,0.11987961118018725,0.18913491243728608,0.26461603229176045,0.19059939328738792,0.35839648015549513,-0.2471295762259118,0.29061912995948647,0.35798576934129334,0.39385770913208273,0.3583964801554893,-0.2039668970014306,-0.26783942839054653,-0.2837888394038242,-0.20592314936106404,-0.09880972352504012,-0.20396689700143208,0.3453257177888663,-0.2567840617258468,0.21978665511383813,-0.34675749175235093,0.43423336661192385,-0.3453257177888659,0.14536701464270713,-0.15802618127798498,0.08701569561931173,0.1288659385980213,0.2272644832070313,0.14536701464270707,0.18237755010932255,-0.014507878158958027,0.14948443403059983,0.1588762568341452,0.19931529975161097,0.15999083765148417,-0.09398365016709416,0.15594025050846944,-0.04232856141769267,0.09739651645954722,-0.15125646171234813,0.09398365016709422,0.08847374377772184,0.016713118571896536,0.07506738584871141,0.02794698411978083,0.08793291504446087,0.03240895480454778,0.09038902986670555,0.19332336490044957,0.19554676289754347,0.13018149862329245,-0.09477499829114286,0.1115282906454112,0.10950702702461233,0.02879783563473038,0.095682553507249,0.120499280618235,0.05130570854118167,0.12530492134822496,0.1778381913567623,0.1957982727326484,0.20724637543702504,0.1477572343481354,0.04993431368368589,0.13340752647114854
