,acc_x_mean,acc_x_std,acc_x_max,acc_x_rms,acc_x_min,acc_x_abs_sum,acc_y_mean,acc_y_std,acc_y_max,acc_y_rms,acc_y_min,acc_y_abs_sum,acc_z_mean,acc_z_std,acc_z_max,acc_z_rms,acc_z_min,acc_z_abs_sum,gyro_x_mean,gyro_x_std,gyro_x_max,gyro_x_rms,gyro_x_min,gyro_x_abs_sum,gyro_y_mean,gyro_y_std,gyro_y_max,gyro_y_rms,gyro_y_min,gyro_y_abs_sum,gyro_z_mean,gyro_z_std,gyro_z_max,gyro_z_rms,gyro_z_min,gyro_z_abs_sum,quat_w_mean,quat_w_std,quat_w_max,quat_w_rms,quat_w_min,quat_w_abs_sum,quat_x_mean,quat_x_std,quat_x_max,quat_x_rms,quat_x_min,quat_x_abs_sum,quat_y_mean,quat_y_std,quat_y_max,quat_y_rms,quat_y_min,quat_y_abs_sum,quat_z_mean,quat_z_std,quat_z_max,quat_z_rms,quat_z_min,quat_z_abs_sum,encoder_angle_mean,encoder_angle_std,encoder_angle_max,encoder_angle_rms,encoder_angle_min,encoder_angle_abs_sum,grf_x_mean,grf_x_std,grf_x_max,grf_x_rms,grf_x_min,grf_x_abs_sum,grf_y_mean,grf_y_std,grf_y_max,grf_y_rms,grf_y_min,grf_y_abs_sum,grf_z_mean,grf_z_std,grf_z_max,grf_z_rms,grf_z_min,grf_z_abs_sum,grt_x_mean,grt_x_std,grt_x_max,grt_x_rms,grt_x_min,grt_x_abs_sum,grt_y_mean,grt_y_std,grt_y_max,grt_y_rms,grt_y_min,grt_y_abs_sum,grt_z_mean,grt_z_std,grt_z_max,grt_z_rms,grt_z_min,grt_z_abs_sum
acc_x_mean,1.0,-0.024892591510052662,0.40362576501674036,-0.17365215470128675,0.7862976681909213,-0.22418251221552937,-0.3104540171120029,0.01563695259487701,-0.12482068763770986,-0.10378243555365155,-0.08843631710333974,-0.17781853562705718,0.2265012475631554,-0.15508810322399294,-0.0811437149582402,-0.16709419932646608,0.28130398760634573,-0.17015022324020543,0.608817410376386,-0.02179956483377712,0.47198271879397957,-0.13866385242665036,0.5058230759400283,-0.14954427786871563,-0.46805832916940804,0.287311511946692,-0.2957909608273842,-0.05376669949172199,-0.5580302516716406,-0.07133125012470906,-0.6698525360191823,-0.16301937607360242,-0.49756700847778607,-0.25127923631766175,-0.6438479698383083,-0.21227802072353924,-0.5278839431091953,-0.1361051556510257,-0.6637998495070047,-0.5415833565748781,-0.3326898078128281,-0.5278839431091938,-0.6520269771564575,-0.01197559416766467,-0.7898556008952392,-0.6616757265125403,-0.4426452686054461,-0.6520269771564587,0.6761450457086667,-0.3242109728368576,0.4736015996028791,0.6670874775181994,0.7510696213776561,0.6761450457086666,-0.545230288018527,-0.3796284999878914,-0.6808089450294321,0.5345273306564293,-0.296435420457582,0.545230288018527,0.16700548953428687,0.0872622718276084,0.11466544225719871,0.15552878061316444,0.14452393330730262,0.16700548953428684,-0.244834363909706,0.48048640883957466,-0.17569576274486848,0.2889567819993623,-0.39520783296572937,0.2585555044881286,0.0613733254125612,0.48647494863031454,0.2711890828186282,0.19342177392122428,-0.1287892481649922,0.13997791753529568,0.2449260352711645,0.3983606668973404,0.3781924802720681,0.21672653836418387,0.11795623739810422,0.1826876993110816,0.15735525541621748,0.5146425304435598,0.3511155404358218,0.3595875450893359,-0.06611575044309406,0.31641685679406184,-0.2530100929026144,0.47858292418527953,-0.09404100627443567,0.30451278649321756,-0.38759196700193854,0.26910512125171426,0.0780994580824949,0.523473562014775,0.30390210112856425,0.37121253644489854,-0.15960422412203965,0.329478955463512
acc_x_std,-0.024892591510052662,1.0,0.8438607550126717,0.8171229444319312,-0.5609106524806059,0.7157736172151622,-0.18691689215572346,0.6817947039388869,0.5171494676505339,0.6232397241911336,-0.49788094184891646,0.5646650170088737,0.004049609425421147,0.8751869460025214,0.7616310884760885,0.8874142298937295,-0.799989475574205,0.868411300746811,-0.05158171734177079,0.4383753523320107,0.21373697477727172,0.36730971396284384,-0.3350715344173089,0.33617080457525617,0.23814643584535322,0.36794058064334395,0.42476345021547457,0.32419048702911685,-0.005471333927919261,0.2931204024917235,0.17724513578543663,0.5108628544915457,0.44510041328349315,0.44436156463326804,-0.37768257786493736,0.4299960440520806,-0.05787779594239503,0.3421192947008422,0.12069311495956463,-0.04825395733418567,-0.14993521776356075,-0.05787779594239441,-0.24736638628375573,0.44574589951770727,-0.016964402657052825,-0.24010544146651241,-0.32432967914323124,-0.24736638628375596,0.09217069908176169,0.37248984033748256,0.19710324279787053,0.09769063926435544,-0.0920925193815787,0.09217069908176184,-0.0005671665161422527,0.3644134164727597,0.1938539915211589,0.00580956546957348,-0.10844185143248916,0.0005671665161416456,0.4225754948902469,0.3670063716004162,0.4340900367660463,0.43177069052691547,0.3330924557841831,0.4225754948902462,-0.11323419395524499,0.19067658945911942,-0.03427910487003143,-0.18990640167950146,-0.13813804790219114,-0.22903911647290193,-0.20666193278126038,-0.01795654677541828,-0.18156626561382422,0.09883508350032731,-0.2130475276808583,0.1067206111536495,-0.5455233588050753,-0.018301368705257844,-0.4588887711562607,-0.5044850499937195,-0.5754266793729191,-0.5102171398170525,-0.34221538324811046,-0.05833553720228033,-0.29615419264036796,-0.4297136909442239,-0.32704743992542734,-0.4480719413804068,0.3276252208496859,-0.06558604622528426,0.375821859262617,-0.2883180762112135,0.2527893865242147,-0.3018768979107545,-0.2164925135355413,-0.17438276666174915,-0.2553926595545177,-0.30522872570300413,-0.11461579134358323,-0.3117539238313351
acc_x_max,0.40362576501674036,0.8438607550126717,1.0,0.5258393126174525,-0.0852086320786274,0.3880752611111634,-0.32199945856815865,0.5205914713763132,0.3103246516967045,0.3712299257682346,-0.487213453242151,0.27380816263496544,0.284691528639047,0.7610100149094247,0.7831854691194546,0.7364133150465464,-0.5615089480172608,0.6587714727175852,0.2133762947882168,0.2996807296169214,0.3338136376700739,0.13276620825758897,-0.03304316443489879,0.0983479581344208,-0.10885804015206847,0.3004611879667359,0.06585753236235424,0.07106190306566548,-0.26082766445907113,0.03731467976495879,-0.25675156578069325,0.17977597027603817,0.00426539704832156,0.07897445546603235,-0.5357680384592346,0.08565086640740811,-0.12783186442720484,0.05316339562367241,-0.09024041573035765,-0.12819777667778334,-0.09012789230154365,-0.1278318644272039,-0.33710265442548426,0.18152245384951607,-0.27105608662582215,-0.337699438566799,-0.2818742351422978,-0.33710265442548437,0.2892882303620818,0.033549763260734985,0.2457603174410179,0.2874207837801526,0.224493096301633,0.28928823036208173,-0.057186936463663844,-0.01236729792367863,-0.01602869149976614,0.05461284005186478,-0.006291017411383453,0.057186936463663046,0.22610883053852612,0.14708804023371655,0.19696552844536544,0.22030195764008387,0.2068695767076347,0.22610883053852587,-0.12562972916960619,0.43254898019093896,0.0011836111585404574,0.05230946291396237,-0.23092918750121083,0.0030802790295354886,-0.11931744410267653,0.19006430689397977,-0.0203443209586418,0.16422963666658524,-0.21890703155142016,0.1469725974269298,-0.2341104636406179,0.23613012052197394,-0.09503907332542087,-0.23223490712767733,-0.33949225108612113,-0.2539361720651056,-0.14650604693288516,0.1708084180096774,-0.037232877892716496,-0.1384377246092529,-0.24034263803075154,-0.1676303559236612,0.1242450586026765,0.1503191465294651,0.23461454570480386,-0.06618682313100649,0.020563326330265773,-0.08825191531291898,-0.09717464370730433,0.09398236589789954,-0.034450919452348634,-0.0665008299486488,-0.12656178795196243,-0.08677254228620482
acc_x_rms,-0.17365215470128675,0.8171229444319312,0.5258393126174525,1.0,-0.6478928423588366,0.9820295211053132,-0.10647689702968952,0.636839118142738,0.5238064604248484,0.774948552865162,-0.3787395755070408,0.7772848080136798,-0.31512943873113897,0.7348008293849788,0.4712991388264519,0.7882126581189474,-0.8345858663104765,0.8578738666897269,-0.2664712607920065,0.5515739716595089,0.11245653236307479,0.6137011714627771,-0.5602878695941882,0.5869057448570862,0.2922514801720573,0.5817568975796577,0.6028081758355639,0.49697104428754835,-0.04951967942362554,0.4578154575237858,0.2901109154701423,0.7542524064727855,0.6423552943225819,0.6889507104036698,-0.42657071526083745,0.6504560585148816,-0.13045860583292018,0.547397825361334,0.07561232670270465,-0.11832355876076883,-0.31269837743377416,-0.13045860583291957,-0.29506920802745634,0.567287737886329,-0.056565985966597516,-0.28756358527106685,-0.4345122120970946,-0.2950692080274572,0.05688350601369679,0.5240409208385104,0.25464651711299635,0.06577046951937449,-0.14650826349456877,0.056883506013696905,-0.09858689883421662,0.6146914623293067,0.14050689690578422,0.10877425304101161,-0.3308334427659644,0.09858689883421623,0.4894267675878626,0.6682899830668847,0.6513693719484467,0.5485602212817271,0.20061075324141553,0.48942676758786263,-0.2575688687595915,0.11247040228943378,-0.20826633596674435,-0.2978601755105936,-0.25575832717859776,-0.3339775977560855,-0.17914914511370664,-0.004618671148430641,-0.15292188892062708,0.05734876682775798,-0.16528636142701125,0.06209489910144351,-0.6748995029658091,-0.14897133950468827,-0.6078560758698982,-0.6057954507962718,-0.6586454921296178,-0.6059606773131901,-0.4040267518960688,-0.060362363960783004,-0.3530773878742288,-0.4759301793052857,-0.36930253696381365,-0.4972383990749325,0.31921248225610216,-0.02405787653530888,0.3638771301067837,-0.29395129846746504,0.21342510770293704,-0.3136999930186083,-0.2444132696477649,-0.1603804565939736,-0.2809856151159692,-0.2973364705986379,-0.13725793009548012,-0.30625562882909974
acc_x_min,0.7862976681909213,-0.5609106524806059,-0.0852086320786274,-0.6478928423588366,1.0,-0.6424799799177663,-0.1998399211719174,-0.3996010444501291,-0.4843633329104353,-0.5020787356488405,0.15181648682368123,-0.536280888410545,0.289967815470415,-0.5734000027542162,-0.4020822977557982,-0.6069890055973636,0.7097672488030878,-0.625829164374085,0.5160603529561646,-0.2769051416443115,0.24259401244683498,-0.4024343464644752,0.5977832942035272,-0.4005998143192363,-0.5726611061797954,-0.05503304782632579,-0.5673034281334988,-0.30673362634182033,-0.4517508540001869,-0.30388290489210745,-0.6830369884520514,-0.5320936685074724,-0.7432093436545791,-0.5443586236678218,-0.25582623846023733,-0.5007087886145591,-0.29926386639555336,-0.3934128365368535,-0.5336790433243163,-0.3167161871512394,-0.07887595661959537,-0.2992638663955529,-0.28714493408929714,-0.3334837004844582,-0.5446311443473058,-0.299080706154711,-0.07539658015270233,-0.287144934089298,0.43653797758404783,-0.5225147687474757,0.19858374519790717,0.4253319399335118,0.6189260869061484,0.43653797758404755,-0.3285183484056179,-0.5718605815098509,-0.5706596250086544,0.3164694129428577,-0.05858303902955878,0.32851834840561783,-0.21868096979866958,-0.2528300694527453,-0.2719081551271728,-0.23746376962148544,-0.13739954926773681,-0.21868096979866952,-0.11943993794281975,0.30417060154002107,-0.09336961398699835,0.37447922037012077,-0.22047304082938785,0.36964483185806174,0.19350511183059468,0.42119101466889414,0.350045205603286,0.09303604640012862,0.03057938439091678,0.0431891250997498,0.5652439477621075,0.38835242331145103,0.6336634765677851,0.5094768539736888,0.4683122282110729,0.482315569920808,0.363337824917416,0.4631428632937196,0.5023049918780518,0.5734599088532947,0.1668037040627819,0.5515839613886363,-0.4258292489186867,0.4494141513376021,-0.31475537088692335,0.44486968227275575,-0.4853960363989612,0.4232931388143096,0.214146979692132,0.5249774947010948,0.4251277163570411,0.49393979437434143,-0.038157757226989115,0.4680371859002867
acc_x_abs_sum,-0.22418251221552937,0.7157736172151622,0.3880752611111634,0.9820295211053132,-0.6424799799177663,1.0,-0.08194121546871298,0.5935337900073311,0.49557287995151006,0.7735954557690203,-0.32596384380770743,0.7958230231057207,-0.4164102477126165,0.6359042285433488,0.3441303630069205,0.69783964181626,-0.7733133280272046,0.798752317232125,-0.31275957269297017,0.545781820475548,0.07203104156938803,0.643561215192771,-0.5926784179242575,0.6192818677099922,0.3177953643412332,0.6063769478669809,0.6399912576541347,0.53052542732912,-0.03832901597564494,0.4915072992507565,0.3225951961787175,0.7907782902659093,0.6796038281392378,0.7258557428644132,-0.40758116848479714,0.6832189582283078,-0.15014973681202456,0.5816191890392055,0.05846001108666043,-0.13766511424638514,-0.34539759884761034,-0.15014973681202398,-0.2925721691294722,0.5813098230051186,-0.05346196980147732,-0.28483891503866854,-0.4423699472184003,-0.2925721691294732,0.04033138615314537,0.54891939028279,0.2535114303674862,0.04982219030975737,-0.16589025850658973,0.040331386153145396,-0.12792445392617757,0.652916495663048,0.1152288214941931,0.13892554570649304,-0.3788107711273295,0.12792445392617718,0.5012344224322646,0.7103990717117121,0.6823931083495494,0.5668969240751477,0.18607392523377894,0.5012344224322648,-0.28283327286108373,0.06193873327919015,-0.2478972587143122,-0.3337698554068256,-0.2626952326847557,-0.36687220828589545,-0.16034396815071364,-0.015029621869679969,-0.1430282956644478,0.03179131651716212,-0.1384084160505864,0.03713746209893653,-0.6825592143423918,-0.2005695110802457,-0.6297305717339291,-0.6076998723883591,-0.6404490012234576,-0.603987472932347,-0.403420300571409,-0.07782343357372586,-0.35979381339616867,-0.4707413731300987,-0.3564459014077318,-0.4904536154070461,0.30309495125960656,-0.03126773736161984,0.3363099432186882,-0.28776337821735104,0.2021296103931303,-0.30656996990265595,-0.2398614776032081,-0.16504280333045887,-0.2822127061340966,-0.2858518013261955,-0.13192552608312122,-0.2935009126843931
acc_y_mean,-0.3104540171120029,-0.18691689215572346,-0.32199945856815865,-0.10647689702968952,-0.1998399211719174,-0.08194121546871298,1.0,-0.10391409654421703,0.4917136257554245,-0.11164181100619154,0.5178477789144758,-0.11159902868837474,0.16667779775051658,-0.15217848264728895,-0.10172899585678125,-0.17699348919587377,0.13021047016995163,-0.1676827801508322,-0.485513933165853,-0.07739512727613117,-0.43953540590745815,-0.09902277979317269,-0.35132245231192205,-0.09307451990418393,-0.06269077818113387,0.008706578315184317,-0.029785945851071572,0.06919845687821094,-0.04982337719946282,0.08158336113337186,0.295704660952786,-0.13342773066756944,0.0897862057670623,0.014675254544254867,0.4632934741064318,0.004163385618861555,0.32508940981509576,0.034291638553184504,0.3735150042348161,0.3317096727589455,0.21497370703396865,0.3250894098150953,0.24233669850173117,-0.0486623701921892,0.26075434378473866,0.24429513211866175,0.17812296249805623,0.24233669850173178,-0.42796762956351564,0.09648913606314106,-0.32847436564536214,-0.42231475618868164,-0.4086514592520641,-0.4279676295635154,0.09928389372241912,0.08726824982151823,0.12902942702450573,-0.0995276037267267,0.04266179394820291,-0.09928389372241932,-0.19826549499011117,-0.1138480672816318,-0.15327856674267257,-0.18947429488063447,-0.18110190825316486,-0.19826549499011123,0.10253479895776234,-0.31277856443662955,0.03485424824340267,-0.08257359987831632,0.1959956103342618,-0.05583441368691446,-0.09692478170224166,-0.10175530404317469,-0.1522522884580099,0.05869701049146756,-0.06658327065594276,0.0672485487089229,-0.006422378032896572,-0.15659443289384278,-0.09001574239452358,0.025048565078262156,0.034262411322729294,0.03872453909127598,-0.007860494154463223,-0.004184840650392561,-0.020902611511024544,0.009797781921018324,-0.013653348949266026,0.01299775748690362,0.03857470162743879,-0.15208762529624587,-0.016896659281820704,-0.05578328203871065,0.10279198369095752,-0.042548800238153855,-0.1236892296239487,-0.07553180397231943,-0.15840994928534127,-0.07398708696426208,-0.0990167644328629,-0.06784361323921691
acc_y_std,0.01563695259487701,0.6817947039388869,0.5205914713763132,0.636839118142738,-0.3996010444501291,0.5935337900073311,-0.10391409654421703,1.0,0.7133110946753597,0.8911124117907715,-0.797818732102049,0.7575763638480765,-0.07441229938449265,0.5648920124777618,0.39977138817639024,0.5745098662744724,-0.4649493613921043,0.5978205257877722,0.022027358128508243,0.5049450997550127,0.31190772127174654,0.463705610400692,-0.3104464920584668,0.4435005589795037,0.2453370825066419,0.37250678112464847,0.4091914135949606,0.2131276778430534,-0.03459064748595876,0.18847723192440974,0.23492055229741376,0.5280189703387793,0.4803859454444486,0.4574511082919559,-0.30638402055392716,0.44066215388126945,-0.27714011158475566,0.44236360904908256,-0.09489897654517969,-0.26549489491764033,-0.35667397431782905,-0.2771401115847563,-0.2129599531238369,0.42460006889239954,0.02009899702664323,-0.2059883539983264,-0.28180385247901213,-0.21295995312383867,3.8612398675791906e-05,0.426971915931438,0.13212862061985897,0.007973568233682275,-0.2009700230237234,3.8612398675739546e-05,-0.2534316840209714,0.27035329543955156,-0.12256649305269447,0.25648798397935946,-0.30111486370534285,0.2534316840209722,0.5284193377362291,0.46966148642065914,0.5362780685133359,0.5393349535939005,0.4010969435128945,0.5284193377362283,-0.13100781888522986,0.07154454606716545,-0.10837707191259999,-0.3107519185024769,-0.14077670742000645,-0.33994116323438645,-0.22273866808348994,-0.09392025874380248,-0.21752522011617373,0.06157379915105639,-0.2069674777044016,0.07761942691702678,-0.6260442717677248,-0.19309612990341762,-0.5853546835730643,-0.6123800706357414,-0.5918940620608893,-0.6057398769715864,-0.35575290252105735,-0.1031185109429346,-0.318956933416405,-0.4520758579490262,-0.358923561471402,-0.4712895963753125,0.35807707255760163,-0.16035452268989436,0.35188738929258156,-0.34515203896017155,0.30084670236726313,-0.35261725631600216,-0.22929265136306104,-0.19268117097219153,-0.2898220442810046,-0.321510278962523,-0.14775749062621268,-0.3316098054054987
acc_y_max,-0.12482068763770986,0.5171494676505339,0.3103246516967045,0.5238064604248484,-0.4843633329104353,0.49557287995151006,0.4917136257554245,0.7133110946753597,1.0,0.6156401599207555,-0.23911363929349075,0.4933666289460962,0.008766597290442952,0.44191569523450946,0.34603052967459824,0.4414949131996334,-0.38397436418748554,0.4482443285923072,-0.32413886929520863,0.2472915089141943,-0.13158706388631825,0.23980740513102028,-0.4529279147932758,0.23006981027940118,0.20680386038457516,0.41983210041902386,0.4130853255950044,0.30677976272289925,-0.07812597391191604,0.28750151464234164,0.2657658522892286,0.39092883033542725,0.4305962734688178,0.3316197330686321,-0.08948443525381623,0.3021389197846271,0.05578075708126282,0.2942942466619918,0.20630516864463466,0.0659757298631601,-0.06062029543982634,0.05578075708126243,-0.07466336256170063,0.26065417273179464,0.08419183705808694,-0.06916263252658421,-0.13130591315312667,-0.07466336256170095,-0.23379835929224227,0.2915481568867003,-0.11373057388119366,-0.22754461998477588,-0.3408179347210207,-0.2337983592922423,-0.06789380972154634,0.2398232976082291,0.042441546225179615,0.07001849337482795,-0.13977675897633224,0.06789380972154667,0.292898050867621,0.29919546939752717,0.3239199086466136,0.30752468095072366,0.20445330365575054,0.2928980508676209,-0.006967936749156328,-0.04889918017585522,-0.0016045510499849175,-0.2727990280895203,0.012132615349020085,-0.28880862533525087,-0.3066458057015908,-0.14120565867980664,-0.3282411084835498,0.18522607890253792,-0.27469380788276104,0.20607919644624886,-0.5015238848135821,-0.2269926335255934,-0.5023774602125658,-0.48013597039926853,-0.45302455848668155,-0.4666928180299352,-0.32634109508741815,-0.06704849263771821,-0.2906606555202707,-0.35071029826079664,-0.3340752932214813,-0.3658827249981069,0.335449552388679,-0.24164145200860973,0.2892774255208908,-0.33180194377016337,0.3199547655347957,-0.3287632860911911,-0.3024640259947414,-0.1858778784747543,-0.36910650975147347,-0.2818730728199581,-0.23582705707316795,-0.29101712729853757
acc_y_rms,-0.10378243555365155,0.6232397241911336,0.3712299257682346,0.774948552865162,-0.5020787356488405,0.7735954557690203,-0.11164181100619154,0.8911124117907715,0.6156401599207555,1.0,-0.669464238976729,0.96076277977725,-0.3153559183229321,0.5527749999163614,0.28389116496477845,0.5940413859658188,-0.5886491475590409,0.6817948596976241,-0.035793192472501345,0.5852024451689649,0.3264909020200223,0.6610040190855033,-0.38914691954202224,0.6446210766038474,0.30446867065571104,0.40381417551022175,0.4981912209529405,0.2617080058055077,0.018302487567248584,0.2335102120932518,0.36389748470606414,0.7387726961873599,0.6756685127011272,0.6673565777751862,-0.31976490467982394,0.6375160184621903,-0.3366386741146213,0.6166633979699936,-0.11179368724905032,-0.32204611606310957,-0.4829287233509087,-0.3366386741146218,-0.23236629612506907,0.5196091612373875,0.021680052161828067,-0.225134269011435,-0.3506161936930352,-0.2323662961250713,-0.008496921360377163,0.5689243368540791,0.20050553262733184,0.002913013495144853,-0.24064016856758766,-0.008496921360377224,-0.28537246559114826,0.4770044014492924,-0.09736739980015245,0.29206530468983877,-0.4284388725143973,0.2853724655911491,0.6138707552943531,0.6755008932094732,0.7024784683058746,0.6521616113222661,0.36037592188007905,0.6138707552943531,-0.168643706399189,0.013080815677843385,-0.16643290395315047,-0.3787441110757582,-0.16547456332840835,-0.4058415193342203,-0.18796343098558754,-0.15576643006021193,-0.21028096810371388,-0.033310008649163024,-0.12632767419334348,-0.012764804360643868,-0.7048012330258919,-0.29634696933608257,-0.6859508911618076,-0.665197429619578,-0.6327783775911741,-0.6520447939080138,-0.3907647464772112,-0.17169737347575054,-0.3835107685038451,-0.5127290060712689,-0.33927054698592013,-0.5273270802380889,0.38620335971110825,-0.17748227418513132,0.3690569164379078,-0.3803757940529835,0.31780013836404064,-0.3877822509348357,-0.23333985146180047,-0.24070923547463624,-0.31274675648227823,-0.36326656864173473,-0.1132745622207175,-0.37021398947247325
acc_y_min,-0.08843631710333974,-0.49788094184891646,-0.487213453242151,-0.3787395755070408,0.15181648682368123,-0.32596384380770743,0.5178477789144758,-0.797818732102049,-0.23911363929349075,-0.669464238976729,1.0,-0.5258691324323848,-0.04101155957931786,-0.4253082660613594,-0.35090699837093015,-0.42206852623250185,0.2545779068020156,-0.3917813824902287,-0.20742729951832686,-0.4019137954658268,-0.4027482398468889,-0.33951292781408043,0.07676248330445838,-0.3226368791188015,-0.14120228128861845,-0.11364404649993648,-0.17287683804958673,0.030022524454389205,-0.012853039935178627,0.04761178990838029,0.021368780661617764,-0.24150314619708313,-0.15793318757010716,-0.14279741530671566,0.28686072867578805,-0.13812767938142329,0.2239051903388934,-0.14809023484445147,0.17249651140694455,0.22060491192790838,0.21044277169691503,0.22390519033889425,0.05691047749419764,-0.1536989443058994,-0.05513446436576192,0.05408277859952914,0.0702371941773183,0.05691047749419908,-0.02589404954550551,-0.14453522514301867,-0.05071072582381562,-0.02711613991275745,0.07143996603297975,-0.025894049545505563,0.1127950372673124,-0.011322999770226107,0.09822140329222005,-0.11319767024563047,0.08846192658330168,-0.11279503726731353,-0.267448122161342,-0.21181958726386432,-0.2505719005022896,-0.2672995037350204,-0.21466366027415487,-0.2674481221613419,0.10067550911538523,-0.15839454540521083,0.0551163992384746,0.16981961084290698,0.135704514627531,0.19792795177962677,0.09878462223903921,0.04991262696029563,0.08753490212440458,0.0012813624346280283,0.10776560286319121,-0.009294877850741326,0.413820218497655,0.07213179054476021,0.3598070156071506,0.4422633522337614,0.4084078719923467,0.4416962790895038,0.2065654443484229,0.08566494318513355,0.1811903488087065,0.31325049942964955,0.22735856245867686,0.3247359435975888,-0.2323242894142772,0.07749273152434091,-0.24409597969070077,0.22054948629775145,-0.18669684815384996,0.22768138345459998,0.08620646687896524,0.1281565587667944,0.12645041719932582,0.21328163690159915,0.044314066175766255,0.2179329919390566
acc_y_abs_sum,-0.17781853562705718,0.5646650170088737,0.27380816263496544,0.7772848080136798,-0.536280888410545,0.7958230231057207,-0.11159902868837474,0.7575763638480765,0.4933666289460962,0.96076277977725,-0.5258691324323848,1.0,-0.41151205370016136,0.5432078130437281,0.24133792597896803,0.5946535552614975,-0.6400242189308748,0.7115806579027828,-0.02514352808834738,0.5961166082262648,0.35068357798037664,0.7176390309078017,-0.38267798139823256,0.702683404685264,0.3119971753276103,0.34579988237666615,0.4849884959079454,0.24891722982800532,0.0693935361098765,0.22330291290419815,0.4437898037910389,0.7964709257080959,0.751011100326117,0.74887277100857,-0.27997918211583894,0.7178836867241697,-0.3645960481603405,0.6930487865250468,-0.11327138593509781,-0.3478724036260678,-0.5345365199217779,-0.3645960481603412,-0.22341739924042642,0.5614200240983844,0.04596125498608856,-0.21579303927462085,-0.36816727041820474,-0.2234173992404291,-0.009515712578654452,0.6432493200594054,0.23464456754386703,0.0038876415545115164,-0.2640400410492766,-0.009515712578654531,-0.2903441037770748,0.5600451798472293,-0.07265141328220813,0.2983958226034286,-0.467899177517088,0.29034410377707576,0.6438602481394804,0.7271685642945939,0.7478864518463492,0.6873171393112036,0.35913153319182556,0.6438602481394804,-0.17212966872335356,-0.01721241337488386,-0.178355882402998,-0.391264457273446,-0.16041543146929885,-0.4157112606678034,-0.14193480589933669,-0.19195606799070355,-0.18504108286982987,-0.11213003094905839,-0.050286716053622935,-0.08929308700072892,-0.6932127269974345,-0.3198974960868973,-0.6849887963053911,-0.6378319336753807,-0.60870769034729,-0.6225500409075939,-0.37558179537446085,-0.21501053997185973,-0.39194659651741587,-0.5169154033792857,-0.28189078906154225,-0.52669031045267,0.3686911662298591,-0.18177418658685363,0.3456758834330823,-0.36629425263705606,0.30708417658432047,-0.37186571661660084,-0.20690881318848883,-0.2701353593283835,-0.29920838261104205,-0.37265356203591965,-0.06154695040383664,-0.37459363538240925
acc_z_mean,0.2265012475631554,0.004049609425421147,0.284691528639047,-0.31512943873113897,0.289967815470415,-0.4164102477126165,0.16667779775051658,-0.07441229938449265,0.008766597290442952,-0.3153559183229321,-0.04101155957931786,-0.41151205370016136,1.0,0.14652373599587093,0.4261791080764935,0.020216959450000724,0.2100616422253784,-0.15957447050989157,-0.04987064710463667,-0.12693184807422753,-0.12183254519063802,-0.4939400396281473,0.044430245502337255,-0.5149344814180759,-0.5435827525766453,-0.2677845680714207,-0.6248073004929693,-0.3544295835673664,-0.32400359349138125,-0.34402383098051553,-0.3966818709363922,-0.6601129192467788,-0.6334946833479836,-0.46717450546035266,0.14005374209099394,-0.42757441691961284,0.22194823213873666,-0.34190826499408905,0.08319395658419747,0.21618192957999402,0.28095096265338265,0.22194823213873632,0.2441505032489801,-0.34365244370060005,0.08914227510332214,0.23889748496958324,0.2904880395400521,0.2441505032489806,-0.08376826122171069,-0.32605210625641773,-0.18651100693775308,-0.08854151097521394,0.0638672784631833,-0.08376826122171076,0.20996063630262568,-0.3466072725902392,0.07718177406908548,-0.2170578881522713,0.320631918805767,-0.20996063630262551,-0.5489842092268915,-0.4235872770148994,-0.5163633962252124,-0.5481361292302875,-0.4619518404876516,-0.5489842092268907,0.010989593216177217,0.4412841540274969,0.1585013318358308,0.4566278407632759,-0.08466240687925876,0.4355756147052215,0.1575693292927181,0.3342756789490127,0.2551111010818121,0.10216647805957707,0.0014126378773959072,0.062441333553228236,0.44939891382623665,0.5215347053095023,0.5420785047909645,0.39929917344713645,0.24602461892121816,0.3652197212318729,0.3463231779301093,0.3609427124792784,0.4558164551677462,0.4047499431716058,0.14824286923660626,0.3916961150898989,-0.3097398013110015,0.33817709651468375,-0.17418456236380803,0.3497175150181801,-0.3294418665957616,0.33560981825304237,0.19180398034755503,0.34949364534568267,0.33297514759452257,0.2993088539270377,0.007992580371937532,0.29126700344887047
acc_z_std,-0.15508810322399294,0.8751869460025214,0.7610100149094247,0.7348008293849788,-0.5734000027542162,0.6359042285433488,-0.15217848264728895,0.5648920124777618,0.44191569523450946,0.5527749999163614,-0.4253082660613594,0.5432078130437281,0.14652373599587093,1.0,0.9189038508915137,0.983409589496829,-0.8794196043613401,0.9223324434450288,-0.12135033853721608,0.40594884005021087,0.1310727663299055,0.32033317481443413,-0.36858185848657327,0.28583208507811175,0.11618835479556874,0.1827214187131478,0.23340848201513084,0.05152415951910358,0.005788063709409821,0.020636454631061913,0.10955138711166726,0.38168583389032446,0.35145502619530117,0.311613710568016,-0.2639726550136062,0.28566001200430546,0.11396545582275726,0.22869817881212373,0.24775923263048116,0.12334655784493632,0.010220144297018369,0.11396545582275747,0.03377184935215251,0.20089376317210658,0.17174935319216608,0.03736363445679824,-0.042494108061777884,0.03377184935215223,-0.13540525615770524,0.2765255998737813,-0.02518313168066532,-0.13086898943704123,-0.2526106359942957,-0.13540525615770527,0.22851406089320686,0.25083094092853425,0.3475615456209795,-0.22473004002767144,0.1117072999218082,-0.22851406089320686,0.16746734017881465,0.22612234000042236,0.2261474966717406,0.1879163244693281,0.07754353105520233,0.16746734017881448,-0.019422861967615144,0.284296779437587,0.09933555445499895,-0.08615078048847571,-0.07869172941966492,-0.12974671282000547,-0.12288017802559903,-0.08508940121188927,-0.14272729348653693,0.009390403517189472,-0.09908438916121386,0.023119966969321816,-0.4169881262470432,0.0530150997298206,-0.3273708784086618,-0.3927013695296751,-0.4752744930747204,-0.39811042103044775,-0.25030115041104634,-0.12640430850413525,-0.2404392666025465,-0.3799027806499176,-0.19979167753251778,-0.38829084364194233,0.27110396608936377,-0.08893110508781142,0.3083800520849475,-0.23359993199879722,0.22028235485502834,-0.2390173971375073,-0.11916711689972044,-0.196010976112986,-0.18755351818275706,-0.28654257582599046,-0.015121552722019921,-0.2857381627610233
acc_z_max,-0.0811437149582402,0.7616310884760885,0.7831854691194546,0.4712991388264519,-0.4020822977557982,0.3441303630069205,-0.10172899585678125,0.39977138817639024,0.34603052967459824,0.28389116496477845,-0.35090699837093015,0.24133792597896803,0.4261791080764935,0.9189038508915137,1.0,0.8642772880074923,-0.6807281072885051,0.7257497399628358,-0.09247686570288025,0.2074756480679096,0.029201985200226033,0.04579113075031546,-0.22872006075516535,0.013582321811805884,-0.023142004174396352,0.0070421263951610785,0.005420774269596183,-0.12623746288902166,-0.0312021709453236,-0.14827615050893422,-0.08602062367319767,0.041188164461872276,0.048891700498216936,-0.011408816696609154,-0.13695496946765087,-0.023140950780970067,0.2922838202580249,-0.057196673980295154,0.3316549716236235,0.2961688574134688,0.25531638888682284,0.29228382025802524,0.18098259225313004,-0.05917828379588183,0.21724995836140215,0.18142617123493904,0.16765170514733171,0.18098259225313032,-0.2020476194342273,0.010481826878359813,-0.19027534226005535,-0.20266062920918168,-0.21641938518500609,-0.20204761943422708,0.39297872849660137,-0.010678081627706743,0.41676137111239814,-0.3936074369256835,0.36135776110828094,-0.3929787284966019,-0.10150271558405066,-0.08045687696059799,-0.09262268374360258,-0.10109816460639673,-0.08001878603097282,-0.10150271558405055,0.09320637523386872,0.35830575617029947,0.23829565322056084,0.0674029373976404,0.008089746136121932,0.02458508089263587,-0.09763516074857437,-0.060282675960777285,-0.11173053302542824,0.047216229965818673,-0.09407372718564064,0.0577899944099856,-0.18724267754192872,0.17081102012514393,-0.09224555784109607,-0.1947324977548502,-0.27599891820299677,-0.20455228342057147,-0.11619012940499247,-0.07216567096128033,-0.10141461146630383,-0.2125777159757722,-0.09904016728461863,-0.21727446657088254,0.18388242865921178,-0.07426682423778581,0.21684946795909343,-0.14328615020742427,0.15869064858336676,-0.1439513869627958,-0.05956138488723462,-0.1337102851913575,-0.10754576445842137,-0.1942132277189958,0.0006656957901047112,-0.19229185006729224
acc_z_rms,-0.16709419932646608,0.8874142298937295,0.7364133150465464,0.7882126581189474,-0.6069890055973636,0.69783964181626,-0.17699348919587377,0.5745098662744724,0.4414949131996334,0.5940413859658188,-0.42206852623250185,0.5946535552614975,0.020216959450000724,0.983409589496829,0.8642772880074923,1.0,-0.9078549572241444,0.9647465953294936,-0.10462839730008607,0.4259597977231089,0.15803503050175455,0.3989642401722545,-0.368969456590524,0.3686665017440195,0.16755917400748932,0.24555694621829974,0.308516415934774,0.1379709707853495,0.011150626865673186,0.1047292921747989,0.1508825857258294,0.4734492297491296,0.42979756921183726,0.3754195936257524,-0.3057890534243357,0.3445431413651155,0.07912707273914941,0.2601757874965101,0.22618915452004096,0.08847884137307922,-0.026430413865194992,0.07912707273914941,-0.02619319982757711,0.2660808976604231,0.13809813274219468,-0.021990800195936164,-0.10897875245615052,-0.02619319982757748,-0.10847384326160454,0.31314335786144193,0.012369214650011884,-0.10367901342385248,-0.24420406005389556,-0.10847384326160468,0.186942519084008,0.2978133158804534,0.3258940432913255,-0.1822157553555006,0.055860105484718967,-0.186942519084008,0.2452899803089103,0.2742219764885758,0.29536232353071046,0.2640177624652794,0.1584829343192017,0.24528998030891017,-0.06014129212460771,0.23794898465565414,0.04010255341539279,-0.1382952050634719,-0.10588186048155947,-0.1792415577731767,-0.12302396185681692,-0.09240033960050027,-0.14932449095457093,-0.0016129679723897719,-0.09538678198425761,0.012039599817275893,-0.4810284896191209,0.0028088693185283264,-0.40376880236707147,-0.4470795542393848,-0.5299085885322271,-0.44995803221618746,-0.2771338286262519,-0.14006422132994584,-0.2768949335587728,-0.4162032272723157,-0.22360038997256984,-0.42523701955247667,0.2879122293393216,-0.10749793870185505,0.3239584969876016,-0.25314893458607507,0.243443403665321,-0.25739392239967107,-0.1309511332750102,-0.2052537132960279,-0.20784821345753826,-0.30912673992502815,-0.022146362739174322,-0.30868157939504065
acc_z_min,0.28130398760634573,-0.799989475574205,-0.5615089480172608,-0.8345858663104765,0.7097672488030878,-0.7733133280272046,0.13021047016995163,-0.4649493613921043,-0.38397436418748554,-0.5886491475590409,0.2545779068020156,-0.6400242189308748,0.2100616422253784,-0.8794196043613401,-0.6807281072885051,-0.9078549572241444,1.0,-0.9129968049707265,0.18115276963899285,-0.4427492104611278,-0.12103489396453929,-0.493986515349081,0.42278997829055237,-0.471289110998408,-0.2878319082105555,-0.24355461279653465,-0.43040743885903726,-0.19037459949759275,-0.14263734846615633,-0.16207593541427112,-0.3058916912603117,-0.6020327388419225,-0.5796101906719672,-0.5309210241064601,0.2578253192079942,-0.49273123586684625,-0.04818748835371152,-0.41154797332539766,-0.24614163130427694,-0.06142523907123463,0.11319889967963026,-0.04818748835371184,0.04711208933821918,-0.3625327494112023,-0.14887539974425526,0.04098163148581045,0.1698555065720433,0.04711208933821942,0.08626619990134053,-0.44743319554969035,-0.09038444648553111,0.07822890315062563,0.2627342987783606,0.0862661999013406,-0.16388024395878564,-0.4632553205918542,-0.3584157848609552,0.1558253651894559,0.03593609766033529,0.1638802439587858,-0.33201970367646655,-0.4182373745051432,-0.42425757324710334,-0.3658175382308287,-0.17415485072572928,-0.33201970367646655,0.008675166593265005,-0.11543770320199298,-0.05222195743411133,0.1884425691544411,0.03365387913586569,0.2184649095640158,0.1720061013647649,0.1786226584072119,0.21450752653011,0.01771559254546217,0.0860895137720763,-0.0055015816602619495,0.5214443110005335,0.0966835620959418,0.4664812159185112,0.46982518619165237,0.5244034288251905,0.4675633778035412,0.35803225463098665,0.2297339717760097,0.38429965998709326,0.49760438866053797,0.2312866487314838,0.4996690232659185,-0.36040946972686816,0.15285442180980754,-0.36609997403147493,0.32990483842281565,-0.3005655731002984,0.33488781936684703,0.181515145426771,0.2976685954704827,0.28023790757585293,0.3687133263372396,0.0022833896018437127,0.3642594658930057
acc_z_abs_sum,-0.17015022324020543,0.868411300746811,0.6587714727175852,0.8578738666897269,-0.625829164374085,0.798752317232125,-0.1676827801508322,0.5978205257877722,0.4482443285923072,0.6817948596976241,-0.3917813824902287,0.7115806579027828,-0.15957447050989157,0.9223324434450288,0.7257497399628358,0.9647465953294936,-0.9129968049707265,1.0,-0.0955588887520752,0.5067969761966973,0.22175816930668346,0.5365909574336923,-0.4023887543469685,0.5077093514512536,0.20907914387841614,0.33247137888731926,0.39983859637277164,0.2396094299257661,0.008014045947918377,0.2030874536047641,0.24220353656705354,0.6330896448082295,0.5664031819583668,0.5332859569533723,-0.3647634152358792,0.4967175152397341,-0.055637407692772506,0.4002262559167213,0.12937888297652908,-0.04445051466480516,-0.18461571514599484,-0.05563740769277235,-0.14132002777787628,0.4116228793436991,0.07368132482609908,-0.13578620348935216,-0.25051135125914326,-0.14132002777787747,-0.036584280187297834,0.4426925928648515,0.13007838632544957,-0.02932512553740867,-0.22355010613956774,-0.03658428018729789,0.04098569778610047,0.4144365045585783,0.22268184260814194,-0.034788051642809015,-0.11917422347078906,-0.04098569778610061,0.3895438947053782,0.4177455504271869,0.45731541104140677,0.4154106783140878,0.26275170888991006,0.3895438947053778,-0.1590950019059535,0.17289417770651583,-0.08018489122822496,-0.22387892250199526,-0.1763368424197957,-0.26188588278807656,-0.09791726784675439,-0.06721318297255771,-0.11925089425361923,-0.03677918531419131,-0.07001099118293495,-0.027092843022705492,-0.571378374892291,-0.05082624347336072,-0.4982405854415722,-0.5159388534675952,-0.6015044345994264,-0.5180523135082505,-0.31729023890995645,-0.14015215526007171,-0.31569071625768125,-0.4632730048843241,-0.2546915076593926,-0.4748213698395665,0.2845037424725211,-0.07302520895382156,0.33293765255438307,-0.25501082150756876,0.22807808545098418,-0.2636597493330146,-0.1341366262729243,-0.2011630114101871,-0.20686082940650174,-0.3118570039860191,-0.015376489841202705,-0.3122488832959263
