,acc_x_mean,acc_x_std,acc_x_max,acc_x_rms,acc_x_min,acc_x_abs_sum,acc_y_mean,acc_y_std,acc_y_max,acc_y_rms,acc_y_min,acc_y_abs_sum,acc_z_mean,acc_z_std,acc_z_max,acc_z_rms,acc_z_min,acc_z_abs_sum,gyro_x_mean,gyro_x_std,gyro_x_max,gyro_x_rms,gyro_x_min,gyro_x_abs_sum,gyro_y_mean,gyro_y_std,gyro_y_max,gyro_y_rms,gyro_y_min,gyro_y_abs_sum,gyro_z_mean,gyro_z_std,gyro_z_max,gyro_z_rms,gyro_z_min,gyro_z_abs_sum,quat_w_mean,quat_w_std,quat_w_max,quat_w_rms,quat_w_min,quat_w_abs_sum,quat_x_mean,quat_x_std,quat_x_max,quat_x_rms,quat_x_min,quat_x_abs_sum,quat_y_mean,quat_y_std,quat_y_max,quat_y_rms,quat_y_min,quat_y_abs_sum,quat_z_mean,quat_z_std,quat_z_max,quat_z_rms,quat_z_min,quat_z_abs_sum,encoder_angle_mean,encoder_angle_std,encoder_angle_max,encoder_angle_rms,encoder_angle_min,encoder_angle_abs_sum,grf_x_mean,grf_x_std,grf_x_max,grf_x_rms,grf_x_min,grf_x_abs_sum,grf_y_mean,grf_y_std,grf_y_max,grf_y_rms,grf_y_min,grf_y_abs_sum,grf_z_mean,grf_z_std,grf_z_max,grf_z_rms,grf_z_min,grf_z_abs_sum,grt_x_mean,grt_x_std,grt_x_max,grt_x_rms,grt_x_min,grt_x_abs_sum,grt_y_mean,grt_y_std,grt_y_max,grt_y_rms,grt_y_min,grt_y_abs_sum,grt_z_mean,grt_z_std,grt_z_max,grt_z_rms,grt_z_min,grt_z_abs_sum
acc_x_mean,1.0,0.21638068049990253,0.7307475368440591,0.2614464058325171,0.3329988054881568,0.27627065098709647,0.9174705445555179,0.2618233627176662,0.764659067986177,0.3255771397662,0.4458894828309163,0.29695207308266247,-0.3971993767918976,0.22966679304365936,0.11978198211330719,0.23521634809202396,-0.21853101822349444,0.35489942191707213,-0.5012153105473154,0.36684595550210947,-0.016193754570783717,0.3557662563159259,-0.5514248110710457,0.2856733825846216,0.19936094314571498,0.13347252921123218,0.2521163525049108,0.22559114442853992,0.10833057217043292,0.23512265346948322,0.3908214552079438,0.46855562428109737,0.45442764850581613,0.46774363386830053,0.30971874114736436,0.4098032852783953,-0.35832181151337794,0.42693407622631574,-0.16791108723014617,-0.28790972739055415,-0.44172630975441995,-0.3235606027965944,0.13039810480868047,0.16469654504080775,0.12312418524639851,-0.13001696740162402,0.08431942898379698,-0.13039810480868003,0.3684774449646045,0.33233782849610594,0.42154238319159526,-0.016415525744641255,0.20142862157841934,-0.04876165828881469,0.41390816730850266,-0.001355857500225735,0.41110158154752274,0.41479483603270284,0.2870539678213183,0.4139081673085022,-0.26561838181068653,0.385438671722943,-0.1045783508625459,-0.243520509784873,-0.34150766977024205,-0.26561838181068664,0.09252895572158049,-0.1825113419182325,0.10478653915545855,-0.10457508753303091,0.1714506654141082,-0.09410380358091372,0.17011881036199203,-0.2628714312859076,0.045507517195030885,-0.17773472023400136,0.2587241642473145,-0.17011881036199206,-0.10913692701127327,-0.2783087962615885,-0.19070748609458302,-0.04625062334382688,-0.04930637370506331,-0.03596721304993061,-0.06297649159365747,-0.13461328561655095,-0.08791516341745208,-0.0989156811717449,0.03277185283276947,-0.08645116764363445,-0.08471438395994381,0.0023239146790060587,-0.1398174359287615,-0.10152201958440722,-0.17372363294117157,-0.10246927639166027,-0.09967294969156629,-0.2635674247782445,-0.21044891842863334,-0.1531193595714204,0.003387690945475226,-0.13043515531655553
acc_x_std,0.21638068049990253,1.0,0.7003133123101286,0.9657364125448437,-0.7670028797939141,0.8947297357554529,0.3486905880650698,0.953199231549624,0.6510881991861173,0.871878062997421,-0.6431182782838433,0.8000838926297208,0.17470156209008392,0.9280430229048635,0.8711551676217639,0.9313275375634951,-0.8602597795416894,0.9129217680543733,-0.41878598090463326,0.6388544533909987,0.24277798544562487,0.541766977557445,-0.6407892459932059,0.503793960238202,0.3795932495255968,0.5277020525615143,0.6360398980365499,0.5971009026677048,-0.2649477340208892,0.5813979439307865,0.4697561536914793,0.5832135658022856,0.5819196369846937,0.3895721585777403,0.21650567779249544,0.3177746717314594,-0.3111426498454973,0.31047437251861915,-0.18970857728932145,-0.26183838127588,-0.3987243931406744,-0.29049569788379215,0.48048684551025544,0.38497874979681707,0.5385756504812439,-0.48000772912879275,0.3953714127203448,-0.4804868455102571,0.32893602868188704,0.27734917508190743,0.4120403842882895,0.3629642864210154,0.21623758281877764,0.3292776689588966,0.28790593204053183,0.10201033527837206,0.358416912193633,0.2900880201099495,0.2003510484066174,0.28790593204053067,-0.20023072371762857,0.26486244373106527,-0.10395572756398513,-0.18280304933442415,-0.2731373254616269,-0.20023072371762834,0.41040548403926486,-0.19932785115431909,0.4167255493556846,-0.6187237121769975,0.43660854180428543,-0.6189398031613541,0.3637421090082984,0.11660101773513555,0.4090285348755964,-0.35511365825089103,0.2303010795336032,-0.3637421090082981,-0.6858726696696491,-0.14507254343316112,-0.6478347764690888,-0.6755803278385036,-0.6656399704163151,-0.6672640718651012,-0.266723676240603,0.17757020743003007,0.12296633179939642,-0.17765037928082328,-0.6646443595369665,-0.2604070330792019,0.30318542728316406,-0.10941652946883099,0.1859820880218704,-0.3805270988121964,0.2674068369996021,-0.40450549078147413,-0.5292888107718978,-0.2821607545336102,-0.4961131336566603,-0.47430735282361997,-0.5051090694989848,-0.48047373385127434
acc_x_max,0.7307475368440591,0.7003133123101286,1.0,0.7451903056292243,-0.12250732403185967,0.7284705256126752,0.7211116295764601,0.7195437832559147,0.9564120213760919,0.7316672379334299,0.019410585245814408,0.648197873001523,-0.17527527479508118,0.676185569911428,0.5219165156923157,0.6745695041957549,-0.6655297435547255,0.7697240366656595,-0.6397220262023606,0.7057054531765609,0.1879557858942761,0.6555547355643152,-0.8129716075459726,0.5825758994807444,0.31478023266988714,0.3745608267849419,0.5219754383356333,0.45372436826534673,-0.07601384952621583,0.4462590413038534,0.6035003560198297,0.7447762227727889,0.7283334671354167,0.6400184652356719,0.360933519115685,0.5563770946978319,-0.3514394662221006,0.5520182976167932,-0.1363491403382093,-0.2819533502897072,-0.47971913313464615,-0.32734074723144246,0.35129168797751814,0.3688593814144519,0.39724769033367513,-0.3506187263406413,0.2599390988486325,-0.35129168797751886,0.37864613732774716,0.47750763990828776,0.48725939333322954,0.1838949973928722,0.18242664370161218,0.1360764818366837,0.38728918006085666,0.13448005569885957,0.44968508086178566,0.3897128953297421,0.2389974455061875,0.38728918006085555,-0.23087064012539577,0.49376771584703477,-0.05154624711126253,-0.20314545906674816,-0.3369722964240569,-0.23087064012539538,0.31113256710771847,-0.23555234009445516,0.3191387967694976,-0.47173104236684543,0.37106933421128635,-0.46703770427674995,0.36367201914818,-0.1620718955256655,0.3151618789725657,-0.36573869263628617,0.37550953199139103,-0.36367201914818026,-0.5214031709317208,-0.31142514358365175,-0.5649917452265082,-0.4710786699046903,-0.4657177694029145,-0.458668926154446,-0.22299751374563162,-0.09425232565214506,-0.04050810921343237,-0.2501678404843726,-0.21481712063329986,-0.2654692992485144,0.17213427348213226,-0.03172019874966717,0.06734557499049494,-0.2627615546297012,0.06331795265212273,-0.2823611928856906,-0.38527398904602883,-0.35856048285078795,-0.4420061144806701,-0.41688631263007303,-0.275853498667862,-0.4064462753286632
acc_x_rms,0.2614464058325171,0.9657364125448437,0.7451903056292243,1.0,-0.6668781327557549,0.9717290759990612,0.3752474724153617,0.9491611310231531,0.7095718733483538,0.9490084599771069,-0.5475814216961629,0.8942618208900802,0.04000767711526885,0.9048918961355039,0.8018144592509489,0.911615874712124,-0.8866567517541257,0.943876818598401,-0.4800590497740129,0.6612047125868253,0.20953392239935503,0.5924739367592918,-0.7027213033142926,0.5493016719051854,0.34946552950496473,0.5557607203022159,0.6319104802774315,0.5884133645288178,-0.3047858611861197,0.5717353803940008,0.5666127598604441,0.71670397420388,0.6947476898003293,0.47955744601245515,0.2489096026202897,0.39190271438029,-0.26512674484214926,0.37271823430042433,-0.1260999328142113,-0.20413173489093708,-0.36322887977317664,-0.23664090974587146,0.5540573744241761,0.4131180890690835,0.593735219466299,-0.5535500709560763,0.4486861758621522,-0.5540573744241772,0.2863126830129974,0.3356047106912598,0.37854460365455805,0.40163032854298497,0.15910354925418124,0.3612024179844507,0.2432343467884758,0.14577341767155777,0.3264431893387888,0.24559644437963052,0.14894968110795753,0.2432343467884747,-0.1463778904630172,0.3229437235056345,-0.03769180060703152,-0.12641141808399284,-0.2245316867047992,-0.14637789046301686,0.41656613970334655,-0.21533186182070868,0.41661110038410437,-0.6491520934573645,0.44236801107240337,-0.650022809463945,0.44983551851926906,0.026583951065229976,0.46757856305790385,-0.44404648948469283,0.3396802947409541,-0.4498355185192691,-0.7655493991487003,-0.2589133813885292,-0.7509349252639851,-0.736424241839022,-0.7168330054088123,-0.7238724055955708,-0.33855461087047745,0.04675047643967352,-0.004362477257893968,-0.2962974249343128,-0.5841855372033185,-0.3651713903623674,0.2835678442852192,-0.1484440889049934,0.14154854846746417,-0.4356309314098283,0.2638221163187582,-0.45848654631907193,-0.5391790057881518,-0.3361466646567397,-0.5190037854838829,-0.5130667484456639,-0.46812220999701054,-0.5160437552427175
acc_x_min,0.3329988054881568,-0.7670028797939141,-0.12250732403185967,-0.6668781327557549,1.0,-0.5521880200421793,0.11991401313351344,-0.6643132914352933,-0.07311443083427237,-0.5249247534124395,0.9024040257694609,-0.48602821092157533,-0.4713688094366805,-0.7141005148647526,-0.7864728662781203,-0.7139603741255474,0.6129098370402125,-0.576865008006496,-0.0018467446239306266,-0.28568169812265437,-0.20681658410709422,-0.14795847657538974,0.16207812915456057,-0.15961183437064358,-0.31557618796975195,-0.36881626380487537,-0.4357467888540572,-0.3977743523155629,0.24669724022302833,-0.3779552441362898,-0.03226266581091819,-0.09430505498268871,-0.09679911509304717,0.07865508733372009,0.09494232282201268,0.10522827385304451,0.1608707615057056,0.11313099413083379,0.19167084076005866,0.15999774836431882,0.15135475218453118,0.1570574235240124,-0.30265027232479635,-0.14627608942191375,-0.334973832847543,0.3026781533182692,-0.2834846435210058,0.3026502723247992,-0.1588054640736251,0.08580956156268651,-0.16456550248657567,-0.30315493749059025,-0.18316114670559866,-0.3033546395013139,-0.09728345718006344,0.05007626782357148,-0.11860016015125183,-0.09763412157818503,-0.11996941318871225,-0.09728345718006234,0.11805285627418984,0.11515325648078564,0.146700944278373,0.12003063736754503,0.11316734533405928,0.11805285627418954,-0.28698579182336753,0.04508312948299849,-0.29529591986551723,0.4174241254971935,-0.2648781137971634,0.4231585537694146,-0.09870663297225102,-0.3745451556119795,-0.2325394751377131,0.08310771469986115,0.10177715466264381,0.09870663297225069,0.4112825810132167,-0.12980912450527643,0.31547039065387394,0.4578006400360934,0.4500795178449434,0.4587312618450085,0.10914911538862704,-0.4219427313069189,-0.31306108959197126,-0.06309634578298007,0.7614662718344581,0.043413927476374445,-0.2946163715972465,0.06088103622819851,-0.25138340162749434,0.21900840712316533,-0.3001404735429756,0.23657121056434227,0.3830706926585446,0.03310603488567245,0.2777091383806167,0.26769141998776524,0.4826363515322449,0.2881930563093696
acc_x_abs_sum,0.27627065098709647,0.8947297357554529,0.7284705256126752,0.9717290759990612,-0.5521880200421793,1.0,0.37088562390117974,0.8935355375583104,0.711818943102288,0.952474630226614,-0.440636592588012,0.9232238968165646,-0.1128013383528208,0.8322617475864863,0.6884165928451109,0.8481494732265887,-0.8661761330863388,0.926496598068658,-0.5176682468398863,0.6573415616543123,0.16714711158789958,0.6056140532913252,-0.7283134891941925,0.5583486943382913,0.2876992963664544,0.5865239372316713,0.6178672642893632,0.5958098962636281,-0.3520032933975048,0.573327826932009,0.6414488452444992,0.7859477659989733,0.7612201951676593,0.5465908472791192,0.30139231583606885,0.45734887340196945,-0.20544990811751065,0.43032668151050146,-0.056002643186889835,-0.13728838409972458,-0.3198890214383171,-0.17171788406585037,0.590580097431343,0.4552090593033487,0.6286310056695537,-0.5899987034605493,0.4634423592925455,-0.5905800974313434,0.23078347013113826,0.39633855828792175,0.3393077990274648,0.4090852574545927,0.09330726806371387,0.36310095337767945,0.18854636762646046,0.21654228008141832,0.29479266776938023,0.19133738754726312,0.08485480710970834,0.18854636762645946,-0.08080029623209564,0.3715257715279857,0.03184262414879976,-0.05985295969485379,-0.1689825614406075,-0.08080029623209542,0.40332405508547503,-0.23082441597036893,0.39614654850857295,-0.6588213791877099,0.43274872214006543,-0.6592633668131019,0.5226253563006573,-0.05272167243659578,0.5118382634219899,-0.519061698015838,0.4301277488214093,-0.5226253563006572,-0.81819185612389,-0.3529415065491998,-0.8237138775939578,-0.7665177296698709,-0.7405298803122817,-0.7507999939347255,-0.4092227861003479,-0.09370087599522037,-0.14738660759405808,-0.412310912126785,-0.4864995798021371,-0.46382410874888946,0.25499866357592427,-0.1759150849495115,0.10409585327760927,-0.47544714479241956,0.2598539387186647,-0.4980844044391397,-0.5272969060908904,-0.3739863381981744,-0.5193697243273708,-0.5309880544252485,-0.413088308914139,-0.5310800852442034
acc_y_mean,0.9174705445555179,0.3486905880650698,0.7211116295764601,0.3752474724153617,0.11991401313351344,0.37088562390117974,1.0,0.35029723530774237,0.7784471040597898,0.4180147822985184,0.31742185658531114,0.4116547169720358,-0.29081972027548625,0.3746651362606079,0.27152366323809196,0.38856702110624675,-0.3543776055653727,0.4656941339703616,-0.5178913361855617,0.41763938831055797,-0.00999745341443559,0.358155174696093,-0.5873856937507449,0.29153451739168323,0.3749414250109282,0.22979816339711412,0.41090597387917066,0.35879311997048324,0.112994722671785,0.35273868941751657,0.2499725374491886,0.4040934112596553,0.3596461287096344,0.292931398157801,0.15903784814610075,0.21671387824052812,-0.4776196262033799,0.22490770276344313,-0.325818397066297,-0.40628578003414606,-0.5010722108331991,-0.43263640264660724,0.22222706749506216,0.14918507139656903,0.19548603715027138,-0.22203196273532816,0.17550292594170575,-0.22222706749506219,0.4745605382308106,0.13427819746777556,0.4743672899071288,0.10996713692768423,0.34952678126223474,0.09174869227939186,0.49185722717030006,-0.19393538474363028,0.43698683878038447,0.4914237370125421,0.41683838547140817,0.49185722717029934,-0.3666707433828007,0.1656876407947225,-0.24330573834793423,-0.35180536907140125,-0.386105781549103,-0.36667074338280053,0.14197312669779721,-0.19590152208043587,0.15125377089065625,-0.18392489506647827,0.21969379927954658,-0.17410459279842166,0.16390825903114412,-0.11328176672394248,0.08784153104444367,-0.16565405340745473,0.18485796667119148,-0.16390825903114414,-0.18116902310117738,-0.24734984998782625,-0.24226585593789782,-0.13076022126053402,-0.12352617609248706,-0.11860915284756164,-0.08908469534768562,-0.009879602459163972,-0.011426990381346999,-0.09555444766524779,-0.16068830789869898,-0.11748772873681358,-0.03830204012156188,0.010201969743957245,-0.0770807675372813,-0.14405375560601402,-0.10830912544451587,-0.15314751560097434,-0.17971715439890307,-0.2727421926999006,-0.2648376982128801,-0.20961923265599966,-0.09177397208209997,-0.1915196962736006
acc_y_std,0.2618233627176662,0.953199231549624,0.7195437832559147,0.9491611310231531,-0.6643132914352933,0.8935355375583104,0.35029723530774237,1.0,0.6895753408026778,0.926211454177445,-0.6233941194654823,0.8482396612679801,0.07962075675091695,0.845301234570716,0.7741749461524254,0.8431661386744603,-0.8015505464646047,0.8564016754500587,-0.4755600404067575,0.6069997920527203,0.20756025396405478,0.5308487753266677,-0.6425373938621779,0.4840791610012821,0.3431415012287941,0.4623893956664688,0.5563760077696135,0.5454505502015805,-0.22848709666337108,0.5414307001584215,0.5335253646042736,0.6400495847216,0.6353210242598318,0.4366974033321426,0.25319724962855633,0.36200010624231316,-0.335740972979906,0.3642288228420081,-0.19754851508138926,-0.2824439712763198,-0.4349409805780236,-0.315179503473332,0.45171358635308495,0.35382006560777896,0.49545333860568436,-0.45128128018079583,0.377421791694616,-0.45171358635308545,0.3556055233437269,0.32026432345277905,0.44797028414913886,0.3192222844947874,0.22910005373808393,0.28114065626638296,0.326034233038908,0.10205750109787921,0.3986879938060077,0.3283096261406202,0.22662251047490742,0.3260342330389065,-0.23525486153261904,0.3110606192917311,-0.12261532245240427,-0.21418982911379977,-0.31813063799384905,-0.23525486153261874,0.42652242172335525,-0.17880454039648103,0.43416445108264123,-0.6249420952396849,0.44411931457969356,-0.6276555258556726,0.3942924642511005,0.0614377693548673,0.4282095565320127,-0.3878107534258226,0.28777340889114966,-0.3942924642511006,-0.672690123130655,-0.19091345498598467,-0.6493621554365053,-0.6426898036884898,-0.6362775917950164,-0.6335336644882513,-0.2149459063647966,0.14103283136506542,0.12349313239676783,-0.17049635598536234,-0.5497926779427978,-0.2501793071974049,0.2750813163580456,-0.10374742275456723,0.1527579833619717,-0.3920874272353509,0.22315505772122896,-0.4085965895199586,-0.5739405665690879,-0.3272256112713978,-0.5486820252502705,-0.5215777646651156,-0.5203578137768542,-0.5237313463907461
acc_y_max,0.764659067986177,0.6510881991861173,0.9564120213760919,0.7095718733483538,-0.07311443083427237,0.711818943102288,0.7784471040597898,0.6895753408026778,1.0,0.7194020809438111,0.0955706930005063,0.6420352801394943,-0.21414380013167428,0.6526350485848011,0.4943301808391843,0.6521414011939658,-0.6676665891880166,0.750714492016484,-0.6675830009746717,0.6816027589729475,0.15838137639934435,0.6173554096408586,-0.8322025879685201,0.5378089814162499,0.35762556527443295,0.3841832697807482,0.5364964662199665,0.4804180088491148,-0.0452524697684381,0.474632203338407,0.5687554259692229,0.7287069950310839,0.6929576250654382,0.6296209946872316,0.3158553656702039,0.5474766181472218,-0.37546109685921875,0.5469147125914731,-0.15557233012893718,-0.3042535022026583,-0.49641221013528397,-0.35015470877460364,0.28172616114922844,0.35524094274761153,0.3210700015063676,-0.28105031757261356,0.18357343039506188,-0.28172616114922844,0.40244239233844403,0.46893628257866016,0.503199064457423,0.12239918375115534,0.2027871917575409,0.07599476357688469,0.41878719079635407,0.09465641360569943,0.4656608895797168,0.42077120582282657,0.2730879611390321,0.41878719079635346,-0.24709381883228815,0.48911694669594125,-0.06325553504564539,-0.2192375661632422,-0.34708696843288517,-0.24709381883228768,0.2837836770837326,-0.20230206224327463,0.3016329271309702,-0.4390448380081871,0.33924738615223976,-0.43693359175864604,0.3162003476238542,-0.1258049776119165,0.2661128554609628,-0.316988354772259,0.3187927147684677,-0.316200347623854,-0.4539644659405343,-0.3306204570682245,-0.5086813862503337,-0.3861074319724491,-0.38679612780671224,-0.3717666969279957,-0.23265966677839323,-0.13094458694764097,-0.13089615694963105,-0.2906985973273669,-0.21338278464069904,-0.29795686166578805,0.14727557380630826,0.03597671081089686,0.0801505505400366,-0.20356294961896912,0.0041436761256205806,-0.22438948432223757,-0.36738545425487457,-0.36442785242119,-0.4197654531171609,-0.4240979494157051,-0.23074009664357487,-0.410112915835209
acc_y_rms,0.3255771397662,0.871878062997421,0.7316672379334299,0.9490084599771069,-0.5249247534124395,0.952474630226614,0.4180147822985184,0.926211454177445,0.7194020809438111,1.0,-0.46305598512827745,0.9732469206794783,-0.14867294283546925,0.7768787248473098,0.6470894892748461,0.7902299473855207,-0.8122116198849635,0.8658473348629032,-0.5271016648990589,0.6250320945195914,0.14582790855093414,0.5663793381589278,-0.7077534515652552,0.5097403943585499,0.30697134846271723,0.46919658971298867,0.5401928395593064,0.5217180124295304,-0.24522377254020786,0.5098200673913014,0.5885483311758786,0.7632658923163554,0.7245377438200735,0.4821814183453911,0.23591488968971594,0.38361647199683985,-0.29587605824056423,0.36111464196304816,-0.15426021649878285,-0.2257205538286225,-0.38790178285521354,-0.25738796342773745,0.5698141478354927,0.3765686787590547,0.5788576427821619,-0.5694094791059346,0.4662053873278125,-0.5698141478354929,0.3162067633188286,0.3135379910783647,0.39898333515681683,0.39717042332636915,0.18929624823905167,0.3565678814385691,0.2748224921930978,0.11878285757485961,0.35781074962523507,0.277158890414099,0.18342922768655773,0.27482249219309646,-0.18193082777422298,0.2968836989727537,-0.0724896291902003,-0.16194448907283118,-0.252539500695948,-0.18193082777422254,0.41974397573966266,-0.22260572595157094,0.4109430733904804,-0.6536165960184652,0.4445348734050108,-0.6539818862559785,0.4958891357138648,-0.06988082414848121,0.48237830275848215,-0.49370366124347076,0.4198969695770194,-0.4958891357138643,-0.7659652690710668,-0.3457630427326675,-0.775286323185637,-0.7122793819844196,-0.6911687494665533,-0.6975056420946594,-0.31736081253424053,-0.030758651400959697,-0.05602359415481797,-0.32335166101701407,-0.45575417601803475,-0.3863542147864744,0.2475994398781198,-0.18537527077400867,0.08389231162522534,-0.4649753050582837,0.24161266182492944,-0.4764925256930676,-0.5592440579009826,-0.3897143803093781,-0.5583901546053722,-0.5447922603016421,-0.4506005608371743,-0.5423499669147908
acc_y_min,0.4458894828309163,-0.6431182782838433,0.019410585245814408,-0.5475814216961629,0.9024040257694609,-0.440636592588012,0.31742185658531114,-0.6233941194654823,0.0955706930005063,-0.46305598512827745,1.0,-0.42513260137400666,-0.458921625960035,-0.5479660052598114,-0.6438462481548733,-0.542137546615137,0.44799511214895027,-0.4192927008332888,-0.12849703708008423,-0.13937972852718272,-0.1973537846147766,-0.05877877180319375,-0.011941383984955615,-0.07619956650414346,-0.19470808315989313,-0.24364855487289663,-0.26753697748999333,-0.2754397317842499,0.21237447789576214,-0.27523897045803614,-0.048446436995035855,-0.033395088113966374,-0.061884415502265394,0.10724907388623056,0.045264039883469706,0.11430324290615876,0.093830853173267,0.10796299484390522,0.14193689253600336,0.09983504059175641,0.09672735539104678,0.09455157319688114,-0.2525383405684075,-0.09701017340243984,-0.2815061561904138,0.2526593841612961,-0.2525571202890811,0.2525383405684088,-0.08960042727225494,0.0818153553654728,-0.10572834043582016,-0.26416114261306384,-0.13067597599160924,-0.2647590541766732,-0.03372352913114749,-0.014691673830784268,-0.07659479653744017,-0.03453890085750512,-0.05390039855565873,-0.03372352913114624,0.07993325550624673,0.10774727091841454,0.1222034321858069,0.0819610279999607,0.08641638387866396,0.07993325550624648,-0.2799314620850446,-0.0004950058226143248,-0.2861264864669949,0.37766641542312085,-0.24004084315010724,0.38530571033845706,-0.11240662929923896,-0.32350136883726616,-0.24546944618458913,0.09916455399322631,0.06830777742607434,0.11240662929923893,0.3678833538837131,-0.18724962219875124,0.25826435190424313,0.4129316676123207,0.4183890266420572,0.4190082993488391,0.004177662294606777,-0.4194965015399201,-0.36469544786217734,-0.14565383109468905,0.6100397043375435,-0.03939711225493628,-0.2728843362436043,0.08671141260969095,-0.2263378919553956,0.22825173500568544,-0.3000831408252848,0.2358787437630118,0.39055613812451234,0.011366064035507696,0.2778136786550418,0.25071430709320847,0.49113207011471005,0.27196428489588176
acc_y_abs_sum,0.29695207308266247,0.8000838926297208,0.648197873001523,0.8942618208900802,-0.48602821092157533,0.9232238968165646,0.4116547169720358,0.8482396612679801,0.6420352801394943,0.9732469206794783,-0.42513260137400666,1.0,-0.22387685429951235,0.7112379687033249,0.5814790160508074,0.733816213582255,-0.7540785167598297,0.8190938489942121,-0.5186968297833888,0.5819920062132308,0.07320150343434774,0.5291353643242377,-0.6764300049631045,0.477391459693395,0.2579870273165525,0.4505919296824724,0.49178267078643834,0.48867066544479,-0.26586257172055916,0.46877740055162753,0.5431598417741584,0.7232377370124872,0.6771113627390066,0.4319473017526211,0.19813808091479423,0.3345018168945461,-0.2870865917232029,0.305811953769555,-0.16244884980278332,-0.21236552898104827,-0.36956613945052136,-0.23846699605552127,0.5922818982221504,0.37228458081021254,0.5921724468433379,-0.5919265706570687,0.4818060356135613,-0.592281898222151,0.30162625815523036,0.25998866690485944,0.37406654083970714,0.4059238898995321,0.19236938233641987,0.37044836665500036,0.2604339489132023,0.10437638476807787,0.34498302380178036,0.2627318174096233,0.18303061345208163,0.2604339489132011,-0.17051236275639045,0.22714605070235702,-0.0820293079757369,-0.1546034691246849,-0.2290559556184971,-0.17051236275639026,0.39249666263116156,-0.2484744948366684,0.36913991185158374,-0.6430726879328257,0.42442136894279103,-0.6411738480513931,0.5123131347645187,-0.0840421247129971,0.48661988717458265,-0.5105583109878932,0.434289627736233,-0.5123131347645188,-0.7728890825400548,-0.394451011584381,-0.7928555968425958,-0.710861085992074,-0.6802836605845276,-0.6929044396551519,-0.3493037266765793,-0.06862174377162188,-0.10221933554001106,-0.365893991255086,-0.44499391263208893,-0.4348401193528656,0.22690863166784325,-0.21389062559026642,0.05890585523820006,-0.46969105136364037,0.2511620353173692,-0.4778869382362729,-0.5374071659372708,-0.40908473279699686,-0.5519207475910853,-0.5303532957809588,-0.421600995039028,-0.5255048136014318
acc_z_mean,-0.3971993767918976,0.17470156209008392,-0.17527527479508118,0.04000767711526885,-0.4713688094366805,-0.1128013383528208,-0.29081972027548625,0.07962075675091695,-0.21414380013167428,-0.14867294283546925,-0.458921625960035,-0.22387685429951235,1.0,0.29844249206096135,0.474091357184682,0.24115998585916154,-0.02949770418999392,0.02890246770371212,0.27317171331474127,-0.04493435654746364,0.23453624283597257,-0.09081149765575644,0.22769564000923878,-0.04311913396055974,0.20884401815648826,-0.061681273374190104,0.04058591766427747,-0.051630975972615525,0.09260966647054784,-0.052695754517762976,-0.441685617986161,-0.3775376298266116,-0.4386665085822045,-0.3635570015652724,-0.41069153703491584,-0.339128222828184,-0.07716552750395173,-0.29423971182975484,-0.15113590321650935,-0.12191215539816964,0.016817134296275238,-0.11050653037153534,-0.1955183063479207,-0.12134684907023581,-0.16861207139729906,0.19533290674645631,-0.15183943720632606,0.19551830634791859,0.05557613639405093,-0.3024095545061006,-0.03447669085670677,-0.021625316597886038,0.13562407813249816,0.010039167853606638,0.03175652955965452,-0.35056849808772944,-0.11021986689514177,0.028489363012125225,0.1329578027135607,0.03175652955965437,-0.11993012978591905,-0.24433788223922367,-0.16387274099081497,-0.12660501117633183,-0.047619897606915436,-0.11993012978591897,-0.01831191316405011,0.27027335404810826,0.07005168492867876,0.07870772318658573,-0.07833056573079801,0.06332349778481035,-0.35527924646605363,0.567270351560385,-0.13424966544968925,0.37375131711850157,-0.5167097057051202,0.35527924646605435,0.2083645206064043,0.6245533433277148,0.3647696561802391,0.1094674866337919,0.044504533650638535,0.08680408731894249,0.20256121308202854,0.5024626275620604,0.45036685788383074,0.39719053132133975,-0.36942743654390786,0.33990681469943634,0.18524039081190802,0.2702003923298698,0.34072509321626326,0.24302846781802281,0.06861064879515352,0.2140950601156976,0.02867898413139516,0.37796092056178077,0.1700040491714642,0.13224367388962244,-0.2121632133188772,0.09614476296307711
acc_z_std,0.22966679304365936,0.9280430229048635,0.676185569911428,0.9048918961355039,-0.7141005148647526,0.8322617475864863,0.3746651362606079,0.845301234570716,0.6526350485848011,0.7768787248473098,-0.5479660052598114,0.7112379687033249,0.29844249206096135,1.0,0.9564393967717267,0.9931421521197685,-0.8945121828094582,0.9462818129637688,-0.3820014364463386,0.6503880032903078,0.2957214326572451,0.5123636882869269,-0.6356165896816195,0.47331142504650353,0.45723022462045926,0.49582649702292475,0.6560156473929792,0.5640395156275169,-0.19948627697243196,0.5455715822705083,0.37462255961556595,0.5244806898594203,0.4932825809251756,0.3585274607447928,0.12275656195833892,0.2913702157012584,-0.34904067344895384,0.2882008095299626,-0.2243534324115242,-0.30220795137822276,-0.42675866257773376,-0.33026157318291144,0.39321783529895843,0.3905055689718801,0.46135961762619887,-0.3926663568582909,0.28657129830772204,-0.39321783529896004,0.36524615622272083,0.25310050821753605,0.4376015799680608,0.32095806951887434,0.25010374750643133,0.29219458247638214,0.3230254828257,0.03917636955314769,0.37206338225522406,0.32463253504216333,0.2460811772631084,0.3230254828256986,-0.22337716401508909,0.2512131225580196,-0.12231755646360175,-0.207093036122801,-0.28895495518104,-0.22337716401508872,0.3948005292771325,-0.23847947709007594,0.39319429462659256,-0.6036548594437888,0.433489775149986,-0.6012290334502585,0.28035405007539027,0.19153073931353465,0.342917216525374,-0.26942878713022056,0.12196808271267506,-0.2803540500753897,-0.6192250874108074,-0.04971191818422398,-0.5586690503768431,-0.6161985896864272,-0.6225897429864954,-0.6096299808020315,-0.2734322757801097,0.16683822603950618,0.09690193023067853,-0.19095146261780716,-0.66748040003649,-0.2686927219406921,0.3573035286100317,-0.0407284925387397,0.27614997192725166,-0.24979674916648226,0.29245339809058374,-0.2848351764111335,-0.4850588152003168,-0.2773224625162278,-0.45247546906002284,-0.4559055688361423,-0.4516103760534413,-0.4593030697277148
acc_z_max,0.11978198211330719,0.8711551676217639,0.5219165156923157,0.8018144592509489,-0.7864728662781203,0.6884165928451109,0.27152366323809196,0.7741749461524254,0.4943301808391843,0.6470894892748461,-0.6438462481548733,0.5814790160508074,0.474091357184682,0.9564393967717267,1.0,0.9393085965446628,-0.7675516364944012,0.8296116495384952,-0.2578956383000376,0.5366399786859377,0.2789704425354663,0.37317356724444256,-0.4835374250683853,0.3487344101545009,0.44975501950635255,0.3972839410359081,0.5657015647103357,0.4809451225040992,-0.14754751908845737,0.46674679905148925,0.21925190295659594,0.3283359076129971,0.3104779946197241,0.20358754794302492,0.03543897247004845,0.15499694658253016,-0.375760892777101,0.16649789409696955,-0.28882396273004707,-0.34585864341394335,-0.4275110477240099,-0.36575266308800203,0.27436644831377355,0.2812430490696451,0.3431798330520797,-0.27398858813170524,0.2058601221442663,-0.27436644831377593,0.38392442717852326,0.13485554090086208,0.43139221328358374,0.2509337712049845,0.3044768417150426,0.23480626965349485,0.3499435985543314,-0.04048902085543579,0.3738458607733511,0.3510092976993675,0.29576403852458405,0.3499435985543302,-0.277858247534028,0.15066690039981417,-0.2021811333532481,-0.26598830769782605,-0.32954284327804173,-0.2778582475340278,0.3493380350315657,-0.22008731980878987,0.34916024905229337,-0.5072514794191479,0.38962618755697026,-0.5026357103541405,0.14695818611058775,0.3106461998531523,0.24127610448746958,-0.13279371050243086,-0.03662929468518594,-0.14695818611058725,-0.47175825013785855,0.0847694998287079,-0.3866340203539614,-0.4928318550755732,-0.5057774482584002,-0.49098994531684426,-0.16765247565535568,0.31255303644385224,0.2307300270632995,-0.0387325544689309,-0.7337198286674909,-0.13293614769093717,0.329658342646397,-0.0066130737951291645,0.2811773213734114,-0.16747442544166974,0.2638552102972514,-0.1999686354352399,-0.4304563512297735,-0.21350107536933993,-0.3898263297664617,-0.3695890697705135,-0.44248958627196383,-0.3726317181985985
acc_z_rms,0.23521634809202396,0.9313275375634951,0.6745695041957549,0.911615874712124,-0.7139603741255474,0.8481494732265887,0.38856702110624675,0.8431661386744603,0.6521414011939658,0.7902299473855207,-0.542137546615137,0.733816213582255,0.24115998585916154,0.9931421521197685,0.9393085965446628,1.0,-0.9082533497995805,0.9610419647822018,-0.38942705191625643,0.670716669345499,0.28523535799547806,0.5211597790058999,-0.6532750020111605,0.4791619509233378,0.4373088236514537,0.5254302182894459,0.6725878354538023,0.5859520584098914,-0.23107698901862722,0.5647550513626725,0.38830911752484015,0.5273416467385917,0.5047444479266089,0.3607787360979289,0.13719389625545528,0.29523057738718456,-0.3448184600611312,0.2885774283697813,-0.22213278815953752,-0.29474512622020493,-0.42647804387348964,-0.3218471962599332,0.41918452499903336,0.4067598692576989,0.4880785669560745,-0.4186324534310948,0.3065223757017469,-0.41918452499903497,0.360247248158071,0.25496399019607385,0.43685042156534953,0.33817165139141225,0.24689445542219662,0.30865689139073293,0.3165713682230877,0.05866637677006632,0.37476984184294626,0.31840567000735814,0.23655729584506283,0.31657136822308657,-0.21209418336263935,0.24664642454027969,-0.11609350467411032,-0.19660769941109196,-0.2802794652287465,-0.21209418336263913,0.39711298042581494,-0.2575614040288419,0.3892814386614621,-0.6232926327918246,0.440957791333621,-0.6193375208817598,0.3156203297944677,0.16814223308214174,0.37566495785507314,-0.30515750617578463,0.16282292393361497,-0.3156203297944672,-0.6556039496093923,-0.07943057012353331,-0.6017516063466051,-0.6487490399388911,-0.6538008463953324,-0.641321938736377,-0.29823417093782373,0.13532964794294117,0.06619633020076666,-0.22841027046982756,-0.6625000294835742,-0.3042388927147626,0.3580351500583843,-0.05901136838807082,0.26741417174436805,-0.2748804894159337,0.3077725912606526,-0.30903114386154706,-0.49524259426196476,-0.29514214155480745,-0.4682048589325984,-0.46815868383172443,-0.4521843071347742,-0.4705465201662747
acc_z_min,-0.21853101822349444,-0.8602597795416894,-0.6655297435547255,-0.8866567517541257,0.6129098370402125,-0.8661761330863388,-0.3543776055653727,-0.8015505464646047,-0.6676665891880166,-0.8122116198849635,0.44799511214895027,-0.7540785167598297,-0.02949770418999392,-0.8945121828094582,-0.7675516364944012,-0.9082533497995805,1.0,-0.9269345968826274,0.3801532859013819,-0.6547615141762195,-0.30147784917994513,-0.5397010159845897,0.6586015029811856,-0.48630264627920805,-0.4053661912327204,-0.5169179794699698,-0.652909894652006,-0.5754746559127344,0.22452909740869373,-0.5601599736408692,-0.4666584015962784,-0.6259330794947979,-0.6004318845927258,-0.4160882153395053,-0.1903130070228664,-0.34294546244597157,0.21451744515288454,-0.31551623621697056,0.0956108706256669,0.16081253017098107,0.2975047524082006,0.1888676195390141,-0.5093570101837754,-0.44742845134462556,-0.5603575135829412,0.5087542666988273,-0.3761557876055428,0.5093570101837779,-0.23802718271318804,-0.2947698291738744,-0.3190168960544069,-0.40195664724358116,-0.12436020818513721,-0.365291448200267,-0.17149704960296838,-0.14366566252933857,-0.2516781900306165,-0.17348128641128727,-0.09597919119208721,-0.1714970496029672,0.07782409362471522,-0.27297903686409786,-0.010785991328973489,0.06233441698873952,0.13964440129083486,0.07782409362471483,-0.40707174693506054,0.20799423212407553,-0.3978025390850858,0.6337862850734566,-0.4224945473666146,0.6358910534186104,-0.36165628082717655,-0.043061547940447656,-0.37876830360671077,0.35585546178654165,-0.24602679385197918,0.36165628082717594,0.6967443999004911,0.18555652011207277,0.6676871532307684,0.6782625555728774,0.6666775177803853,0.6679864075336062,0.36520043907538485,0.014349552508064217,0.11059477943308307,0.3347273178607501,0.5473035100651676,0.3780430854572108,-0.3686034082872863,0.11659277886108632,-0.23599187278788422,0.31295135473243035,-0.3370811533262828,0.34122960578573797,0.48533691383056643,0.28966811124111347,0.44050198549935216,0.48523225835277034,0.3951908739771528,0.49247222980689875
acc_z_abs_sum,0.35489942191707213,0.9129217680543733,0.7697240366656595,0.943876818598401,-0.576865008006496,0.926496598068658,0.4656941339703616,0.8564016754500587,0.750714492016484,0.8658473348629032,-0.4192927008332888,0.8190938489942121,0.02890246770371212,0.9462818129637688,0.8296116495384952,0.9610419647822018,-0.9269345968826274,1.0,-0.4763942929096394,0.7055172875151986,0.2615280959206456,0.5982803727178867,-0.7357306730941858,0.5446594731360966,0.37485716079086373,0.5718266579629867,0.6796483908454606,0.6046921737955657,-0.275733798723998,0.5871174262044255,0.560221000462743,0.7140185372907023,0.68878350651028,0.5367691103613661,0.2595138458503237,0.45877059511173834,-0.26366734681691656,0.43533919368998647,-0.10407273644437608,-0.19675303753755077,-0.3822020029178704,-0.23172285698289652,0.5118534945310892,0.4895087334339644,0.5779678645667249,-0.5111578332550871,0.370560209811902,-0.5118534945310901,0.28695528792318503,0.40073014943717505,0.39841994119206064,0.36367733698046156,0.1380906346128712,0.31982548573466685,0.24635591340822158,0.1914836962534464,0.34395175237939096,0.24909316581964974,0.13540806856720802,0.24635591340822066,-0.11553638522516767,0.381047459280086,0.0056500053991379974,-0.09542606907817737,-0.20993303589369716,-0.11553638522516736,0.4002708393748094,-0.24588272019457771,0.39820489429917044,-0.6530226536112577,0.44027127614272654,-0.6516687114404986,0.4391982146092857,0.02152541928505399,0.4515884394077414,-0.4331847976151046,0.32706526782235046,-0.4391982146092851,-0.7498153117236839,-0.22992947118387466,-0.7313322944614175,-0.7154950245242061,-0.7114362186620928,-0.7031774303246917,-0.3841156822298977,-0.010669084342656659,-0.07826712924813571,-0.35258843258539646,-0.5653882169795915,-0.4130671924011534,0.3261569028968227,-0.09077679631340937,0.21106361825681796,-0.3566983928405883,0.28002109090846905,-0.3883416995076465,-0.5019382963033113,-0.33998862391157875,-0.49043667375667316,-0.5074577203384776,-0.41615695605271713,-0.5091664427580495
gyro_x_mean,-0.5012153105473154,-0.41878598090463326,-0.6397220262023606,-0.4800590497740129,-0.0018467446239306266,-0.5176682468398863,-0.5178913361855617,-0.4755600404067575,-0.6675830009746717,-0.5271016648990589,-0.12849703708008423,-0.5186968297833888,0.27317171331474127,-0.3820014364463386,-0.2578956383000376,-0.38942705191625643,0.3801532859013819,-0.4763942929096394,1.0,-0.4939056710349196,0.41701487349940153,-0.3101044650119999,0.8392869412734842,-0.2480749519035252,0.15388042983304687,-0.13585249093550267,-0.06060714135739438,-0.12207485960293499,0.19400895308202093,-0.09578979064898151,-0.5700712305619245,-0.5572775363601488,-0.5797578968955829,-0.4926768193177078,-0.4275330377157618,-0.43847780539825376,0.43429910835243146,-0.4484674108387779,0.2569360698378319,0.3816660896549823,0.5577369447499627,0.41587995344025747,-0.2211335853543679,-0.21643916184142425,-0.22636479843656085,0.22056577645915756,-0.1713656985150785,0.22113358535436733,-0.459672349047638,-0.4167516086504481,-0.5729320812567577,-0.06686096243973806,-0.28808208815151215,-0.025571975922384207,-0.4901915434856409,-0.07023218986983874,-0.5588861725194113,-0.4932374092724721,-0.35409873071402115,-0.4901915434856406,0.3677685076553659,-0.3732067623913743,0.21870798179280834,0.34507407347885694,0.47798102865351927,0.36776850765536595,-0.3670000009824523,0.22979733132506808,-0.3546455975492235,0.4668607097770154,-0.4158798196785898,0.4600740232962273,-0.16722084031897336,0.1398523561401813,-0.12472300276133,0.17029109834469616,-0.22466630950801017,0.16722084031897363,0.38140034492114827,0.3765732541493728,0.46199021962785075,0.28648886676551566,0.2955645315093958,0.2665616573370436,0.2168213426468787,0.1429190273420347,0.1299243711568258,0.3707612952140469,0.10662539920614428,0.38837502291976456,-0.14113382538862557,0.021538632263429204,-0.0522988750365791,0.2710135396876435,-0.08516647778111412,0.2806214747263002,0.52205295639636,0.5122633578430537,0.5883990786223361,0.5765120076056501,0.3227603124624428,0.5570414290905567
