,acc_x_mean,acc_x_std,acc_x_max,acc_x_rms,acc_x_min,acc_x_abs_sum,acc_y_mean,acc_y_std,acc_y_max,acc_y_rms,acc_y_min,acc_y_abs_sum,acc_z_mean,acc_z_std,acc_z_max,acc_z_rms,acc_z_min,acc_z_abs_sum,gyro_x_mean,gyro_x_std,gyro_x_max,gyro_x_rms,gyro_x_min,gyro_x_abs_sum,gyro_y_mean,gyro_y_std,gyro_y_max,gyro_y_rms,gyro_y_min,gyro_y_abs_sum,gyro_z_mean,gyro_z_std,gyro_z_max,gyro_z_rms,gyro_z_min,gyro_z_abs_sum,quat_w_mean,quat_w_std,quat_w_max,quat_w_rms,quat_w_min,quat_w_abs_sum,quat_x_mean,quat_x_std,quat_x_max,quat_x_rms,quat_x_min,quat_x_abs_sum,quat_y_mean,quat_y_std,quat_y_max,quat_y_rms,quat_y_min,quat_y_abs_sum,quat_z_mean,quat_z_std,quat_z_max,quat_z_rms,quat_z_min,quat_z_abs_sum,encoder_angle_mean,encoder_angle_std,encoder_angle_max,encoder_angle_rms,encoder_angle_min,encoder_angle_abs_sum,grf_x_mean,grf_x_std,grf_x_max,grf_x_rms,grf_x_min,grf_x_abs_sum,grf_y_mean,grf_y_std,grf_y_max,grf_y_rms,grf_y_min,grf_y_abs_sum,grf_z_mean,grf_z_std,grf_z_max,grf_z_rms,grf_z_min,grf_z_abs_sum,grt_x_mean,grt_x_std,grt_x_max,grt_x_rms,grt_x_min,grt_x_abs_sum,grt_y_mean,grt_y_std,grt_y_max,grt_y_rms,grt_y_min,grt_y_abs_sum,grt_z_mean,grt_z_std,grt_z_max,grt_z_rms,grt_z_min,grt_z_abs_sum
acc_x_mean,1.0,-0.05084811575639792,0.6306580783824075,0.08238407218844505,0.43398509740684466,0.13933906770436993,0.9238256742142206,-0.16131765520160157,0.5633061460861162,0.07263507130966593,0.5448837546616447,0.160754703454822,-0.4268133134211714,0.1306961734606966,0.043184875344850014,0.21747728509519834,-0.2713674069653604,0.2602727690545466,-0.11642541855910958,-0.2950197784248768,-0.3211095606549732,-0.23153934343466676,0.10328585794035773,-0.22046040969973352,0.08319952471844735,-0.18268049491909774,-0.01690866584521171,-0.1706793922883914,0.2085201023273354,-0.18908054939687327,0.4941992766042941,0.19437561371448514,0.39643096345502926,0.29290153809098096,0.4243995974272455,0.2633278568347894,0.7079010800097176,0.3250864154877196,0.7458085192094649,-0.6972843880591403,0.49263845704678455,-0.707901080009717,-0.5649482308150624,0.35750363172879535,-0.34015088820134154,-0.5581975861735464,-0.6311374342206394,-0.5649482308150658,-0.6675156553849552,0.11103780088635687,-0.4582462869513981,0.6769725439074551,-0.7209398787780459,0.6675156553849552,-0.5979252763693884,0.09513123650328777,-0.412261657407646,0.604668776151577,-0.6440089688321489,0.5979252763693883,-0.0603498029304123,0.01387980685846135,-0.015457281912033704,-0.052502454440514226,-0.05897762905711389,-0.06034980293041223,0.11575439085135951,-0.20975978936336723,0.09816903536319391,-0.05222879365042445,0.21478433316449105,-0.029262582146783653,-0.07976399637782199,-0.24956977182954404,-0.16650837526031745,-0.13251317201757098,0.045439753920070894,-0.1156045539543309,-0.14855276559860184,-0.28862582907536144,-0.2536377612748478,-0.1438613412160971,-0.0669474192414859,-0.12278376471399828,-0.12427028091179673,-0.29180630071223806,-0.2299795362116161,-0.1732353831882378,-0.010715408692114433,-0.14605043179674734,0.13492374192532802,-0.31565229079493984,0.014899861897489363,-0.1997068945481924,0.23475538627518827,-0.17139140288041277,-0.08678886468789503,-0.24235833170845997,-0.17973679817511087,-0.14728965061825222,0.07180654232395149,-0.12381779869043562
acc_x_std,-0.05084811575639792,1.0,0.6598911943868289,0.8695315718045867,-0.8419711122849515,0.7552516254292366,0.046703833627353905,0.7855766006926768,0.6224230033336662,0.6844344849107903,-0.6392961725129794,0.6097171174401115,0.1763411397872202,0.8003593352604564,0.7507106375053291,0.7568893512213564,-0.631820949158679,0.6734843395081157,-0.206062541952994,0.4319445453560311,0.2743097662252093,0.4591530968013058,-0.3966230560389943,0.4468317554490384,0.22551133572040014,0.3858883265688029,0.37950296183405596,0.31387661028287084,-0.11889597758155752,0.29501004586727403,0.18740597793705638,0.5359008244373835,0.4710021174904293,0.48691819527670605,-0.3384494765466889,0.46035161358528087,0.05800358384049921,0.38938496737385175,0.23972981678696728,-0.05073919992438017,-0.06631504511600059,-0.05800358384049929,-0.022583449910943253,0.4092966098500453,0.13045404442782052,-0.0179011991936724,-0.22657951033689844,-0.022583449910943194,0.05782714523445211,0.4044841178610211,0.16942082344128262,-0.04864406957223511,-0.15623869460043868,-0.05782714523445165,-0.005653072443389317,0.41223685148378664,0.14264864198403704,0.011990796067371072,-0.21524554442260496,0.005653072443390394,0.35981536645554446,0.31985141121734373,0.3942653241382756,0.3777617697491359,0.2493127633991562,0.3598153664555437,0.10755878206420309,0.10268329985136121,0.218659299297721,-0.14788087070492964,0.071318424617118,-0.1761971087008529,-0.35909680307315384,-0.1400710000763086,-0.2948990652169031,-0.07573143442849484,-0.39390275209873227,-0.060407001224870784,-0.5776461094168874,0.0560468830003882,-0.45787822349741714,-0.5565379559399348,-0.6220977834132676,-0.5681240407656956,-0.45247394298245314,-0.12055614363865932,-0.35636402785628507,-0.4067364347263019,-0.5264493363220079,-0.4261655467106474,0.4100813673193128,-0.05730181144782593,0.4542938667428963,-0.37745423623478436,0.28010450067973364,-0.4051120498070498,-0.3556007683797211,-0.2203319624780746,-0.3155996057605373,-0.3382719099213682,-0.30483849521358175,-0.34649383942456113
acc_x_max,0.6306580783824075,0.6598911943868289,1.0,0.7066758821889825,-0.2316028933080158,0.6784916063512677,0.6618367310646964,0.4507336645081364,0.8947233778111304,0.5694065956105911,-0.02736623701470088,0.586234706681505,-0.2220349899443738,0.6308965473220878,0.5156565144475672,0.655175355955787,-0.6900980278160175,0.6316981239728083,-0.2463403318470356,0.1689041865092155,-0.011289953849251926,0.238918492786828,-0.28042625745809546,0.2360892227825963,0.2326912372771889,0.19200280332557898,0.2864360895513594,0.11967667488752155,0.0313058828371689,0.09213799344652429,0.48384284051126,0.5804927387298784,0.6478643926520335,0.5767016706557215,0.021663310087626494,0.5313558202019575,0.4822334945627662,0.4969105745603602,0.6285346824385201,-0.4691438076442831,0.2430169096917809,-0.4822334945627663,-0.39972334848900376,0.5649218143417774,-0.11824370963964485,-0.3907824684578009,-0.592490306097787,-0.39972334848900526,-0.3746724802197909,0.3614984670387873,-0.15379407428612088,0.38717012543628676,-0.5505206225647896,0.3746724802197913,-0.3887456943639959,0.39196147622035693,-0.14181519878294124,0.398217807835905,-0.5755542599924398,0.3887456943639967,0.18502486508443036,0.3147611977696744,0.2903904892035344,0.22046559520656323,0.054682757095334315,0.18502486508443014,0.1845001072298979,-0.060699794479402894,0.256428795799826,-0.11703851219150439,0.21463792421420963,-0.12061929391484913,-0.2987405816176238,-0.24318692663033079,-0.3012651140009784,-0.13429127002127134,-0.24837220686477207,-0.11461826982950929,-0.48896740188262905,-0.1546905729446724,-0.48098859921095183,-0.4643676213026935,-0.46882820073752096,-0.45935519317385065,-0.38863004895892517,-0.25380372020257547,-0.3826224969636986,-0.3864175639016828,-0.37679418019408883,-0.3838223531563992,0.3684697835659596,-0.2302103650453985,0.32698303070294854,-0.3854363150363945,0.3311691378968374,-0.3879100051842671,-0.3014759213432986,-0.29466764806956713,-0.3276986836952907,-0.3231715552983051,-0.17574546390244228,-0.3152067485246172
acc_x_rms,0.08238407218844505,0.8695315718045867,0.7066758821889825,1.0,-0.6132506037638501,0.9729703442438399,0.17801759048812416,0.7615317520044789,0.6989189351503508,0.8571783362388686,-0.47628924709275716,0.8320234201386717,-0.2096200206505848,0.7502964525341931,0.5406152819431238,0.7860827126175248,-0.805373350293184,0.7891653260957758,-0.36210518905028105,0.5250863545301098,0.19781030311242506,0.5670722386550606,-0.5656454528429812,0.5613958469555999,0.3307934559033017,0.5949883961016456,0.5798633178564662,0.46988288666654277,-0.13867692123675907,0.4414533189573315,0.32285856265951257,0.7558998939899858,0.6685227390602816,0.682826892344919,-0.38311559131711276,0.646091012461811,0.07625440754270953,0.5269843602277513,0.27557571549636506,-0.06541336017740457,-0.13065148930756815,-0.07625440754270962,-0.05595666313062876,0.6002856262520913,0.20915855055977614,-0.04833893252960913,-0.3044165317208248,-0.05595666313062823,0.07239908424672703,0.5313323668216976,0.25006575019749033,-0.0616061097509189,-0.17168067432332867,-0.07239908424672664,0.00570670755350693,0.5459724513193185,0.2269161901588757,0.0025207660451752913,-0.23270690437232514,-0.005706707553505829,0.4693445407663226,0.5748497484484574,0.6034132261020425,0.5176570123578972,0.2502542613885782,0.469344540766322,0.06285344588483618,-0.018196798570721352,0.11021539593462583,-0.3105554539009332,0.07213711868393864,-0.33417472074214183,-0.3912233808090813,-0.1680264623899003,-0.3205483232442623,-0.09826511282170279,-0.4069621875988405,-0.08002132292501822,-0.750167843112259,-0.08126535014338604,-0.6538923827822168,-0.7003072712760079,-0.7502877216131169,-0.7078369152731384,-0.5166379397989092,-0.1546218713521566,-0.40930503177997957,-0.4726414989652329,-0.5750911478987842,-0.4943880668297774,0.46549739311607,-0.08291692580632866,0.5021804193671908,-0.4373383282583325,0.3246099725763244,-0.4684794629472777,-0.4109266528627338,-0.26749251746467645,-0.37324477322783184,-0.3911391312175152,-0.3331674733462592,-0.3994325403866646
acc_x_min,0.43398509740684466,-0.8419711122849515,-0.2316028933080158,-0.6132506037638501,1.0,-0.45247306534326964,0.34140449583908683,-0.679253342546671,-0.22360873649118354,-0.44529944106429065,0.8375534369237854,-0.31779255061657113,-0.4525523371950038,-0.6628002199744044,-0.7445122498081261,-0.5805928559870046,0.34015899235077657,-0.4537445174610974,0.0057957505325078535,-0.3556647443820778,-0.36275053832807175,-0.34448263103535554,0.22000126585993893,-0.3330431037286115,-0.02119668562806026,-0.25323087649454007,-0.15480812894281365,-0.16981626381347922,0.20005766489446644,-0.16269943042126578,0.1694591888148344,-0.21146740908006395,-0.0744103058747165,-0.12283325972605981,0.4451690384493954,-0.11441612223634186,0.13964105285609144,-0.06745778337484046,0.05878529777871691,-0.13861457924507264,0.11328992625844671,-0.13964105285609144,-0.14837611469429549,-0.07169910971363828,-0.13632110457378296,-0.14778847017655447,-0.06655935766729554,-0.14837611469429618,-0.2029579647716046,-0.13800424045297013,-0.17576333467996996,0.20223030070918063,-0.11005777381682089,0.20295796477160472,-0.13471986782674264,-0.14653798518704755,-0.14096564828593386,0.13424888649686742,-0.04831757313691566,0.13471986782674203,-0.1867648948242846,-0.11090824264170279,-0.17313003138292782,-0.1882863185947828,-0.16258951358169235,-0.18676489482428435,-0.06125334333270127,-0.19014355527703458,-0.18216570763895934,0.0601244862094511,0.012127171593691408,0.09339732468341455,0.2416425226625474,0.010016288340420312,0.16639727576483665,0.005032506714087362,0.32561739560562897,0.00022988663724490512,0.33794787356490713,-0.22575504598474722,0.18329080635650108,0.3411347464097192,0.42483625871786557,0.36080886807499385,0.29286942446971004,-0.021836602925932206,0.1837470518995529,0.23666197934872726,0.40075835974873475,0.26057980594625246,-0.24907141721992426,-0.0783127948556081,-0.3291484734027986,0.1994485748819441,-0.11560605732233867,0.230447459072364,0.22148096731560543,0.0685502843413187,0.15899312744621183,0.19648270231457413,0.2495847550828272,0.2114401618455127
acc_x_abs_sum,0.13933906770436993,0.7552516254292366,0.6784916063512677,0.9729703442438399,-0.45247306534326964,1.0,0.23016188203715196,0.6940368919830606,0.6727494843639571,0.8601275273970738,-0.3544971617913504,0.8684953972994529,-0.3530472924071233,0.6716191592908749,0.40678620454521996,0.7322579285190739,-0.815280261692814,0.7738948684175769,-0.4307018355407151,0.5463551522304945,0.14899352675160216,0.5951846342170365,-0.6228367264799441,0.5927801533348236,0.3906169736502554,0.6477696982121561,0.6500431872353555,0.5354160590725375,-0.11071736235233312,0.5056281178066688,0.39377490884088867,0.8128055618803667,0.7342175513044392,0.751260214053937,-0.3548019361990409,0.7158252402004542,0.05896592811961962,0.5827413053946573,0.2716204698852076,-0.046732133375193156,-0.176104095331503,-0.05896592811961949,-0.04087157986460982,0.6673098828296975,0.25869888550171843,-0.032248851152463606,-0.31154149032496115,-0.04087157986460902,0.09594959766993014,0.5953361536354569,0.29921725765747925,-0.08389676537300013,-0.1688350758031783,-0.09594959766992972,0.03820007732431297,0.6039974024224465,0.28133648114841464,-0.02910938771841494,-0.21787341853774544,-0.03820007732431203,0.5336129088425473,0.6601064837344117,0.687425316187592,0.5882594490478633,0.2754273582267014,0.5336129088425476,0.031715190205970745,-0.07249782513477075,0.04613764101792267,-0.3600732026353161,0.06426314637567364,-0.3796135691417316,-0.3832029583843933,-0.18007097756490556,-0.31846383989936744,-0.10440054485214148,-0.38304081769907444,-0.08510016872491029,-0.7812632133720141,-0.15130127024240486,-0.7062332501058909,-0.7184556865678267,-0.755398367988303,-0.72234232387149,-0.5163932397518471,-0.1739525126882211,-0.4165416684827772,-0.4780026590995367,-0.5551908176851592,-0.4981940011608346,0.4696052512343659,-0.10182130427614373,0.49747070305102953,-0.4439881388374986,0.3382388801486444,-0.47317955433134157,-0.41477338621242826,-0.2807339875747325,-0.38395084795505313,-0.39295667936764794,-0.3243809040274281,-0.39956210312762813
acc_y_mean,0.9238256742142206,0.046703833627353905,0.6618367310646964,0.17801759048812416,0.34140449583908683,0.23016188203715196,1.0,-0.10377023158064122,0.6396403337459983,0.14166354809310422,0.521124592536382,0.23663578062837026,-0.41781668811671435,0.17320948618132817,0.08749979769696598,0.25302659586448456,-0.3091032478788121,0.2828259421678928,-0.15606051896866896,-0.18843733092266798,-0.2778586824041506,-0.13704948101826941,0.007319211529036703,-0.12447088360785019,0.21735624127514414,-0.14681710000886322,0.09817833694528075,-0.10331776508080028,0.30731812283714544,-0.1251569200367684,0.5638009775244018,0.30032225074333224,0.4979579287715085,0.37213967409812804,0.37316107349144884,0.33732660240072104,0.6692757104564809,0.3879660741718794,0.7422932872990633,-0.6567759384659239,0.4436856186093521,-0.6692757104564815,-0.4821010983387254,0.4248512873335033,-0.25151461132689773,-0.4742596512062328,-0.6021060707497948,-0.48210109833872755,-0.6119771523127343,0.19088926946436469,-0.3940154334034072,0.6241562399267725,-0.7061168901762257,0.6119771523127348,-0.5280608445683885,0.19054106281651279,-0.33278919810048846,0.5367155213842375,-0.6288307018047609,0.528060844568388,0.04293636039569058,0.12797832026381994,0.09383844739629628,0.05539421994003084,-0.031155861608135892,0.04293636039569042,0.15374447426060836,-0.24114732788019858,0.12197533712519487,-0.11453074823486184,0.2555725182842031,-0.09178182108314788,-0.1902498521560607,-0.3326210145822693,-0.2757982078812177,-0.21884342638116785,-0.04222182259861542,-0.19872415032440338,-0.2532877319925708,-0.3522622725434095,-0.36602778176484196,-0.25320760218627336,-0.15409806840746704,-0.22947845180435605,-0.24597338791196152,-0.3689791607161731,-0.34805605496864206,-0.296471324049129,-0.11594527249967897,-0.2687419703120698,0.25093135463361504,-0.3881614744030223,0.11651599832202578,-0.31324772980368065,0.3467155160625666,-0.28396719361613876,-0.18480502565080334,-0.33809117246377124,-0.2865538365200675,-0.2592303762048203,0.02218402673552702,-0.2348214775395697
acc_y_std,-0.16131765520160157,0.7855766006926768,0.4507336645081364,0.7615317520044789,-0.679253342546671,0.6940368919830606,-0.10377023158064122,1.0,0.5962104137677278,0.8685995734482133,-0.8082839166100628,0.7786234277826676,0.11509880114548988,0.6382833843007798,0.5270516316660024,0.6073357885126222,-0.6161876871140848,0.5704755604107904,-0.3014775003080009,0.4548308175173643,0.19449710516208374,0.5182923065631657,-0.491488196666876,0.513942841670907,0.27414731802615094,0.6030829901666833,0.5257429901497702,0.5372491502942888,-0.23259578012955787,0.5241700840477764,0.13828277189113214,0.5638086306802012,0.44278425781279246,0.5021628980161289,-0.404463604628761,0.4797233320530263,-0.0955072554529638,0.37865924983939925,0.08940886607933528,0.1019562365709965,-0.20873526965345235,0.09550725545296386,0.10883111185145866,0.3796478893673521,0.25378680041316193,0.11274577731289327,-0.08451883087411012,0.10883111185145954,0.23859147008612563,0.45512437764689984,0.3357087400629932,-0.22990286920112887,0.014912713375441436,-0.2385914700861252,0.12496764115824788,0.4325907433998942,0.26454657295846584,-0.11926172220073192,-0.08103182920133649,-0.12496764115824655,0.4089838142851205,0.43350339354096123,0.4832184621352833,0.440099284172022,0.22653237445786364,0.40898381428512,0.0638950664225124,0.04800570231805726,0.12510012568252177,-0.19274564808716438,0.04130302517514586,-0.21500961121596454,-0.2562946397864516,0.046487270993250056,-0.1351195820863376,0.015681878472243733,-0.36288914922806137,0.017423180560080794,-0.5117539120406431,0.1430745985945663,-0.36494342843968586,-0.47108683022927544,-0.5762624242418454,-0.4906921842819197,-0.3299811018920361,0.06671933037792763,-0.17725291977817104,-0.2662278356146136,-0.4715292058215134,-0.29920970888969406,0.28033621257690633,0.10917542815218596,0.3773354148439876,-0.233115502990312,0.1196813605836959,-0.27267373600755096,-0.28014449857472845,-0.06314776166795895,-0.18506863786801106,-0.22739148456127306,-0.31963616825721486,-0.24743257198686552
acc_y_max,0.5633061460861162,0.6224230033336662,0.8947233778111304,0.6989189351503508,-0.22360873649118354,0.6727494843639571,0.6396403337459983,0.5962104137677278,1.0,0.6900204875967655,-0.12329405620337466,0.6902822515402064,-0.24110911214175007,0.5725764542348734,0.4285160612354013,0.5993854581617293,-0.6814138615587841,0.6008197134359446,-0.2517346849313335,0.19184219980170167,-9.326583859888205e-05,0.2541653555058444,-0.3059467543633728,0.25413800072333476,0.2952527381868935,0.274066207685023,0.3713841666110576,0.21071616665699772,0.028593550605831446,0.1859575760979267,0.48710381282925813,0.6236446032266371,0.6715897107667498,0.5976558762067657,-0.010845683458987558,0.5478764338814294,0.4531090800045483,0.5114128169503362,0.6131619034261526,-0.4399835814143319,0.21585803180066537,-0.45310908000454825,-0.3518508352622281,0.5514605293592644,-0.08285210305449045,-0.34334357926509423,-0.551930459892347,-0.35185083526222805,-0.3076154407062663,0.38203168136562693,-0.09887593893305917,0.32046716399381736,-0.49604649483269986,0.3076154407062661,-0.3668175865497862,0.411939928562842,-0.12224133763713593,0.37658271669699717,-0.5704667968859324,0.3668175865497877,0.2159457497740299,0.3623093139000705,0.3288040635821276,0.25439859234297796,0.046151422752585256,0.21594574977403003,0.17784535865432308,-0.08359615043384769,0.2358950325490881,-0.15670525069007446,0.21481382266678659,-0.15772195285667295,-0.3021802286948756,-0.20185769794537217,-0.28343260793264485,-0.12864575958230282,-0.2856906922867033,-0.11309083003690669,-0.4974655443818332,-0.14545553297545288,-0.48591508642285974,-0.4751579708196583,-0.48361496430282574,-0.4710128995746679,-0.3780057155337803,-0.2078445045004846,-0.3540324164513403,-0.3734851344808622,-0.406076073206908,-0.37471715866681504,0.34809147976942073,-0.19722834247873614,0.3259741823032883,-0.36446056753305744,0.30849734779759636,-0.36868493089216436,-0.31139579574335674,-0.2702741797404047,-0.31959774853929307,-0.32713670385280574,-0.20720851985605088,-0.32315400022494023
acc_y_rms,0.07263507130966593,0.6844344849107903,0.5694065956105911,0.8571783362388686,-0.44529944106429065,0.8601275273970738,0.14166354809310422,0.8685995734482133,0.6900204875967655,1.0,-0.5314190783963969,0.9802134484500099,-0.20738064362304537,0.6018966659523739,0.3624411010229621,0.6349751286369555,-0.7493483063346928,0.6658292379553379,-0.44043073093815244,0.456978313868035,0.07322379996329795,0.5553420264855927,-0.5794020710878147,0.5548423360733462,0.3420131602630782,0.7850539057298291,0.6899108193927893,0.634982368209024,-0.26726181525808346,0.60162794208149,0.3514436631507934,0.746230787656992,0.652820226249589,0.7116420757016594,-0.3485142357063904,0.6822512545046784,-0.027996852980346106,0.5661264510202921,0.19037768267506086,0.040119646567322295,-0.24394268595516883,0.027996852980345998,0.046016716290196144,0.5987379665247929,0.3070618850593728,0.054067616566521044,-0.20211752008913048,0.04601671629019717,0.1840395248398443,0.601255574766606,0.37225828627038066,-0.1716273508620423,-0.07509249637177305,-0.18403952483984437,0.09552263714126781,0.5995648319431665,0.3228151386262897,-0.0863169539965415,-0.15803946664697305,-0.09552263714126644,0.4997614856426652,0.6299000636697234,0.6470297642184183,0.5541502424981056,0.24709857790875214,0.49976148564266487,0.012416062676019383,-0.040767449286149324,0.035184128605766044,-0.3096276381960998,0.03053628012966647,-0.32868139545943553,-0.24601925931761087,0.0006033802461458006,-0.14621754223018746,0.014264331358683912,-0.31767793770386243,0.022021563723929178,-0.6356003154888108,-3.9263655157793034e-05,-0.525919077272718,-0.5709992214284798,-0.657081979126721,-0.5841874153922124,-0.35149442742480463,0.007698379058805183,-0.21741543294668764,-0.29948321705545855,-0.4587433850442645,-0.32831666029410167,0.3032652943347443,0.05973526132632249,0.3804458524687773,-0.26858157729209026,0.15421361859173058,-0.30550986553872866,-0.29038355059522897,-0.10875438666073613,-0.21873197253629278,-0.24748555635404404,-0.2979086896994844,-0.2630966294972253
acc_y_min,0.5448837546616447,-0.6392961725129794,-0.02736623701470088,-0.47628924709275716,0.8375534369237854,-0.3544971617913504,0.521124592536382,-0.8082839166100628,-0.12329405620337466,-0.5314190783963969,1.0,-0.38461810165823673,-0.4281289182453279,-0.5059702514721769,-0.5441633465335338,-0.4300981881085979,0.2962101002539989,-0.3408659067615642,0.08479488529513168,-0.36860340439533407,-0.2944300747204503,-0.38550990747471703,0.28974657975089946,-0.3779301349953861,-0.007205694086844797,-0.385850440036663,-0.21300562703873685,-0.3151810936466088,0.30867951176020253,-0.31520640184437126,0.2580140381447189,-0.1643877184352064,0.019292697145370664,-0.07939872605234241,0.4930198819537218,-0.07984754991227505,0.29037919041523635,-0.010309276583672278,0.22329364949390673,-0.28742709648538867,0.2345549693506944,-0.2903791904152364,-0.2753807768420303,-0.00620882771177977,-0.2381284398268911,-0.2735271241711963,-0.21991079777585845,-0.2753807768420312,-0.35966717443600427,-0.14721597042796125,-0.30755629962337855,0.3606087787582969,-0.27393550374970754,0.3596671744360036,-0.259131273757844,-0.11452359339143889,-0.23678309630281966,0.2602601409190131,-0.19956936911712586,0.2591312737578431,-0.19331893554352075,-0.1527705439148581,-0.2016645930496939,-0.20122742574323138,-0.13960089083722493,-0.19331893554352061,-0.00853274906114815,-0.1806090380429067,-0.1014831869418019,0.06097938097666368,0.06200204628654553,0.09123476731974058,0.12560514832503608,-0.16753419360075178,0.0029597590587291957,-0.09446558399833406,0.2724502762229419,-0.08711500363659448,0.22331891547694457,-0.3326063219743947,0.04447657100227494,0.20888448263743453,0.3382706014129783,0.23659907602332939,0.1583138036181754,-0.1979271096259234,0.0023237949220398747,0.08613256876516112,0.3211345540974426,0.12174179638126821,-0.11845608798419643,-0.23857617786221155,-0.24956723212927986,0.05005345709261023,0.039992789328684566,0.09088830449487062,0.1284486057414408,-0.09476889547402252,0.017312266835023817,0.06400550711403977,0.2505315178594787,0.0886745227462816
acc_y_abs_sum,0.160754703454822,0.6097171174401115,0.586234706681505,0.8320234201386717,-0.31779255061657113,0.8684953972994529,0.23663578062837026,0.7786234277826676,0.6902822515402064,0.9802134484500099,-0.38461810165823673,1.0,-0.3026138113640207,0.5495346152345527,0.28000247234594217,0.6000514809136163,-0.7461768017751882,0.655450343156818,-0.4720206249957274,0.44537544945863405,0.03222071571945216,0.5513870205985233,-0.5910233946368779,0.5533770376662709,0.39422441045198686,0.8029384665310583,0.733709462635331,0.6705742736139738,-0.22803989512127745,0.6340604500311651,0.4422579248731967,0.7858774021364163,0.7195402114413135,0.7705783470895876,-0.28873789329320676,0.7419280042245038,-0.004560308259332993,0.6305765768944241,0.23024949609460058,0.018490953506327092,-0.25244271157315773,0.00456030825933302,0.02396805659465369,0.6544088437441654,0.31140451364057165,0.03310560711381202,-0.24220227096754873,0.02396805659465455,0.1571970865902085,0.6530804337742961,0.37523920034105085,-0.14306305726678867,-0.12096572884418996,-0.15719708659020837,0.087112707170822,0.6472496321035413,0.3365012092608854,-0.07675958427365696,-0.18515220717531675,-0.08711270717082031,0.5420756041636663,0.6704980550932276,0.6913195461397307,0.5975935391508617,0.2720995000236804,0.5420756041636662,0.0026536889882057325,-0.0896497315912795,0.0011561112921645515,-0.3368770846918892,0.041083938076523,-0.35124880388510415,-0.232989655055556,-0.02502524531308676,-0.15203356814796049,0.010017610524773877,-0.28594899692715114,0.019788130541224132,-0.6564860651816072,-0.06900825654395742,-0.5728221717397244,-0.5850937589219231,-0.6565700698688541,-0.5937077428811548,-0.3430131533350153,-0.02598076449885776,-0.2309212971628609,-0.30074943744379085,-0.42893692336472505,-0.32487803008800237,0.29999370264481784,0.020723647555438048,0.3623876731082133,-0.2750522605698865,0.17298062314605492,-0.30658039250278385,-0.2853416434819195,-0.12865145762510924,-0.2305203310278923,-0.24926600769749305,-0.2769992520091035,-0.2619560893704269
acc_z_mean,-0.4268133134211714,0.1763411397872202,-0.2220349899443738,-0.2096200206505848,-0.4525523371950038,-0.3530472924071233,-0.41781668811671435,0.11509880114548988,-0.24110911214175007,-0.20738064362304537,-0.4281289182453279,-0.3026138113640207,1.0,0.18346831087775986,0.47376007989354907,0.0142169392487952,0.30920631369357704,-0.14564019418659763,0.22729276520750968,-0.007010327124791895,0.18427565359280534,-0.024871029058892415,0.13878055043668702,-0.03772834516210758,-0.2549228880046839,-0.20405273303294671,-0.31174356290675476,-0.12691037630543137,-0.1355170000405485,-0.11377933602721917,-0.31726649843323673,-0.393807669682237,-0.42775725343494164,-0.27991323063152107,-0.06431669374248512,-0.2525570335709767,-0.17509309442235707,-0.1661013657386377,-0.18222580494958118,0.17078345002492,-0.0554383602417685,0.17509309442235685,0.12926315063420496,-0.22840811485682944,-0.017668075257103667,0.12609917099899864,0.17769830264038747,0.1292631506342052,0.08878027631739305,-0.11593771739154062,0.005022051052782681,-0.09176200537554306,0.12107123753958861,-0.0887802763173929,0.05106912168910196,-0.16253942432362045,-0.04204007706891862,-0.054069569565055,0.10410921564703605,-0.0510691216891018,-0.2535739870825599,-0.3108047708257192,-0.32666351983009195,-0.27271539925841753,-0.13331623941715307,-0.2535739870825598,0.049610776488919366,0.1976768593254657,0.14494469339441102,0.20112035631642072,-0.02769227432327892,0.19040753227279267,0.14148593520581818,0.2559710601084515,0.19599440186586636,0.1576492193644873,0.008605736068036121,0.13861322436618245,0.2831465170018112,0.43739842240761445,0.39556788322344716,0.2533157673665258,0.13095740294427144,0.22854494657397253,0.19332502875114943,0.2870554169457718,0.2516477120998669,0.2296874583210829,0.04877854140837007,0.2096516351961405,-0.19574873568226522,0.27707084470857196,-0.06862725891807321,0.23580154321830582,-0.2451883316609077,0.21850002595251253,0.14973607926116544,0.2821723542545307,0.23099186117875647,0.19448100275691155,-0.03276234764268946,0.17385504110847533
acc_z_std,0.1306961734606966,0.8003593352604564,0.6308965473220878,0.7502964525341931,-0.6628002199744044,0.6716191592908749,0.17320948618132817,0.6382833843007798,0.5725764542348734,0.6018966659523739,-0.5059702514721769,0.5495346152345527,0.18346831087775986,1.0,0.8896404438546103,0.9629637995036424,-0.774981405337422,0.8888979459330532,-0.21597966636841076,0.3453676740769492,0.18268103668011443,0.40321022579157095,-0.3554159185410016,0.3999022763012934,0.14400840120897726,0.31923194203482036,0.2915927302860349,0.1731801364694579,-0.13609453058571075,0.14602738163672563,0.1403312407427263,0.4335159769161014,0.39054365386050666,0.36946117915974813,-0.26942324028225806,0.3382345977477847,0.3207811690621052,0.28634359598346704,0.42281888726731365,-0.31554511638610444,0.19692194935598473,-0.32078116906210485,-0.2453056105543073,0.36695662204083773,-0.074815504803779,-0.24116600743595765,-0.3823026522481828,-0.2453056105543077,-0.19105086450031958,0.25846423913987465,-0.0728214684076404,0.19696494470002318,-0.3379217444615768,0.1910508645003198,-0.25386640897869595,0.23063815247265715,-0.10804670701792139,0.25795247498395224,-0.36920593838581683,0.25386640897869683,0.2096341937824529,0.19708834866108627,0.25937538887118994,0.22685499288915886,0.19484760778512594,0.20963419378245285,0.17315583464392864,0.04301345395803956,0.2567018693870343,-0.15625760143095765,0.14833907930374085,-0.17787225447745414,-0.3623800116400604,-0.17107895444753515,-0.3146285853799461,-0.07909307024042708,-0.3819540906559884,-0.06006442225183626,-0.5699021857012975,0.06426678625889139,-0.45299670280774795,-0.5604903331414377,-0.6211081415515015,-0.5697684350810166,-0.4630989590211691,-0.16440162154036714,-0.38589525277364456,-0.4231618326147432,-0.5218308657723069,-0.4370924629678783,0.4276818134700238,-0.12452806727076883,0.4556192664887595,-0.40177829088013706,0.32709005344105263,-0.42076090682744,-0.3532092841158179,-0.23863170483079196,-0.32816822970719994,-0.3455675190136557,-0.2970658892555818,-0.3493528418944444
acc_z_max,0.043184875344850014,0.7507106375053291,0.5156565144475672,0.5406152819431238,-0.7445122498081261,0.40678620454521996,0.08749979769696598,0.5270516316660024,0.4285160612354013,0.3624411010229621,-0.5441633465335338,0.28000247234594217,0.47376007989354907,0.8896404438546103,1.0,0.8125882336313908,-0.4647604321767275,0.663593639690941,-0.0261801090092127,0.21654201227282566,0.2253635393747555,0.2437734219385794,-0.15778167905410936,0.23585869180370791,-0.04346364096254194,0.07450645662983048,0.013362967118026849,-0.0339526958321605,-0.1521372642060037,-0.050684989242114634,-0.060956116195958254,0.16789096795013328,0.12023688638410593,0.11380965447222356,-0.24559968957370337,0.08983708836248672,0.3154911743546519,0.08268679967803384,0.3518157911097837,-0.3146449669482079,0.2828855069052864,-0.3154911743546525,-0.24654680887045236,0.14368606586940513,-0.1853341209116326,-0.24538771007421292,-0.30446617412005617,-0.24654680887045335,-0.24135027781127477,0.055858843842335255,-0.1963834475020883,0.24386445458514028,-0.30832986466115087,0.2413502778112753,-0.2910123921683354,0.03337625345387008,-0.22498390176492,0.29267621297513474,-0.33090014466346473,0.29101239216833674,-0.013043930342833004,-0.005344556954241061,0.0038722539968356422,-0.007586579552501191,0.012994585962118166,-0.013043930342833016,0.20128875512355993,0.11324750157085443,0.32552094311303903,-0.015106341396644594,0.153448318360235,-0.03444719091700554,-0.2446968021531552,-0.07988395554671969,-0.20262211308702804,-0.020822832144227775,-0.2935574122358533,-0.010302579149256134,-0.3134928903036084,0.19739760195054817,-0.18857770404900093,-0.32911924908098583,-0.40384702142032425,-0.3426207487914994,-0.3037235216851832,-0.07360241498113951,-0.2431782698982385,-0.26501383020544655,-0.3851268617486078,-0.27696013192154323,0.27458841649491833,-0.04811517753650353,0.314833652328246,-0.24842986938339817,0.190851499138526,-0.2641226472931265,-0.2214917228577086,-0.118950015043947,-0.19103620733842155,-0.21335233519680968,-0.22252785624716007,-0.21932854802865098
acc_z_rms,0.21747728509519834,0.7568893512213564,0.655175355955787,0.7860827126175248,-0.5805928559870046,0.7322579285190739,0.25302659586448456,0.6073357885126222,0.5993854581617293,0.6349751286369555,-0.4300981881085979,0.6000514809136163,0.0142169392487952,0.9629637995036424,0.8125882336313908,1.0,-0.8060372103715431,0.9643623206961226,-0.24013851705183278,0.376862072276992,0.16308925187774875,0.4261815319268739,-0.40613961221200284,0.41903314983576034,0.16309852262032418,0.3493944131909818,0.3297422004222384,0.2072635236189034,-0.13044107863746796,0.17708749809072588,0.17324485181777716,0.48826457413080343,0.447522230900131,0.40450663093939354,-0.27917703142427347,0.3671300571646791,0.3706909789389832,0.3020161706295043,0.4677917352230354,-0.3655133788067961,0.22828695738020086,-0.37069097893898334,-0.2990376651339043,0.3874834834254584,-0.1023518521927336,-0.2949569149795879,-0.4317909800125073,-0.2990376651339049,-0.23184028045539906,0.2661158206350283,-0.09648523478818152,0.2378343901970561,-0.3807956006703872,0.23184028045539934,-0.28415998297564943,0.22828010267016655,-0.12876606650833988,0.288180023572203,-0.396511594186033,0.2841599829756503,0.24563178813448167,0.22492825183742912,0.2977374920039141,0.2612660295471203,0.22267522325301253,0.24563178813448144,0.1635204523975833,-0.019643667746348025,0.2161601128251705,-0.21733585549093218,0.16498386500042128,-0.23537444479839126,-0.3641812841457086,-0.1749642956289504,-0.3197138991496886,-0.08175462406891303,-0.3791002006072417,-0.06273632381933764,-0.6349530942779185,0.027544675709469474,-0.526568904514718,-0.6147290738957136,-0.6793720913030482,-0.6240427687149938,-0.4788033828172022,-0.16726563521265136,-0.4018306563812794,-0.44045325739613717,-0.5370862674566733,-0.45598153785568946,0.4392065232339989,-0.13118691429893506,0.4698279622850621,-0.41846902491680565,0.34531966428158756,-0.438064635839122,-0.36760722565220244,-0.2429608623451435,-0.33982310491063594,-0.3590561789768822,-0.3063476818120402,-0.36421634701705974
acc_z_min,-0.2713674069653604,-0.631820949158679,-0.6900980278160175,-0.805373350293184,0.34015899235077657,-0.815280261692814,-0.3091032478788121,-0.6161876871140848,-0.6814138615587841,-0.7493483063346928,0.2962101002539989,-0.7461768017751882,0.30920631369357704,-0.774981405337422,-0.4647604321767275,-0.8060372103715431,1.0,-0.8277192052310165,0.3650420214579511,-0.381744341113118,-0.06999393333681701,-0.46050458424214213,0.4751255016742613,-0.4676052858324013,-0.30442248630937335,-0.48573266123366254,-0.5119026730216392,-0.32487291080300706,0.07950718663322487,-0.291260494745129,-0.36877255038067985,-0.6790781599167609,-0.6521196609744966,-0.5932589961717283,0.2088960721545828,-0.5549284845143934,-0.24761041161409195,-0.45889553906382197,-0.39367477159712444,0.2374221449275715,-0.039266361353521885,0.24761041161409225,0.15693125406456965,-0.5324442565897304,-0.0995645520848083,0.1496926837622796,0.3486041001122966,0.1569312540645692,0.08515855993566308,-0.41385117117935427,-0.08858017805723803,-0.09382132404221094,0.2744989420008783,-0.08515855993566349,0.13215418233568643,-0.4265147908859231,-0.07905885842725204,-0.1388924250559468,0.31324399216383814,-0.13215418233568718,-0.41234118694639116,-0.4502321049123862,-0.5181795564309465,-0.44957956578370867,-0.3040504240686598,-0.41234118694639044,-0.1036193424469512,0.04338742908797335,-0.133492827999237,0.24907264385174727,-0.11013413551164161,0.2654148886158803,0.418853196768891,0.25672338972643677,0.37546569569319765,0.14795958039579615,0.3824322059479753,0.12312870958536314,0.6894695155947925,0.1411711770405736,0.6275676139225697,0.6590528319148459,0.6687206919379003,0.6582738137014627,0.5330860224050928,0.25498176123932037,0.46303309361214806,0.506363352044392,0.5315820536379892,0.5152958811089599,-0.5032767509299836,0.2065862334473492,-0.4930422345796499,0.48769637169904473,-0.411129604012294,0.5026411845014744,0.41605050511073255,0.345092450339034,0.4146820338547777,0.42015889484373675,0.28238647599076583,0.4164622442982647
acc_z_abs_sum,0.2602727690545466,0.6734843395081157,0.6316981239728083,0.7891653260957758,-0.4537445174610974,0.7738948684175769,0.2828259421678928,0.5704755604107904,0.6008197134359446,0.6658292379553379,-0.3408659067615642,0.655450343156818,-0.14564019418659763,0.8888979459330532,0.663593639690941,0.9643623206961226,-0.8277192052310165,1.0,-0.3140054989035686,0.42229245555370754,0.13294491230402525,0.46751707496360256,-0.4804373724192993,0.4610676141220233,0.24298646826392192,0.4226940373633032,0.42938470348330315,0.2922335043941235,-0.09355379648651192,0.26101434911773036,0.2496086808718925,0.5462824615150998,0.5160702794200545,0.4760198744894462,-0.25002380615405934,0.43912137087201125,0.35724347877017554,0.3568063654465148,0.4713231281034832,-0.35120606449535774,0.18698364385666985,-0.3572434787701765,-0.3016024639956409,0.4517268233846262,-0.06823370102611168,-0.2969662154820949,-0.4549620747725121,-0.30160246399564056,-0.21433654124238316,0.3332380244325902,-0.05247836371965416,0.22143056197009503,-0.38868869182791604,0.21433654124238308,-0.2635578995451571,0.2765751787366606,-0.08848516134872707,0.26800031076074954,-0.39448218490102444,0.26355789954515857,0.3086799694122125,0.2613466733039538,0.36173776775820543,0.3239250014913039,0.2853810785671822,0.3086799694122123,0.14382609136577054,-0.08426670160594169,0.15577354005134803,-0.2798389141747801,0.16851052143357007,-0.29344756180239145,-0.36442838803689104,-0.1770434441809203,-0.3190269182826211,-0.09306112427863482,-0.3712809717222416,-0.07430980356135304,-0.6935506086218266,-0.03215749897456748,-0.598776920802644,-0.657080087327711,-0.7166252677221007,-0.6647617953818159,-0.4906890817405558,-0.16933051503463456,-0.410034835044329,-0.4548844422449986,-0.5412264339323916,-0.47237824012115437,0.44970128895707817,-0.13176440844304452,0.4813055429351708,-0.43150162418016336,0.3573545909777672,-0.45293950304145864,-0.3866675003991828,-0.25088245967218037,-0.3552087394917754,-0.3712147759637354,-0.31750992126600974,-0.37706915967815924
gyro_x_mean,-0.11642541855910958,-0.206062541952994,-0.2463403318470356,-0.36210518905028105,0.0057957505325078535,-0.4307018355407151,-0.15606051896866896,-0.3014775003080009,-0.2517346849313335,-0.44043073093815244,0.08479488529513168,-0.4720206249957274,0.22729276520750968,-0.21597966636841076,-0.0261801090092127,-0.24013851705183278,0.3650420214579511,-0.3140054989035686,1.0,-0.22853982167386575,0.5576593153931804,-0.33041622412054455,0.7242464340925024,-0.3283550675804676,-0.3424379529571159,-0.47835615211473587,-0.5109847134972682,-0.3855723815947811,0.006574382492017113,-0.36809367979157487,-0.31804748008495326,-0.40617994960757653,-0.41694834055628494,-0.4719129626294894,0.0681407273443483,-0.4689321879790205,0.10871170350739975,-0.3300906475211328,-0.019884732381439806,-0.11822434983228845,0.23078725724841748,-0.1087117035073997,-0.0780957118520174,-0.5927938134301183,-0.32623437790551835,-0.08594783042031016,0.16788943954628635,-0.07809571185201862,-0.1590318533242993,-0.48404360296185084,-0.30998530179306316,0.14902540180422574,0.04423409786986625,0.15903185332429914,-0.11877782442116948,-0.3845495037865787,-0.25934948189272217,0.11198258517561052,0.031501766411809934,0.11877782442116935,-0.28967393361377086,-0.40358379872653605,-0.3909989070026798,-0.3263395967739028,-0.10229507421932753,-0.2896739336137707,0.04996505129893591,0.2086493720480691,0.12827794669476167,0.39682974267327037,-0.03472125298073465,0.39563921487596254,0.28734498317656537,0.19594264604158032,0.24211492421826403,0.18218506110011354,0.20570140584639865,0.16544801287668856,0.44001548092362636,0.20230075564094346,0.4211417439331673,0.39122777366529293,0.3527543579826664,0.3862515495308114,0.3491895577259881,0.16073555865450487,0.27370971619753287,0.32880791468694176,0.298534481654238,0.3455375527150372,-0.317502256482416,0.09181255819256766,-0.28454445592227545,0.30098287131194595,-0.22419439739420846,0.32312666080450947,0.3517495029852313,0.2562035169038743,0.32260726161020914,0.2978648862568877,0.24516169537484017,0.29890704586994116
