,acc_x_mean,acc_x_std,acc_x_max,acc_x_rms,acc_x_min,acc_x_abs_sum,acc_y_mean,acc_y_std,acc_y_max,acc_y_rms,acc_y_min,acc_y_abs_sum,acc_z_mean,acc_z_std,acc_z_max,acc_z_rms,acc_z_min,acc_z_abs_sum,gyro_x_mean,gyro_x_std,gyro_x_max,gyro_x_rms,gyro_x_min,gyro_x_abs_sum,gyro_y_mean,gyro_y_std,gyro_y_max,gyro_y_rms,gyro_y_min,gyro_y_abs_sum,gyro_z_mean,gyro_z_std,gyro_z_max,gyro_z_rms,gyro_z_min,gyro_z_abs_sum,quat_w_mean,quat_w_std,quat_w_max,quat_w_rms,quat_w_min,quat_w_abs_sum,quat_x_mean,quat_x_std,quat_x_max,quat_x_rms,quat_x_min,quat_x_abs_sum,quat_y_mean,quat_y_std,quat_y_max,quat_y_rms,quat_y_min,quat_y_abs_sum,quat_z_mean,quat_z_std,quat_z_max,quat_z_rms,quat_z_min,quat_z_abs_sum,encoder_angle_mean,encoder_angle_std,encoder_angle_max,encoder_angle_rms,encoder_angle_min,encoder_angle_abs_sum,grf_x_mean,grf_x_std,grf_x_max,grf_x_rms,grf_x_min,grf_x_abs_sum,grf_y_mean,grf_y_std,grf_y_max,grf_y_rms,grf_y_min,grf_y_abs_sum,grf_z_mean,grf_z_std,grf_z_max,grf_z_rms,grf_z_min,grf_z_abs_sum,grt_x_mean,grt_x_std,grt_x_max,grt_x_rms,grt_x_min,grt_x_abs_sum,grt_y_mean,grt_y_std,grt_y_max,grt_y_rms,grt_y_min,grt_y_abs_sum,grt_z_mean,grt_z_std,grt_z_max,grt_z_rms,grt_z_min,grt_z_abs_sum
acc_x_mean,1.0,-0.2902025670658766,0.10250890575389565,-0.07741622521417234,0.5002494256982839,0.029956064108823583,0.9562911045745722,-0.33156026352761764,0.06812248621804937,-0.08226482891490142,0.5604671760103185,0.04379108944099705,-0.5347372330546517,-0.18378192832043094,-0.2676223577947803,-0.014661759206199538,-0.0033955899910025227,0.10381804135567042,-0.3288810979483947,0.07160151945383458,-0.20424517646650084,0.24677235529571864,-0.22572811138477158,0.27317345891331063,-0.15395657651065223,-0.014399193040614398,-0.09245740354880962,-0.06604625557001571,-0.17576527290727742,-0.07598918058232466,0.12163515924103487,0.07388968428299054,0.12795102948822146,0.18656474357297417,0.10923041632024537,0.17330489044406708,0.6201162464348386,0.21713761734728304,0.5804650164019681,-0.6170687254667294,0.5207299007646833,-0.6201162464348385,-0.5464229047306876,0.38100287456444104,-0.37787079686665553,-0.5444482361237618,-0.5473947245970413,-0.5464229047306892,-0.566149872241477,-0.040326067239748395,-0.49626562974607297,0.5654601691867871,-0.5176708076068035,0.5661498722414764,-0.4580537577229313,0.1559767519988693,-0.3560747684662643,0.4592191517142619,-0.47569883553756986,0.4580537577229291,-0.0562709114710294,0.13378556804247732,-0.0033164040670721124,-0.058397527209659926,-0.0885582732387266,-0.0562709114710294,-0.05776840236494585,-0.08847273095350883,-0.09763497053610376,0.017561119815087848,0.028095610601691,0.03008733116546411,0.24946585540033098,-0.21254764092592907,0.15028246406705986,-0.3518231838985911,0.3812016578709664,-0.32815052260148986,-0.060502951144147485,-0.06687464315437186,-0.07372237118711993,-0.027603601652714443,-0.044576547316410184,-0.02613688934670069,0.15765080881614826,-0.23331910049402219,0.06184927215523591,-0.01370107967862543,0.33418434892297777,0.01361613955351798,-0.1461923961241538,-0.15190422284991983,-0.2735588580521496,-0.030691608545868363,-0.04226415003926897,-0.012698734702078393,0.14950095546149617,-0.16275268451815833,0.03533736215942923,-0.20796110054400746,0.29747299133006416,-0.18344007196239065
acc_x_std,-0.2902025670658766,1.0,0.8145363382758805,0.8668105765456804,-0.871170863705492,0.7249333858145324,-0.3267331417505858,0.9240775885981176,0.7182560940262616,0.7726166363279069,-0.8882325190837315,0.6268782454723689,0.49104002763930765,0.9314680893475279,0.9223195402474823,0.8707021915360967,-0.6698610324043826,0.7720317365778601,0.11996525173254863,0.4546275493739013,0.5490056475440721,0.4250007337950416,-0.3452700748079574,0.38264790135730264,0.27814730323909004,0.36475070624624917,0.34941280656554813,0.2769489888243712,0.04543760112907949,0.240184667023131,0.16620221417211808,0.5041138953308302,0.4513347158054375,0.3124546930120288,-0.16378407216672253,0.26823556297129797,-0.0816157789533113,0.22912335528943034,0.028471302764029358,0.0846744220385785,-0.11134537114688772,0.08161577895331232,0.08764212972524732,0.1439299456266149,0.12908076800750862,0.08841810996080293,0.007857142785136405,0.08764212972524409,0.13268016712612934,0.23209056775422524,0.17146463714002358,-0.1272447746484201,0.03297515624357235,-0.1326801671261299,0.17068533575829928,0.20493281581260878,0.1879942424491614,-0.16978873105419318,0.09170390891575389,-0.17068533575830355,0.4338029767741919,0.18102269103188243,0.4125447349073716,0.43995811072201874,0.43425182260028716,0.43380297677419166,0.14564770224726772,-0.004111210390025574,0.19904299231389805,-0.15703210672755383,0.09140218708829169,-0.1816264651529791,-0.38357197965295053,0.1489808335785477,-0.29110374434810704,0.439968125316972,-0.5671928377072164,0.4212600350793979,-0.30962721465566195,0.14116922843420382,-0.22515587191735187,-0.26093447702666456,-0.39306717292436527,-0.26832301413360093,-0.47242793746713074,0.029681084013669305,-0.37135166586388685,-0.2728062860757968,-0.6732361626913742,-0.3095208542667398,0.39067509493371877,0.0883748448565319,0.6187518004004536,-0.20973465386455764,0.2636798019580985,-0.2589297859620369,-0.32857680396551725,-0.03607618552252863,-0.31764996228052744,-0.24009217958898307,-0.4391001961436306,-0.28342068037935225
acc_x_max,0.10250890575389565,0.8145363382758805,1.0,0.7901300839105738,-0.4763001672952912,0.7191541280785471,0.05587700281929716,0.8173205660580402,0.9493012043497998,0.7724890374529734,-0.560639293468399,0.6917240933881904,0.09821426695601843,0.7827958348634025,0.799408496469315,0.7834194120924821,-0.6173266291327513,0.7155889612113258,-0.13077236034955803,0.3640177499105656,0.28722921136566393,0.39174506449370583,-0.41832855619510084,0.3584107143318944,0.24846359591744002,0.4104569446220584,0.3564640750998805,0.2592853640567268,-0.01860718846373751,0.21259270106995085,0.24062925362541673,0.4859960140725708,0.44540991432249216,0.30451804672132965,-0.09259883890785865,0.25821126770545905,-0.003796820628136347,0.2159800670306333,0.06886970677683345,0.006996047813929309,-0.05822209368758466,0.003796820628137351,0.027652071833771948,0.17001090438756947,0.11943334851919248,0.028742046358060675,-0.0068182142002776724,0.02765207183376864,0.0924263712327419,0.17770054876228225,0.13161745945738532,-0.08805980134369712,0.02261865674624065,-0.0924263712327422,0.1784583186178101,0.19152985456696822,0.2191375643750807,-0.17758189557001802,0.11739621203153575,-0.17845831861781372,0.5407726121863304,0.1672053455711273,0.511961675326914,0.5413191070586666,0.5666046591050508,0.540772612186331,0.05850018081203248,-0.03776842209110057,0.0573830272743806,-0.13387873883743798,0.02466703187246917,-0.1498054843040982,-0.24232306763219874,0.2069747143753315,-0.1789816061834255,0.2978756826263158,-0.49923745264502206,0.2760210552523072,-0.27935296425385886,-0.018641001447569385,-0.25291367644155516,-0.21830996129535518,-0.3208541444757207,-0.22028359918404344,-0.335998009635777,0.06066849879515026,-0.2879973332297351,-0.14361775701277849,-0.5847606900613429,-0.17947669408857309,0.2675956390700229,0.09641820204584793,0.5373173550357326,-0.10734983329175793,0.21560304106411673,-0.15423478258742554,-0.21763857060509875,-0.03657640951928735,-0.2540788297731715,-0.19146991560452892,-0.3791092980551965,-0.23445595900059202
acc_x_rms,-0.07741622521417234,0.8668105765456804,0.7901300839105738,1.0,-0.6589471860388081,0.9644268009884281,-0.09334417776877703,0.8563373278537316,0.738577494919347,0.9376606120575549,-0.7144241632935766,0.8817775420674528,0.0886768129654059,0.8741812005733749,0.7496783727189393,0.9111036142874829,-0.8237923331615655,0.9102154248539779,-0.15923709348132822,0.5769869587000084,0.454066826363085,0.6150285754184889,-0.579749210514479,0.576199231615513,0.36052976131197884,0.6355306966354448,0.5410475898352284,0.3883874300518149,-0.013377957473719365,0.3255945480768042,0.32158489646356314,0.8186317896702555,0.702418100393531,0.47970815562763,-0.17890062454595043,0.4081032076708846,0.0918880133161353,0.34948489120313636,0.2026066785132833,-0.08755824468945798,0.003949147189611044,-0.09188801331613417,-0.09290621134160915,0.281023169006976,0.01957512493579232,-0.09151084494186133,-0.1644190042809798,-0.09290621134161309,-0.0013980122286910031,0.29210956594200677,0.07475765159789653,0.007752665458588833,-0.11738104620500439,0.0013980122286903459,0.04474222244515709,0.2870629499897052,0.10645943503889907,-0.043449196668349066,-0.04241146792367738,-0.04474222244516263,0.4797496116887994,0.3428454425848303,0.4985857236984356,0.48959085089412313,0.4480637459857614,0.4797496116887994,0.12770285904235898,-0.1714580201275361,0.06269987793558875,-0.3387551363659152,0.1505337688763552,-0.35542954146740835,-0.44533840505523403,0.0354329586960297,-0.38783016252535135,0.4652951820190877,-0.5595296163645196,0.4572744584252566,-0.5455053971107051,-0.07724926577810391,-0.49226582432421695,-0.4611821486869469,-0.5833055000580661,-0.4626585416495288,-0.5991167980950151,-0.15368603927979646,-0.5388649917818156,-0.4428895300990328,-0.6978296819410545,-0.4730326404140752,0.46151808362189484,-0.08680475529436572,0.5789542645130441,-0.3851840507843844,0.3969934254337303,-0.4222506793782847,-0.43232187617255274,-0.2077306704805032,-0.5009423044400332,-0.4141398992193639,-0.39063982283054977,-0.4473118493823996
acc_x_min,0.5002494256982839,-0.871170863705492,-0.4763001672952912,-0.6589471860388081,1.0,-0.47316663068869713,0.5396202938949237,-0.7397542070986561,-0.349955695419027,-0.5171977750779094,0.9313788684746864,-0.34059805763179607,-0.6905354506429622,-0.8069445956568972,-0.8167074365357108,-0.7087381212003955,0.4939054017780432,-0.5912270720592132,-0.3562524539172098,-0.34686567183303113,-0.625754508175633,-0.29805241973689994,0.10631873517120233,-0.2607201969481046,-0.09864699115126674,-0.1511862833505771,-0.1301919206752984,-0.08778031030893653,0.027106257077342086,-0.06763289373249053,0.07086805295326447,-0.3255381351078849,-0.21366364982646535,-0.10230788609761286,0.2743890823719717,-0.0710856556489649,0.0942779062083795,-0.0558201784831145,0.02363515528982401,-0.09434535082842792,0.05874099879881641,-0.09427790620838027,-0.06160997856627054,0.034650257220878715,-0.015271235509826791,-0.06114755715891404,-0.01794457399143788,-0.061609978566268375,-0.10962378475258705,-0.07930578109517399,-0.09646561961185812,0.10711383701717846,-0.05373567686182692,0.10962378475258756,-0.08766436762789409,-0.035697621318738375,-0.05867624405744891,0.08761955982393661,-0.051224526897274976,0.08766436762789759,-0.17112425094055903,-0.024903967604971027,-0.14907940811876322,-0.17670159737233024,-0.1839471683787331,-0.171124250940559,-0.22102673217607488,-0.02917879488923556,-0.3196312658301249,0.07112378509142657,-0.14436941693275163,0.09103585309225559,0.3705648722760783,-0.10104691984763739,0.2733868078660702,-0.4149392652779568,0.4695996953403031,-0.4003831837730473,0.17910543471322707,-0.2913018938509808,0.059265799998161825,0.16879337849428375,0.281552111439453,0.17994260181274746,0.4255770556336409,-0.04026108162434932,0.30200804548368093,0.26357028442745567,0.5640721936170774,0.293273886038404,-0.3593283504258475,-0.07618714759343778,-0.5156605835755828,0.1959765064023731,-0.1963205042900127,0.23560262464245021,0.30115292117825326,-0.0012599118591647331,0.2412634060153717,0.1866347588956484,0.36914000679359515,0.22066617737070518
acc_x_abs_sum,0.029956064108823583,0.7249333858145324,0.7191541280785471,0.9644268009884281,-0.47316663068869713,1.0,0.025433802116314373,0.7533864544485216,0.7021948463813512,0.930437948744525,-0.5538986780485896,0.9332748520940695,-0.11881923212664883,0.7497603531947316,0.5849845779895931,0.8256908113973177,-0.811962612075857,0.8737807785558316,-0.30251243021613905,0.5748482251081898,0.33126625779609586,0.642158329815187,-0.653487723728815,0.6103450211852014,0.4190638333117697,0.7124799385795841,0.6153771264060729,0.4527032195115077,0.01707472285831635,0.3867550485588658,0.4145094204041484,0.8835546760168997,0.779003889208718,0.5536812493837339,-0.11835350763026728,0.47987347466023883,0.14638590474098007,0.4171295198826345,0.26327175984724394,-0.14123385339282635,0.02693792888650175,-0.14638590474097876,-0.14002285266804929,0.3603470352489409,0.006415602083005905,-0.13822916230836024,-0.21827061335299067,-0.14002285266805337,-0.047121894418641154,0.34762582069978054,0.053501388787423707,0.05434948833781579,-0.17832217409256682,0.047121894418640474,0.004420262537454888,0.3460687045048012,0.08889961438608845,-0.0028575607542597995,-0.09298177281951224,-0.004420262537460224,0.4846883418878457,0.4041179944205993,0.5168025811761334,0.4957717184005903,0.43668654592064315,0.4846883418878455,0.08273702480731635,-0.22041004333679107,-0.02839444497312293,-0.3976444805183194,0.14117315041286627,-0.4113167471189639,-0.41650006389215344,-0.015384714253245836,-0.3856097479991373,0.41559627163087126,-0.49631312558664265,0.4124471687932081,-0.611409211087402,-0.20561269549113045,-0.5872665757266176,-0.5124836553797361,-0.6167771353716659,-0.5096451386583605,-0.5869814568708989,-0.22196388814524928,-0.5599397978874417,-0.46887276705543945,-0.6327741681680694,-0.49434472728143813,0.44622408695598476,-0.14449830913597064,0.5108611625256189,-0.42390040585637623,0.42149319796508394,-0.4537576475821288,-0.42804088256462924,-0.26364654448857233,-0.5357049717640415,-0.4470562889118511,-0.3323077329268085,-0.47564866084030527
acc_y_mean,0.9562911045745722,-0.3267331417505858,0.05587700281929716,-0.09334417776877703,0.5396202938949237,0.025433802116314373,1.0,-0.3636910713728456,0.051899347373361375,-0.0837074398280715,0.6131153972353454,0.06143990398774799,-0.5823899107267363,-0.23406183016962565,-0.32668830279890704,-0.05898217865689836,0.01732741446601557,0.07689040356937595,-0.4473683240754589,0.09438135717421413,-0.24987334923746074,0.2753276698894199,-0.3005895094340867,0.2973377062493965,-0.055304950711067426,-0.004543938112615168,-0.014491158955127445,-0.018123205716904872,-0.04336739036083353,-0.02652852323300314,0.23268439198764976,0.028329599817061894,0.180124411063769,0.23263091512367373,0.24964827325200303,0.22757255023406586,0.6195882861813907,0.27777215720313847,0.5916409219467357,-0.6152239256796026,0.4916608241725738,-0.6195882861813906,-0.5484660658559181,0.4346530817828162,-0.35549940183222734,-0.5460952196413714,-0.5662983639866325,-0.5484660658559204,-0.5765186399197066,0.010946976169026469,-0.4789107558076535,0.5770384197882911,-0.5335344687320532,0.5765186399197062,-0.46330931862604025,0.22172465605624325,-0.33875231172289605,0.4649291394566382,-0.4926055584358694,0.4633093186260376,-0.047340969569834884,0.1599287954533322,0.016987655172601757,-0.04712387661757007,-0.075221149450921,-0.04734096956983485,0.03360583922546721,-0.16167396139272894,-0.05298829097066667,-0.06213176333241944,0.1125079540634368,-0.04540805060297546,0.180195054065382,-0.3046497689032615,0.06407687301898136,-0.3111138202332732,0.3716447165245677,-0.28049030338942127,-0.09964479937642409,-0.19388405171531894,-0.14502151993940496,-0.07054294022943236,-0.05347329268311212,-0.06438519820670932,0.07463481565388577,-0.2945050031279409,-0.02514668488597679,-0.11320907281078658,0.2869188521463238,-0.08482368126198579,-0.06753061426486437,-0.22848625041792242,-0.24894045090227,-0.12707498935980865,0.04082458076931803,-0.10605329510951754,0.08515274181173556,-0.24359997715661555,-0.04878400803615201,-0.2662352566177351,0.31275746052534076,-0.23412370382570596
acc_y_std,-0.33156026352761764,0.9240775885981176,0.8173205660580402,0.8563373278537316,-0.7397542070986561,0.7533864544485216,-0.3636910713728456,1.0,0.8214578458240461,0.882019252891254,-0.8779451151398102,0.7539802651786319,0.37131475087659344,0.901828317488399,0.883345313628691,0.8435341143295905,-0.7192676511037992,0.7513997867420164,0.028019013877734398,0.5088034328763769,0.5050752065454175,0.42680964493973106,-0.44067613856570653,0.38648917650374304,0.40835726090751495,0.5410928630519284,0.52044243725156,0.44207375611137745,0.10258400928608427,0.40050644937871094,0.2606799524496793,0.5528278638020401,0.52793417967159,0.3734847464409123,-0.10126855752848486,0.3322439995905908,-0.1950310642863589,0.28201471955567026,-0.06322896740665405,0.19918857434510248,-0.24916692335523188,0.1950310642863596,0.20060378168816426,0.13462079570092056,0.25490962871016437,0.20143603499324214,0.12311493043633695,0.20060378168816176,0.27376071919485806,0.3374356100834026,0.330777716653828,-0.26635167232692253,0.13747423120331223,-0.2737607191948586,0.2865124628358939,0.21924616265117342,0.30760460157623315,-0.2856689443039599,0.20856206930436558,-0.2865124628358976,0.5571872675095766,0.1420945570597491,0.5075288922837742,0.5581468591736499,0.5769322218701535,0.5571872675095767,0.09814695252506735,-0.12108080297247427,0.05951536603933242,-0.2765151287253171,0.09026503623269348,-0.2941363982289582,-0.4352734731817775,0.19300312979730336,-0.34038148685029057,0.5186185921492856,-0.6663652952582861,0.4969060656731743,-0.40879735489602587,-0.039440926755850515,-0.3613756314621011,-0.3453350417314639,-0.44456578077803316,-0.34640259762275505,-0.5158048716324348,0.022831179774451475,-0.42619296424267583,-0.28312457164678645,-0.7442096948134426,-0.32412818760631207,0.39888231482152936,0.01898711752083301,0.6212939549749927,-0.2231196564066978,0.33052685059444975,-0.26572821358675974,-0.3830758121647963,-0.09377808283645975,-0.4031780465305373,-0.2522067812911472,-0.4714667994253068,-0.29835881707574724
acc_y_max,0.06812248621804937,0.7182560940262616,0.9493012043497998,0.738577494919347,-0.349955695419027,0.7021948463813512,0.051899347373361375,0.8214578458240461,1.0,0.8074820840745307,-0.5000884072308707,0.7500848736726111,-0.008108010335465576,0.7043404548511887,0.7260560663497142,0.707426325678189,-0.5919697315851279,0.6463530702540383,-0.2441932922333806,0.3505052114338334,0.18872859646910756,0.352578485741048,-0.47507998692173214,0.3236381054569114,0.35649563146194696,0.5076865137449775,0.4768773935889953,0.37079315296353477,0.07019867885348782,0.3223321299395312,0.33248416157571115,0.4764349858923999,0.4899334174234742,0.34844474235985956,0.003027753333835101,0.31006963391319375,-0.08698143060886555,0.26368304587931446,0.0012517924141074767,0.09127322067682947,-0.1664624447823705,0.0869814306088665,0.10778068901286668,0.18797659060398034,0.2183091055918714,0.10908242037243902,0.06777525774637014,0.10778068901286379,0.18776478506061275,0.25821782459768594,0.2459359385912947,-0.1820506318430168,0.094130754961576,-0.18776478506061273,0.25574477987573213,0.21986181577511732,0.3072337343676836,-0.25478708800198935,0.1949624993511356,-0.2557447798757351,0.6094669955959945,0.14568624929812016,0.565951780516672,0.6070989198128076,0.6477456930387526,0.6094669955959938,0.04444558266744915,-0.1367916464421695,-0.03252808179230134,-0.2324340791348237,0.042500442463549115,-0.2417777769207677,-0.28777272191006836,0.19913273440618273,-0.23388927471682203,0.3467929667759578,-0.5542672915349713,0.3255851220318496,-0.3457959589227666,-0.2022523590376196,-0.36122928243035757,-0.2787883773686803,-0.33628281533275184,-0.273502931055925,-0.37481568463329645,0.03686054474708965,-0.34091542003182446,-0.17155315676508714,-0.6278208051918069,-0.20902712535572254,0.29388818499898367,0.025043001988903024,0.5401792334260496,-0.14147803435750558,0.28806961972830714,-0.18230879599650385,-0.26823248286008805,-0.08727725380724673,-0.3267224706924515,-0.20201166776816273,-0.3981643766563128,-0.24414025765290162
acc_y_rms,-0.08226482891490142,0.7726166363279069,0.7724890374529734,0.9376606120575549,-0.5171977750779094,0.930437948744525,-0.0837074398280715,0.882019252891254,0.8074820840745307,1.0,-0.6654196451805203,0.9676887948782068,-0.009054813251990059,0.8256351398766212,0.6971008228718937,0.8648996846113879,-0.831424750948245,0.8735189116943392,-0.2613529493965492,0.6205539926125012,0.40296589592810167,0.6313826798957282,-0.6613540733176192,0.5979278730803719,0.5068027500107508,0.7914134434089078,0.7104715208315711,0.5471458943783498,0.07517776687417031,0.4780436448783463,0.44176935746828117,0.7970598851940961,0.7612643707355775,0.5490345459938379,-0.04954793804339094,0.48722429265535316,0.011500418509363515,0.4262963608903382,0.14752794471443265,-0.005491996223546345,-0.10802731341123388,-0.011500418509362474,0.005742513157138771,0.31030791262079727,0.13998930171451127,0.007471864817516499,-0.0778122881868713,0.005742513157135001,0.09478384887373446,0.40292394713710034,0.19812636864115168,-0.08630976657617608,-0.05508227510701346,-0.09478384887373485,0.13259445286838675,0.3338005256743047,0.2061256828379516,-0.1311244284997006,0.037359649346619506,-0.13259445286839158,0.5789696345324417,0.29983931170764033,0.5706836703877933,0.58282899040138,0.563577310057282,0.5789696345324417,0.10818988878253827,-0.26147631578834396,-0.029574346159857563,-0.42601985916858526,0.16103338758300073,-0.4366752240929856,-0.44418677600309636,0.047926126478493355,-0.3979512007263628,0.4796882833960583,-0.5897984959440192,0.4714315462293449,-0.5899392649857746,-0.23655785698925652,-0.5758173252419454,-0.49374342800866095,-0.583028006102184,-0.4887810528580274,-0.6026704508534678,-0.16683851168384348,-0.5619374800605592,-0.43158595802325944,-0.7173263522242285,-0.46361153138426536,0.44938412825031204,-0.14607996959258926,0.5525474794646057,-0.3758841261227267,0.43794668005824455,-0.40612075303128553,-0.4385023036551437,-0.2770201929369728,-0.5514377590266899,-0.4279222135047509,-0.37334252788872296,-0.4605842438434093
acc_y_min,0.5604671760103185,-0.8882325190837315,-0.560639293468399,-0.7144241632935766,0.9313788684746864,-0.5538986780485896,0.6131153972353454,-0.8779451151398102,-0.5000884072308707,-0.6654196451805203,1.0,-0.4861806077000749,-0.6258021195807205,-0.8603082141420703,-0.865416544652237,-0.7552560063620748,0.6077026773193123,-0.629435800903036,-0.2891975289557093,-0.4079872896803051,-0.6171405716528131,-0.3011150381244051,0.2024063516688967,-0.2622750169302069,-0.19941528130331468,-0.314972622222975,-0.26932881875822656,-0.22297618834715113,0.018029216527138944,-0.19481374961779363,0.0024520804085376912,-0.4115392281827586,-0.29159977504433615,-0.15194198302890563,0.27498878216736905,-0.11462554208786924,0.23158900940775676,-0.07992064529081677,0.14111914599856829,-0.2322829041474776,0.2054853374774507,-0.23158900940775776,-0.2191896189901937,0.0723087443977565,-0.17558291665099454,-0.21869747757449834,-0.17782313773091518,-0.2191896189901913,-0.27450657289754615,-0.1595519053355937,-0.2672644824284477,0.2704590829549636,-0.18639369296430844,0.27450657289754654,-0.23752104629771456,-0.05136788252550362,-0.20364056677410888,0.2375466651067369,-0.19633500877115637,0.2375210462977178,-0.3289156864881214,-0.032687786954704756,-0.28310913246100056,-0.3315648706331915,-0.351596726250492,-0.32891568648812186,-0.13653146271339806,0.015387583345489462,-0.18659580245168023,0.14750238771773944,-0.089863180230169,0.1680753907456922,0.4110617245582899,-0.19706309474565054,0.2919322525539888,-0.5042676269510705,0.5956533909740549,-0.4813852465681398,0.24170658830001152,-0.1981527190477061,0.1419289896427242,0.2160756044576093,0.32385895740469484,0.22458876553964946,0.4380257782560279,-0.09347834690141332,0.30910710608145686,0.2217312269828095,0.643072119514021,0.25933486764406494,-0.34978164168694753,-0.08385748821925455,-0.5524045463454464,0.15702509019842278,-0.22156811651082903,0.196974138825656,0.3258552684228504,-0.004324542329822941,0.2762888904476897,0.15513296066731977,0.4351573180611271,0.19855600096422485
acc_y_abs_sum,0.04379108944099705,0.6268782454723689,0.6917240933881904,0.8817775420674528,-0.34059805763179607,0.9332748520940695,0.06143990398774799,0.7539802651786319,0.7500848736726111,0.9676887948782068,-0.4861806077000749,1.0,-0.19730508993007598,0.6909216562740007,0.522171457303912,0.7700906664388715,-0.7927643003385071,0.8344781708221787,-0.39801449727737814,0.637477885457959,0.30039507569845797,0.6777851647191389,-0.7383767686083326,0.649561695544558,0.5809042403732859,0.8505465718651303,0.7855009253238948,0.6205896416267359,0.1364646984043763,0.5502956353528623,0.5557528085582923,0.8270804178637003,0.8357651525897093,0.6327048053756837,0.052521740760362076,0.5731439243214471,0.09281359630104062,0.513024053299239,0.23814109793179414,-0.08559266981789015,-0.06480647033085368,-0.09281359630103955,-0.06489566739481607,0.41318538141123173,0.10775202960013,-0.06262691238328585,-0.16350265090221391,-0.06489566739481988,0.01370866427536394,0.47156803247108736,0.1501295617351924,-0.003931980816193531,-0.1533230692907814,-0.013708664275364423,0.06900206273165159,0.4003929958502879,0.16964043348374974,-0.06715493154671534,-0.03889804452790994,-0.06900206273165631,0.569548072814604,0.3381339208655617,0.5720864609569265,0.5733298357925737,0.5423697486385148,0.569548072814604,0.09849376928836795,-0.3161969120204053,-0.08629199013047678,-0.4682351119056403,0.1783440003541123,-0.47367702006042417,-0.3935200331506289,-0.025071659657740525,-0.3847969886947533,0.395168785676229,-0.4900349982608671,0.3941232208879066,-0.6375754769737793,-0.35269956880280984,-0.6513602377502014,-0.5282258893153339,-0.6004850451990176,-0.5192795031636994,-0.5852937769995242,-0.25233409627969,-0.5832550082063396,-0.4687326492458606,-0.6344759319344941,-0.49415280444675286,0.4313977844655971,-0.22398598002532152,0.46509990721417716,-0.4214650754371342,0.46125753849121987,-0.44323695090003373,-0.42284175301687327,-0.34997213308300773,-0.5834172817745996,-0.48354983433380255,-0.28809254254341093,-0.5084408342931793
acc_z_mean,-0.5347372330546517,0.49104002763930765,0.09821426695601843,0.0886768129654059,-0.6905354506429622,-0.11881923212664883,-0.5823899107267363,0.37131475087659344,-0.008108010335465576,-0.009054813251990059,-0.6258021195807205,-0.19730508993007598,1.0,0.41243617122001947,0.5508935112193278,0.24362521426467248,0.040264816606910656,0.07248138450048362,0.641733495860591,0.10472517373534412,0.5318559912986257,-0.029275027252679928,0.2559316851021708,-0.04419732508471372,0.0010092099029660945,-0.25995745254155306,-0.1546619180501151,0.004882525445568317,0.1112235249800402,0.03604073750400308,-0.23181857680380524,-0.20323557613389967,-0.18785330235065187,-0.08652112375228878,-0.12857888211878812,-0.0692094247643666,-0.2073964269132878,-0.036641438422673527,-0.14055064008912116,0.20650672926033972,-0.13129023348579197,0.20739642691328766,0.22289086763739457,-0.1744008879449636,0.09674485165839404,0.22167399372527694,0.17068749871850544,0.2228908676373952,0.1437693443786799,0.04620805867931547,0.11600534470396422,-0.14159692071780994,0.10061081545463184,-0.14376934437868014,0.12169177059995742,-0.04516194851555896,0.05273907337837345,-0.12194299991147274,0.08493417787752851,-0.12169177059995732,-0.04329336718191198,-0.2655539092074825,-0.12251947080476494,-0.050915601114173176,-0.006777696792147667,-0.043293367181912054,0.06693812071684331,0.18838827561903326,0.2340339166710197,0.15121725123124116,-0.0166148166212987,0.13290714976906612,-0.049881924558410305,0.10340877931441286,0.003818688788402509,0.08884218900258169,-0.12748862937143984,0.07889623110624727,0.15595654303616913,0.4528443282100779,0.26686950359896305,0.12919849228288482,0.0411532219051202,0.11422497298642809,-0.0030921530325436213,0.1621627725570915,0.07882489024174237,0.07030995257844738,-0.11998086499562118,0.057283638778608294,0.0336943728148784,0.17758041768399094,0.18084531621189587,0.11027412307664548,-0.07687687017584974,0.08903592772680136,0.04241730192756212,0.16301008833225558,0.14259136958580262,0.07411173718089688,-0.11377371763414239,0.05522426333116039
acc_z_std,-0.18378192832043094,0.9314680893475279,0.7827958348634025,0.8741812005733749,-0.8069445956568972,0.7497603531947316,-0.23406183016962565,0.901828317488399,0.7043404548511887,0.8256351398766212,-0.8603082141420703,0.6909216562740007,0.41243617122001947,1.0,0.9350285832086151,0.9664692960631724,-0.7996178497251251,0.8840079152645327,0.07101138285149901,0.5457253823288171,0.5914840862724168,0.5297232059239321,-0.4212186402900585,0.49108587139158605,0.24797974207499127,0.453898066205303,0.3750748255571583,0.26684043644928923,-0.048605814098963356,0.2158002662092637,0.13019449600899283,0.5949406107283486,0.4838872073971227,0.3490101315528664,-0.2507295288362719,0.29356975304110494,0.04927538169523852,0.25536164465690536,0.14928507317252562,-0.0462478361004288,0.008770239409734818,-0.04927538169523731,-0.035935216289449776,0.15802995066010597,0.020722453165733415,-0.03516361550025938,-0.09703546881681045,-0.03593521628945366,0.03265027899563822,0.2236824899800338,0.07893788966034415,-0.027230357105362576,-0.06557505240939945,-0.032650278995638736,0.057817272152022266,0.190154639906104,0.0848048644683668,-0.056897077815155996,-0.01281107120936897,-0.05781727215202708,0.42065785769443176,0.15456537163267098,0.3983789194990141,0.4229743048544781,0.42527941913199446,0.42065785769443187,0.19413278643396806,-0.07265248350792192,0.2156295923847081,-0.19154918948592348,0.1570740776290669,-0.2088319925381357,-0.41011521780032106,0.10062660446980504,-0.3274793210354701,0.45384537425927757,-0.5671312271459278,0.44036534746155737,-0.33741430509135045,0.12726398969167382,-0.2547327616654441,-0.2778011873007452,-0.41505856860026064,-0.28394947492508543,-0.5223311406698331,-0.03300403181487666,-0.42291522393072073,-0.32900223112886434,-0.6837932976730664,-0.36388323344343293,0.4221132660962739,0.020697351912545056,0.6037169725942622,-0.2521832428308389,0.30513981856559447,-0.2935407854219486,-0.3578734695559556,-0.14278841622402325,-0.3879911830629273,-0.32456960823699366,-0.37984445523558275,-0.36128498867107445
acc_z_max,-0.2676223577947803,0.9223195402474823,0.799408496469315,0.7496783727189393,-0.8167074365357108,0.5849845779895931,-0.32668830279890704,0.883345313628691,0.7260560663497142,0.6971008228718937,-0.865416544652237,0.522171457303912,0.5508935112193278,0.9350285832086151,1.0,0.8618590159112154,-0.5969457214944802,0.710437254238641,0.1847867486051322,0.3654042186551651,0.5311980173841294,0.32595621989975004,-0.23473878464526093,0.2894823234323047,0.11275219561137806,0.2694266012521763,0.19717595235008506,0.12669250727057615,-0.09499460955394841,0.08649515406081545,-0.03704281210073213,0.3947567299643223,0.2593907639295167,0.16341315572738951,-0.3110140115353678,0.11895512277373202,-0.0881680700612463,0.09043999850766642,-0.020233728623399398,0.08901772023240928,-0.07567656851014017,0.08816807006124731,0.09548066805663673,-0.005429289237129407,0.0969741347124192,0.09538093944430395,0.07131832920306261,0.09548066805663417,0.15104989828620133,0.0877232022114714,0.14441470453403135,-0.14858982253084338,0.09542549372822044,-0.15104989828620158,0.1682693517487937,0.07107523163831685,0.15860151762973615,-0.1680687416173406,0.12615751137766287,-0.1682693517487967,0.38559671968896087,0.03478003636843646,0.3417446742794203,0.3847309446920242,0.4210277200742042,0.3855967196889609,0.1281982066025866,0.04653487278226515,0.21067292041518862,-0.07568117502809468,0.050143782956105415,-0.09870100127753738,-0.3396827149736839,0.20347285299011078,-0.23926750552664844,0.4118579659073972,-0.5699825601449469,0.3895534372032471,-0.1735542693197899,0.20200913939301907,-0.08799214996921174,-0.14158235035289862,-0.25625187710514175,-0.14920424274039829,-0.3764832530829326,0.13358412880632628,-0.25780827241097237,-0.1488600639434552,-0.6343047528991218,-0.1897916563891786,0.32065243935634696,0.15694999286448133,0.5986738023476936,-0.08802530343550095,0.18599910059778324,-0.13642636661613,-0.24573945598271674,0.005253194937666297,-0.21836725289621714,-0.1490836694133408,-0.40398076711986985,-0.19348747538877062
acc_z_rms,-0.014661759206199538,0.8707021915360967,0.7834194120924821,0.9111036142874829,-0.7087381212003955,0.8256908113973177,-0.05898217865689836,0.8435341143295905,0.707426325678189,0.8648996846113879,-0.7552560063620748,0.7700906664388715,0.24362521426467248,0.9664692960631724,0.8618590159112154,1.0,-0.8472183455035242,0.9649454023595085,-0.04073460039228448,0.5711038885128453,0.5305776461120886,0.6154643101756035,-0.5037163180562199,0.5809593861349154,0.25957707563887067,0.5142898682342121,0.42119284994010314,0.27839016504283526,-0.0643954548804529,0.22058309240004328,0.19726572737249842,0.7055523948347877,0.5883776024234583,0.42253328606535867,-0.23547739416830765,0.3538027060615777,0.18195536577366025,0.30432583179410516,0.27524294562823476,-0.17856865476519612,0.11681941070229925,-0.18195536577365898,-0.16535463080828833,0.23714340125277025,-0.06849724765913175,-0.16427336592426284,-0.22131131942103255,-0.16535463080829288,-0.0844978096512859,0.2292878438237299,-0.019993061866940366,0.09017020705564455,-0.17971681078558827,0.08449780965128546,-0.042296504436128264,0.22811846529344534,0.01024461821286017,0.04342155861627746,-0.11694701305416734,0.042296504436122886,0.4227261607006631,0.21671771521719868,0.4224659792725161,0.42633276721448704,0.41757544920765605,0.4227261607006639,0.2032935390108819,-0.13349697592642337,0.18694678302372736,-0.24946673580066125,0.19408562369989718,-0.2638116190302743,-0.40804618501817,0.0210923056204605,-0.35168694443834325,0.4269883201898113,-0.5165669570918702,0.4212217761166173,-0.4129038342832185,0.06277169090750377,-0.33929288397402335,-0.34193074778439647,-0.47681873621961407,-0.34613292586420097,-0.5543265760269059,-0.12392242328111068,-0.4747860782424013,-0.3959629331227917,-0.6584220470888439,-0.4255825493087888,0.43750148004851447,-0.0515802733405015,0.5674957731286008,-0.31729701205416366,0.3436896422262963,-0.35337550601035467,-0.37173290552809013,-0.23040655960623221,-0.4430068353557903,-0.4122595738981644,-0.3180499486319492,-0.4407931797942708
acc_z_min,-0.0033955899910025227,-0.6698610324043826,-0.6173266291327513,-0.8237923331615655,0.4939054017780432,-0.811962612075857,0.01732741446601557,-0.7192676511037992,-0.5919697315851279,-0.831424750948245,0.6077026773193123,-0.7927643003385071,0.040264816606910656,-0.7996178497251251,-0.5969457214944802,-0.8472183455035242,1.0,-0.8806372294675097,0.22734251134074107,-0.6044858161634209,-0.41869658420570005,-0.6013590787754348,0.6332029282870101,-0.5648605260306911,-0.33551795007351315,-0.611366422577458,-0.5159956537664593,-0.3689851561956994,0.023738737208747807,-0.31175156026456513,-0.3212745935003463,-0.7386181703250346,-0.6597729418830657,-0.47409506884723124,0.1320045164734083,-0.4084775723781711,-0.14882232440039758,-0.3484595725520643,-0.24479099285161235,0.1443943909069472,-0.05470987750694767,0.14882232440039617,0.11217828453911767,-0.2771410957457703,-0.010697043451819635,0.11066302508567645,0.180003778062661,0.11217828453912167,0.039581489600589506,-0.3106760332934418,-0.05272461747066877,-0.046961211046764435,0.154789331788011,-0.0395814896005889,0.022057831825450108,-0.27972994345432634,-0.048724951653109916,-0.023516383215531927,0.0945189550018838,-0.02205783182544455,-0.4406778857754033,-0.3220670352785719,-0.45996174131498724,-0.4490738782489419,-0.4094867696686893,-0.44067788577540357,-0.17429857364009368,0.2055194864752024,-0.09995719853733517,0.30274885111480604,-0.20147155902253575,0.3099215516954424,0.42460979048295294,-0.02128209480958887,0.3621930579774187,-0.45447574838829696,0.5030507646670511,-0.44866260531867985,0.4487060637793279,0.05024769984685432,0.40808276512618746,0.372149770722849,0.48811539364919293,0.3735218858536516,0.5594836163042017,0.15896393245518609,0.4870989791904706,0.42521146008075256,0.6056447322282603,0.4496094881911581,-0.4213389882566941,0.11303180131873329,-0.4744600526036996,0.352355645945217,-0.36309305458978064,0.37802195339767114,0.43334192086901036,0.242385181541205,0.5016914235794254,0.4036536384059593,0.3227538757866983,0.43017574437064304
acc_z_abs_sum,0.10381804135567042,0.7720317365778601,0.7155889612113258,0.9102154248539779,-0.5912270720592132,0.8737807785558316,0.07689040356937595,0.7513997867420164,0.6463530702540383,0.8735189116943392,-0.629435800903036,0.8344781708221787,0.07248138450048362,0.8840079152645327,0.710437254238641,0.9649454023595085,-0.8806372294675097,1.0,-0.15524237472658137,0.6356125569042933,0.48393389705487855,0.7079966988447418,-0.6051861789277001,0.6753893984965496,0.3490433676284339,0.595312289173606,0.5170232317273205,0.3627926827250558,-0.008164461966883314,0.3033478716371132,0.32918874397506503,0.7910287791358684,0.7104599065711968,0.5357537902113192,-0.1465623982275516,0.46273627207347523,0.29051930251993746,0.40784478973942767,0.3972889710255249,-0.28582370680694325,0.1848061045409941,-0.2905193025199364,-0.2646707469928442,0.3534298104461259,-0.1249337962136167,-0.26300066201489974,-0.33996827574773236,-0.2646707469928488,-0.19266139969317228,0.31369293456370734,-0.08897387151340418,0.20025039496997307,-0.31091658742740347,0.1926613996931717,-0.1288273272450299,0.3057876529642682,-0.046506141237555455,0.13041340122679992,-0.22034710574945643,0.12882732724502352,0.41811510564784915,0.2798434402330851,0.43557549733278084,0.4230938193037098,0.3963059488886012,0.4181151056478488,0.22438091685306408,-0.20707642996254239,0.15964320768663934,-0.30715076056869234,0.24570898245263473,-0.31588210583954623,-0.38931062283523593,-0.07187627538019027,-0.36717715562658626,0.37201304049924105,-0.43390764350389316,0.37458590813609643,-0.4910828115962951,-0.026384605266555124,-0.43478550940439636,-0.4027683182536136,-0.5365688500049243,-0.40448409743343916,-0.5850893421460684,-0.2378191285897139,-0.5375799160452659,-0.482444335181149,-0.6096454654653873,-0.5049825896279685,0.4542627868583692,-0.15171007392751268,0.5012124755148748,-0.4042544634977109,0.39267025527964544,-0.43259976616114204,-0.388612235886401,-0.3274851596669962,-0.5099325758235289,-0.5171177757277916,-0.24151304215273617,-0.5362614140411562
gyro_x_mean,-0.3288810979483947,0.11996525173254863,-0.13077236034955803,-0.15923709348132822,-0.3562524539172098,-0.30251243021613905,-0.4473683240754589,0.028019013877734398,-0.2441932922333806,-0.2613529493965492,-0.2891975289557093,-0.39801449727737814,0.641733495860591,0.07101138285149901,0.1847867486051322,-0.04073460039228448,0.22734251134074107,-0.15524237472658137,1.0,-0.07044827995497502,0.5432060381973399,-0.09118980199680315,0.6006726836130141,-0.08006304296135303,-0.2788899603600197,-0.3647349092105736,-0.39288876778562654,-0.24824812922237044,-0.1590791482944982,-0.21414397838081006,-0.4618648902485088,-0.24037878299894375,-0.42272619673667816,-0.3176100017887719,-0.3107689542603899,-0.3062239562148462,-0.07848757695630267,-0.23475078366716182,-0.10317282693376238,0.07357761889248532,0.04133440119694437,0.07848757695630257,0.028969983101484933,-0.3644915548142524,-0.13490112372830293,0.026463313162513945,0.1084816120249631,0.028969983101485294,0.009265605272455055,-0.23398968017049732,-0.0883959179778292,-0.013486190676770024,0.0646158756654663,-0.009265605272455365,-0.048093525570400183,-0.25216739622592216,-0.1341915366928645,0.04644508521954689,-0.009110275233554392,0.04809352557039951,-0.3503923348873363,-0.3252277226352388,-0.384885940369992,-0.3542215136359755,-0.3090685721451433,-0.3503923348873364,0.07203931355373393,0.2305110267938833,0.2491353028426794,0.20248256834925787,-0.027908038368589096,0.18592528822961948,0.11995513314802878,0.02165103148902626,0.13062452856920442,-0.13043888043630886,0.12424619285831644,-0.13288418608408487,0.3085630856656522,0.33141785674792607,0.3760709013764765,0.2780078563967615,0.2637215746246205,0.2694659807575731,0.17582718513033757,0.1425945800584675,0.22902898647786704,0.16701280548794162,0.13801683882061105,0.16810755558546275,-0.03370309673610834,0.12078283558803252,0.001645666310909263,0.11230399760933388,-0.13338609216666591,0.10747930223802905,0.2871844706606018,0.19868248419691018,0.3593197989345213,0.20416519931205035,0.11654523884091178,0.20669555027921438
