,acc_x_mean,acc_x_std,acc_x_max,acc_x_rms,acc_x_min,acc_x_abs_sum,acc_y_mean,acc_y_std,acc_y_max,acc_y_rms,acc_y_min,acc_y_abs_sum,acc_z_mean,acc_z_std,acc_z_max,acc_z_rms,acc_z_min,acc_z_abs_sum,gyro_x_mean,gyro_x_std,gyro_x_max,gyro_x_rms,gyro_x_min,gyro_x_abs_sum,gyro_y_mean,gyro_y_std,gyro_y_max,gyro_y_rms,gyro_y_min,gyro_y_abs_sum,gyro_z_mean,gyro_z_std,gyro_z_max,gyro_z_rms,gyro_z_min,gyro_z_abs_sum,quat_w_mean,quat_w_std,quat_w_max,quat_w_rms,quat_w_min,quat_w_abs_sum,quat_x_mean,quat_x_std,quat_x_max,quat_x_rms,quat_x_min,quat_x_abs_sum,quat_y_mean,quat_y_std,quat_y_max,quat_y_rms,quat_y_min,quat_y_abs_sum,quat_z_mean,quat_z_std,quat_z_max,quat_z_rms,quat_z_min,quat_z_abs_sum,encoder_angle_mean,encoder_angle_std,encoder_angle_max,encoder_angle_rms,encoder_angle_min,encoder_angle_abs_sum,grf_x_mean,grf_x_std,grf_x_max,grf_x_rms,grf_x_min,grf_x_abs_sum,grf_y_mean,grf_y_std,grf_y_max,grf_y_rms,grf_y_min,grf_y_abs_sum,grf_z_mean,grf_z_std,grf_z_max,grf_z_rms,grf_z_min,grf_z_abs_sum,grt_x_mean,grt_x_std,grt_x_max,grt_x_rms,grt_x_min,grt_x_abs_sum,grt_y_mean,grt_y_std,grt_y_max,grt_y_rms,grt_y_min,grt_y_abs_sum,grt_z_mean,grt_z_std,grt_z_max,grt_z_rms,grt_z_min,grt_z_abs_sum
acc_x_mean,1.0,0.03306095192270656,0.3602467449264214,-0.003991205203515662,0.5526492251404901,-0.0289380483274875,0.7759436679938034,0.40785615748670434,0.6893040568884857,0.1240502841094858,0.5118744462376618,0.049143574643629014,0.5897126472529486,0.15196856239442252,0.2296429095418132,-0.010710761832472956,0.2491789129092609,-0.06917154759239677,0.47951958336218453,0.037666395079009735,0.22119713895880105,0.1786435714079941,0.277790990785694,0.17591345988776058,-0.05323581733579448,0.1298132731489183,0.003615841995662195,-0.04639875819551172,-0.14646006193736452,-0.05979075847299233,-0.5386746348548981,0.10088018879836036,-0.25559973962318594,-0.2742739035554651,-0.6670016591659331,-0.28327057252636145,0.7152495787191404,0.16100238570219813,0.48430718311772003,-0.7178204700436525,0.6588245906137685,-0.7152495787191404,0.4793266966930474,-0.2594726779928939,0.28652869431850464,-0.4253001159554869,0.5375218549988086,-0.4004760822491926,-0.48272995947154757,-0.5406928398617092,-0.5244968436221121,0.48013130729911874,-0.3270321773295741,0.4827299594715498,0.4850456310706988,-0.3575071809898827,0.2604974894430454,0.4064250839334173,0.6091100929925729,0.4463701342717287,0.16867893016483015,0.06129530522164723,0.10174080239837423,0.1584283384639795,0.17270402516598973,0.1686789301648302,-0.09462676345591435,0.28384633136241183,-0.024048231499825375,0.10063355641387751,-0.24589034060291545,0.06126673852195376,-0.0359710075494968,0.1405960034506924,0.05320719463892677,0.04055880966881798,-0.11154499491613004,0.015282856350504474,-0.0001237709756972298,0.23467373423292387,0.142560888917072,-0.012110218934676452,-0.06534424218668052,-0.03473478739319909,-0.09023382375737009,0.18739689023248476,0.02327767626024798,0.02560831898555326,-0.1958117685104537,0.006542761373607591,-0.0031158719166952953,0.2421453029301225,0.07176516000755581,0.0477327343441966,-0.13038546546231514,0.019560869599993924,-0.09835278035059355,0.1871070897442259,0.01987152202516919,0.081664248484965,-0.20446433466367325,0.04270949542326486
acc_x_std,0.03306095192270656,1.0,0.8034472980967995,0.8802889345745308,-0.7645411261226683,0.7869148718692769,-0.07512765471372108,0.7370912810237359,0.4383044034445322,0.614588741159337,-0.5427391523202784,0.5848521054140864,-0.09918750728651841,0.7029869900396147,0.5752414542115603,0.7232004124711515,-0.547843357889183,0.6816299755899461,0.3424562055264397,0.5639691171732992,0.5324613714345915,0.6302637220971715,-0.3361170345066486,0.6340755471567624,0.24883529068617233,0.6556860526850767,0.6698892961273594,0.6117338644793283,-0.3305464930300147,0.5837442392846539,0.3454124166964457,0.5340955690252425,0.5446504077244897,0.5703538743164163,-0.1774721833563715,0.5515032125646055,0.2711304662548053,0.5860549851975237,0.4727886524265356,-0.26516766278074255,-0.16792532472627333,-0.27113046625480747,-0.10805844272535635,0.532053727671425,0.06489380104873269,0.37740720616212664,-0.34924873621168945,0.3380107145908185,0.5411228350000369,0.5904298293066873,0.631350306026557,-0.5401661824398413,0.45387327585291437,-0.5411228350000329,0.04725928611993031,0.5054733960847854,0.19980920353196494,0.512576600508515,-0.1975798783129317,0.49070318651651834,0.5331328413639195,0.43076894769348867,0.5432515459181122,0.5427069017548987,0.45832395961714784,0.533132841363919,-0.10696082304339674,-0.08546237171438917,-0.10021331061944158,-0.24502343175672509,-0.039518827335099524,-0.26845641816268084,-0.36731205465067723,-0.14315170204952252,-0.3575848629681367,0.042533234704896214,-0.3282173860549143,0.08496564833778783,-0.6325936463882,-0.06516061160327982,-0.5362504162710516,-0.5728680858454326,-0.6045715371797588,-0.5814015686098669,-0.5744991964242714,-0.029321550397706925,-0.45847643397615817,-0.5159624140813581,-0.5588195558193796,-0.5332708461123592,0.4299057677263797,-0.09830313407112631,0.42695381012978995,-0.41115702013516486,0.36903005200267497,-0.4262403761032079,-0.6541153519391366,-0.1619993949195519,-0.6186934973596974,-0.6494400647396176,-0.4639754894549276,-0.6587379162362346
acc_x_max,0.3602467449264214,0.8034472980967995,1.0,0.6092437902254275,-0.36965248351381774,0.44133638072158565,0.14843261013269893,0.663107503815877,0.587029964007637,0.4044627203573123,-0.26419378595029464,0.3552340219307155,0.29162139994236774,0.8414325128626039,0.8648198185337844,0.7267088095688943,-0.31468217865910886,0.5594604369555015,0.3379185431775838,0.40051308752333126,0.40431639913220485,0.4350213233985283,-0.20677891373882057,0.4337658873608272,0.19896304950219515,0.4257057212251222,0.42683637629040383,0.34316855956671916,-0.26176431117992377,0.31351153123101333,-0.11335192151794155,0.224254908105701,0.1292257526938997,0.11804350158204495,-0.35553491138241533,0.10790029299236968,0.27346170320810903,0.19827775909272893,0.2761676145267327,-0.2723638570466812,0.1550479249035533,-0.27346170320811114,-0.14063547155968625,0.09665172962623486,-0.12216444654897997,0.32133056992983905,-0.2165097604535352,0.31328484323686273,0.352280880427565,0.2358635150598815,0.3689209942990642,-0.35318828627836535,0.4111451118416849,-0.35228088042756067,-0.060389202153889876,0.07761010300546126,-0.05721083575441722,0.3238404272266291,-0.13186481865818359,0.32965803678206484,0.19790571987390015,0.1578595738646196,0.19323247455890982,0.20112122986404352,0.16280511573134857,0.1979057198739003,-0.04370126102750047,0.15852461485192865,0.047855372918989385,-0.07294392422179585,-0.06877795027413529,-0.11397625742046004,-0.30564479270428996,-0.02228393244428644,-0.25892351892229026,0.1446804533344949,-0.35967055160402955,0.15940711998272386,-0.42321153236625153,0.11204456256998085,-0.26773978842767066,-0.4131155266081316,-0.4517700158535228,-0.43364678820969277,-0.44596996640934533,0.10211835205039496,-0.2718939107473197,-0.34354412009641294,-0.5709284833857933,-0.37605485936900357,0.31174345598649916,0.02016212430957914,0.34908519282568307,-0.280840227651194,0.228775192584311,-0.3003517513517124,-0.4921416143520766,-0.025983364072173176,-0.38102050997971093,-0.43454011194399267,-0.4180140338048567,-0.4562180975931758
acc_x_rms,-0.003991205203515662,0.8802889345745308,0.6092437902254275,1.0,-0.7187637065678983,0.9744988289026755,-0.051838020513167944,0.7247735622868814,0.38907715140774307,0.7755479225365639,-0.5155939111201265,0.7579688384055043,-0.2360213754776184,0.5908878868603642,0.37319541486534163,0.6769232728542622,-0.6422419064273078,0.7209904897169604,0.27472661517305924,0.5709222741095298,0.5470869455762758,0.6677222835672857,-0.35118768182349747,0.6826704731803955,0.3273229698317112,0.800845541612108,0.7919103085029621,0.7191241175097609,-0.37603713004570677,0.6851897159512232,0.43987756487005586,0.6844946144545716,0.6778423680396539,0.7105415049385055,-0.1860952785286908,0.6890794777517328,0.35695435328553193,0.6665247525189925,0.5706104504959598,-0.3515390786561958,-0.13155080887561213,-0.3569543532855338,-0.040756408608444365,0.6029867924402,0.16584064827656236,0.3259490781005517,-0.2914262199723918,0.2793375165350325,0.543636250769189,0.6499216018029378,0.6230872547025859,-0.5416318658601559,0.37457860608893206,-0.5436362507691834,0.15123159012076873,0.6322095624991811,0.3518648038484013,0.609778683286499,-0.11617655138049197,0.5850398177561696,0.6227246630515487,0.6689270110590664,0.7045634283753128,0.6587103329388229,0.36242349295240756,0.6227246630515483,-0.15227024648509394,-0.15641726661727057,-0.18549115629584784,-0.31481970863781833,-0.08622084949450522,-0.33724402070685666,-0.37489662008594765,-0.19407916133020311,-0.38366674211693635,-0.039020993041694804,-0.29280140299650276,0.013707078811807194,-0.6897256302200458,-0.13171585731514357,-0.6064002362723854,-0.6122793410355356,-0.633961381809052,-0.6144425345104628,-0.6046058437119467,-0.08656938236179079,-0.5298535795617464,-0.5564187256315748,-0.5234523242710181,-0.5632872968923484,0.45585245227635646,-0.1080797085137172,0.43825598346010897,-0.4409630507430742,0.3759642105167198,-0.4574258247129889,-0.6950974416063914,-0.19955442160380496,-0.7008707033837753,-0.679674630141131,-0.4756523896824357,-0.6903165813123959
acc_x_min,0.5526492251404901,-0.7645411261226683,-0.36965248351381774,-0.7187637065678983,1.0,-0.6756981113258441,0.521275901274719,-0.3647777270705375,0.059839211268043896,-0.44766450159325905,0.7699025527551907,-0.46820116244845494,0.5030877956007899,-0.4503790732074401,-0.27577635066583517,-0.5857617378636569,0.6216550225898537,-0.6112405053271386,-0.01823664391445924,-0.4454311981928128,-0.33251908901765986,-0.4543530042735509,0.4236497148247844,-0.4644506704710012,-0.2603116254487341,-0.4595754971881949,-0.5574589184379901,-0.554929055072275,0.16713993116210923,-0.542151613329087,-0.6054303104213969,-0.4705481987778613,-0.6482938492314668,-0.6449187977229882,-0.1894341533863273,-0.6263596756191115,0.1637678691210689,-0.3852198502994833,-0.10419858672524987,-0.1699224416858882,0.5320626801259105,-0.16376786912106658,0.3582473450707802,-0.5738005564831216,0.11285103214717536,-0.5803525680975664,0.5892612550632591,-0.537026385206685,-0.7491393315679378,-0.7774422730862564,-0.8290415290372414,0.7471803138213837,-0.5928920691310229,0.7491393315679359,0.23958622465114493,-0.6017604151514155,-0.008885523479768816,-0.20737170071893818,0.5068005662423666,-0.16967814119870628,-0.37470004981786753,-0.30402032006086765,-0.3981761539622471,-0.38157371244277244,-0.3319133770244594,-0.3747000498178673,0.023211500538580163,0.2473150334392051,0.06363935458718302,0.26408758099524654,-0.12040455008146486,0.25819159254903634,0.2743182948328097,0.23030407470581554,0.3402314172290095,-0.03882666563166032,0.18532338442200136,-0.09171346004960021,0.52599870824696,0.23626581537227115,0.5481736296838778,0.4654269252748388,0.45142933330518525,0.45511813565199166,0.4142530287942896,0.16279151976545872,0.4173316949037938,0.44210511448542983,0.3225128720776862,0.44210091427889026,-0.3553973084176756,0.27773739935820935,-0.290744315756182,0.3694948837183656,-0.4036402075816725,0.35820840818403843,0.48736357015948023,0.25290462414259934,0.550700020902042,0.5995583265765363,0.2690161330252227,0.5861374661156332
acc_x_abs_sum,-0.0289380483274875,0.7869148718692769,0.44133638072158565,0.9744988289026755,-0.6756981113258441,1.0,-0.03829436117929888,0.6807602915811631,0.3352747325134088,0.7752972460943511,-0.4777575257707431,0.7618413919582231,-0.3151790812971144,0.435419127825138,0.18552370658066397,0.5457456503576668,-0.6180678879239376,0.639791822833523,0.2794629560260263,0.5511296861919187,0.5429600241405498,0.6647495327466759,-0.31188696557928064,0.6826465813022472,0.2988784667370358,0.8098603566676326,0.78205225478395,0.7189738564349213,-0.37816203993671615,0.6858285723929769,0.5248416252183973,0.7309098227513726,0.7403818255492274,0.7819211120170514,-0.1405509813593638,0.7642327219023132,0.3985679773893439,0.7514903444095677,0.6362157210892463,-0.3924879167868368,-0.15998729287398666,-0.3985679773893457,0.05391174716184514,0.680855006098499,0.2774077262824153,0.23035452950753366,-0.2243506821146758,0.17861118813086782,0.47264969869818324,0.6568971231378078,0.5700869093417054,-0.4700488868639097,0.2653145402389063,-0.4726496986981783,0.25854112905685633,0.6995688825885695,0.47029299376323613,0.6565855438838533,-0.0340655378981174,0.627700824405953,0.7124128347995765,0.7409162508489853,0.7859296696598141,0.7477399615849065,0.4207062031024548,0.7124128347995763,-0.16702285904319353,-0.22477032945155015,-0.2363416457385659,-0.3446179754379547,-0.08991818692833954,-0.35983836620095455,-0.34485412785512237,-0.21468239512186038,-0.3677887837521811,-0.09191233090704251,-0.23750428955223474,-0.036775869618223135,-0.6772264601884478,-0.18428878782076624,-0.6235354366381031,-0.5907956363077881,-0.603669118481703,-0.5871037872645312,-0.5726890645851582,-0.12255033630154802,-0.5354989595956933,-0.5415219867334741,-0.4467235023051792,-0.5408318572045047,0.43821187133116046,-0.12855898290859055,0.40808659931518587,-0.4286669151201244,0.3668042467679552,-0.4422248806040926,-0.6643602697480171,-0.21402904426668684,-0.7012234456638864,-0.651848885991269,-0.43926235419152954,-0.6606255778210504
acc_y_mean,0.7759436679938034,-0.07512765471372108,0.14843261013269893,-0.051838020513167944,0.521275901274719,-0.03829436117929888,1.0,0.3004483818367317,0.7021907969704376,0.0730419745037872,0.7887632366150895,-0.004876285555382823,0.6490341319614673,-0.08649029639024386,-0.004515167974905104,-0.2217431419380577,0.4213178173978602,-0.2425323386952485,0.36805203962084254,0.12019155566785202,0.2328263852790399,0.16108533206709963,0.08769131810881313,0.1403665080283709,-0.31699838347847675,0.2604992985170587,-0.07009283978005496,-0.028545044309852607,-0.4248932765860585,-0.05435636915298479,-0.6122305946596779,-0.04188793209604106,-0.42260987913580034,-0.25423831631478205,-0.6731552153346813,-0.2393628875785725,0.602983551612956,0.18349333308001553,0.47560890785988724,-0.6049706582025496,0.6041707369776482,-0.6029835516129556,0.7151953972005797,-0.19830956070041236,0.5307091290369065,-0.5697514316453175,0.7690553351336291,-0.5523337595382796,-0.511419224749432,-0.4252601059357722,-0.5195221952030273,0.5102208379399965,-0.4577900454309618,0.5114192247494344,0.7023555052764118,-0.2643008135621875,0.49642378323682673,0.41202463450080745,0.8080396740142203,0.4435483173932039,0.15606020630223705,0.16848267653418028,0.15776395919797315,0.1672045943393295,0.08212933249114651,0.1560602063022372,-0.2321569421338424,0.4403152859113154,-0.10202461761027248,0.27672976162752455,-0.4558959055161757,0.23266208551038256,0.08700358987284385,0.42284174197232993,0.27238053147215785,0.1902937912754924,-0.10436443603401482,0.11257023014692573,0.19962309367042938,0.4354542046168561,0.3867409944332025,0.19653969981079958,0.04982179594065632,0.15331559306215076,0.0451308879656292,0.4693724180226079,0.28054548062418594,0.2758073479412998,-0.18236919468314444,0.24174595435962637,-0.21439435674660767,0.5228136287975049,-0.04306666933166808,0.2758791774124592,-0.4020702387936239,0.227706446822438,-0.04829485740246603,0.49371952073006986,0.22251778382196197,0.33751814420336756,-0.317596760340391,0.27790605125268864
acc_y_std,0.40785615748670434,0.7370912810237359,0.663107503815877,0.7247735622868814,-0.3647777270705375,0.6807602915811631,0.3004483818367317,1.0,0.8107551518136209,0.7965147520913936,-0.31872561836287056,0.7245909661863149,0.14859257564355877,0.6455849747039926,0.4857428683108343,0.6203336852334895,-0.4899567222549747,0.6210902388475863,0.5014409651519501,0.6895718679687253,0.7128447607444031,0.7528562636041946,-0.3275590128194206,0.7411401429695905,0.17340213559034226,0.7225396431118926,0.6436695404256482,0.6847312741760646,-0.4205241960384572,0.6560308625542206,0.136415912659611,0.6201524220117608,0.44226508340257936,0.5665499556477023,-0.4944567154543209,0.5536747064590595,0.5322313969385164,0.6171728355140902,0.6655935068113221,-0.5290062935188286,0.12556682716805406,-0.5322313969385218,0.2599402207198664,0.5132378655384717,0.38034281327565994,0.08960219557004728,0.025621685987330604,0.05325872799218974,0.25927490457178387,0.3927187270508675,0.3444691251204931,-0.25877030132062834,0.17303819067403703,-0.2592749045717814,0.32413537428360717,0.4832528390454323,0.43645739757072227,0.7119751399634134,0.09598362222972517,0.6991934153258944,0.6352370722257991,0.5814224027274382,0.6768135516130342,0.6580271577146998,0.46502086089698574,0.6352370722257991,-0.22904099841061315,0.03024781683928575,-0.19633603084606588,-0.08771841428965638,-0.24094377780983073,-0.11539875480402904,-0.30892659980147485,0.09511975129279823,-0.2035433135118447,0.04118424740863527,-0.3663250508872382,0.04720540397173633,-0.5596939603348066,0.16119544573341865,-0.39338075240799614,-0.4653227414245665,-0.6330368791778116,-0.494824187541909,-0.5825335636506879,0.21000876533087623,-0.3782744892986542,-0.4246682589208318,-0.6534003236785482,-0.45571405073125265,0.3405451062679977,0.15523557394548534,0.4370381051590092,-0.2892421813373204,0.20038066681870648,-0.32785023989248524,-0.721050991990422,0.15355196095150894,-0.5253877898117936,-0.527779960051791,-0.6827143788605874,-0.5667546583978419
acc_y_max,0.6893040568884857,0.4383044034445322,0.587029964007637,0.38907715140774307,0.059839211268043896,0.3352747325134088,0.7021907969704376,0.8107551518136209,1.0,0.4792075249145668,0.22180007938123988,0.37723737576982,0.5563226413645534,0.514644326601229,0.5031934628640619,0.3877711660102667,-0.09180517367417564,0.31957773656907035,0.5600561792152827,0.4935827909187003,0.5841729784496528,0.5735237663915089,-0.13733668823532985,0.5544329379088968,-0.13836140272707992,0.537389291498627,0.2705141167125199,0.33403118220712347,-0.5358088730216571,0.2977248608101257,-0.3341905592923971,0.26493009410493,-0.04971945238804161,0.1068364684223328,-0.6913388850221904,0.10879353878599857,0.6291810884840694,0.3706042967455739,0.6019957931095935,-0.6292063556148202,0.4710346386489151,-0.6291810884840732,0.4765741721088608,0.11447083097155379,0.4254916603412461,-0.22912582667061457,0.39747450684307306,-0.23514298398692393,-0.14164339098360185,-0.021663443314974364,-0.09329776130652546,0.14115350198087517,-0.13921429443005012,0.14164339098360432,0.48735558080540614,0.07177342624571384,0.4229531720717829,0.600469891176606,0.4310438366564979,0.6149373501117992,0.3635467086227167,0.3230422415650949,0.3765587216133159,0.3771952729245182,0.2810900108306822,0.3635467086227168,-0.29327144102699415,0.28316861569501306,-0.17379541698358886,0.11918583930999996,-0.4190406072452254,0.07856189052280112,-0.10473767820148733,0.32107410628472194,0.056682555888546135,0.14732996132940787,-0.27027037162411016,0.10698452184478072,-0.20228775466372415,0.38455704352574743,0.012538590283924256,-0.1564648722798871,-0.35344987583540427,-0.2000116057384184,-0.31305719610040866,0.4090761036458685,-0.057729435029211705,-0.07783412621015924,-0.5169013734058441,-0.11970670234189149,0.05526185954234468,0.3848574464700501,0.21888794478082416,0.013716848880289716,-0.11385934137269577,-0.034387780793170834,-0.43696715428150373,0.39727452444041456,-0.15258915974485995,-0.1245806156293915,-0.581951400310908,-0.17657301631932715
acc_y_rms,0.1240502841094858,0.614588741159337,0.4044627203573123,0.7755479225365639,-0.44766450159325905,0.7752972460943511,0.0730419745037872,0.7965147520913936,0.4792075249145668,1.0,-0.4335463461282067,0.9910052039220492,-0.25132221480037786,0.5247140298034226,0.22678785694727938,0.6428111320404177,-0.7510428290964898,0.7710999892665406,0.23586923996514506,0.6734511047969449,0.6273870662840618,0.7085443952331256,-0.4469835181061034,0.7002207467652766,0.40371904988383894,0.8188576340216057,0.8390173839236156,0.87767815327291,-0.34283877847705363,0.8601412269269827,0.28530775629714705,0.8076616403315814,0.6409046762791912,0.7399342680969699,-0.42656307989363285,0.6996072649667991,0.352559824201245,0.6160161631583003,0.5481159772806508,-0.349300402567986,-0.0752828950028899,-0.3525598242012493,0.17663693023122684,0.5520258334943218,0.36168053577363835,0.2154793431915553,-0.028608491070217113,0.17438220653737202,0.4855075687727549,0.5432858370037836,0.51613553014126,-0.4844765839769773,0.31931292334060973,-0.485507568772754,0.19636638213441465,0.6438726011858174,0.4248371296756473,0.6939196343617949,-0.03552728623254959,0.6747360184626671,0.58088445949944,0.8231942635428156,0.7864858186264906,0.6542595263990394,0.21726226046448358,0.5808844594994392,-0.30338537627887635,-0.08804738598632901,-0.31827936619806546,-0.2328873406481779,-0.2853861454340821,-0.25892222772423157,-0.3354802795144953,0.0194723928103191,-0.24892725554562806,-0.03828743377165508,-0.33169856029117634,-0.022154112050990108,-0.662681323079608,0.03672320001414438,-0.5178221232965222,-0.5492250824066057,-0.6735098286686431,-0.5682572842877597,-0.6336746699155659,0.11816569655227965,-0.4612162387692479,-0.4883895152304075,-0.6122570002591523,-0.5104420560289857,0.38317772321335924,0.12415087954691316,0.4482574644197509,-0.3476503070778583,0.22019643168448633,-0.38778938710314637,-0.7857799714194552,0.048625657397680475,-0.6449520979807982,-0.567702347301316,-0.6658307300995439,-0.6013516077565763
acc_y_min,0.5118744462376618,-0.5427391523202784,-0.26419378595029464,-0.5155939111201265,0.7699025527551907,-0.4777575257707431,0.7887632366150895,-0.31872561836287056,0.22180007938123988,-0.4335463461282067,1.0,-0.4724329278086738,0.5881708420581742,-0.4581953698488004,-0.26996184839906334,-0.5850322921859877,0.7229925696354434,-0.6201507457031635,0.08025296064164493,-0.3158895961981376,-0.20651743462861716,-0.30182102675983263,0.31698734024152053,-0.31353294867828285,-0.453064505845227,-0.19696681456376344,-0.49556947659314066,-0.4860707823055866,-0.17029003966682293,-0.497461389707482,-0.6909143301339943,-0.4665250654112657,-0.7156317765335092,-0.6217990927735609,-0.3310272130053685,-0.5962820176371161,0.25622467454626646,-0.22169731000893905,0.05021256104991455,-0.2603892831688463,0.5364445356226858,-0.25622467454626313,0.5380064420490733,-0.5278291076401592,0.27955973132457734,-0.6413289844428308,0.7442768473436391,-0.6013461443520874,-0.7017927618639186,-0.665995054308015,-0.7498302461255708,0.7005240020072256,-0.5981966490880458,0.7017927618639196,0.4734362527293149,-0.5666670282455325,0.20100879148250736,-0.0565332716527203,0.7221001709696631,-0.017848013092835076,-0.26978719639492227,-0.20970020847950094,-0.28665390519034695,-0.2715351231147388,-0.2352650808019322,-0.2697871963949226,-0.09893651366806805,0.3946364226118931,0.0046996760557502775,0.3257935949477452,-0.30108115311197237,0.3024793280374268,0.27900003399441736,0.36374289739222615,0.3985971021798486,0.1344156287258022,0.12753571890818152,0.055774490413910756,0.5493318694478905,0.35619344740007514,0.634272939927119,0.48584156072342727,0.43380413720202327,0.4602457916921258,0.4027310478752317,0.33418592685076537,0.5082667887222425,0.5331833140817277,0.22783171900689816,0.5191173819426332,-0.41881060155640026,0.428095784816979,-0.3032923535964716,0.4495006610149628,-0.5176815712133683,0.4243869983376572,0.4112469746905044,0.39797431081898216,0.5607962915862993,0.6626035738740189,0.1236816223451974,0.631839067457703
acc_y_abs_sum,0.049143574643629014,0.5848521054140864,0.3552340219307155,0.7579688384055043,-0.46820116244845494,0.7618413919582231,-0.004876285555382823,0.7245909661863149,0.37723737576982,0.9910052039220492,-0.4724329278086738,1.0,-0.3325026955598861,0.4917126755139214,0.18381932324488118,0.6292004689785894,-0.7771521777630263,0.7721564930555121,0.17746409420896841,0.643737180379119,0.5829551990707148,0.6702467384606202,-0.4531144983112483,0.6637277883302476,0.45717803943186297,0.7930682914011526,0.8522274459930846,0.8788434782837969,-0.2895832468383427,0.866110881339386,0.3189713354555494,0.8094309680076198,0.6666380804344743,0.7474241466886433,-0.37621498247716323,0.7032441937869165,0.2793143474489053,0.5895705225171525,0.4841342408105239,-0.2759327946481543,-0.14095506572939637,-0.2793143474489095,0.12288232926662276,0.5435620261795636,0.3159629723364162,0.26959540799336873,-0.07325485774368223,0.22891593037624033,0.5399345149984213,0.5740260360905229,0.5611527592015675,-0.5388642975579961,0.3673114183352091,-0.539934514998421,0.129823321767295,0.6577078070357528,0.3754195155551072,0.6432231104462239,-0.10082301909670333,0.6219829172692399,0.5499650683950245,0.8242587822983239,0.7697903278741799,0.6273936859804405,0.17632838686141708,0.5499650683950243,-0.2760645075103884,-0.11284399125174241,-0.30526770299607153,-0.25545794710577235,-0.24870264910627915,-0.27999723772920676,-0.34327171007595747,-0.02115317095396784,-0.2709385350759048,-0.050117363440926384,-0.31986824433156424,-0.030288248192044984,-0.6683804285739161,-0.007387234180914982,-0.5383159173891698,-0.5564680605193438,-0.6576152562584002,-0.5706959210644794,-0.627662913879349,0.07490644612387214,-0.4744732964995876,-0.49886872684034334,-0.5828354078513533,-0.5184165889744828,0.3976552480675761,0.08257765821277809,0.44304678316451734,-0.3688613389741392,0.24217222031831717,-0.40528886461000924,-0.772782146675862,0.000148386683637023,-0.6580188310717584,-0.574068496360573,-0.627156623727233,-0.6044995803537765
acc_z_mean,0.5897126472529486,-0.09918750728651841,0.29162139994236774,-0.2360213754776184,0.5030877956007899,-0.3151790812971144,0.6490341319614673,0.14859257564355877,0.5563226413645534,-0.25132221480037786,0.5881708420581742,-0.3325026955598861,1.0,0.09489988824392798,0.3709300730855593,-0.13575425718741937,0.6198196755275882,-0.33424077457657403,0.16133371257025492,-0.04038404056370658,-0.015418853660883578,-0.13174108594960976,0.07055802863859076,-0.15654785550656894,-0.5333889333917899,-0.06158018254075426,-0.42980757186860974,-0.34979916429310187,-0.3538614668233183,-0.3682075151072565,-0.6216244744749438,-0.5436616520400488,-0.6996861113233921,-0.5034226271416152,-0.27443717643367216,-0.45820947700212533,0.24778796553056193,-0.22643746047350705,0.0816541629609326,-0.2513845546575164,0.589008873019371,-0.24778796553056198,0.27505511585011094,-0.34100419778003094,0.10686687536685316,-0.40987997690294536,0.3975249927972769,-0.38698388329726713,-0.5883277661709919,-0.4876672297016709,-0.5645262085876387,0.587213966484114,-0.4577054937563746,0.5883277661709934,0.23010500628202646,-0.4014241443632273,0.03465103361815297,-0.08433564377270557,0.3767913465873801,-0.0599618908750646,-0.2889469440450114,-0.26194966025227695,-0.3087213742837959,-0.2956584476896185,-0.20134945741992794,-0.2889469440450115,-0.07962453247885026,0.48476623934230195,0.10601066156746264,0.4204185146393777,-0.25965635984827096,0.39133573891833834,0.17301456046631855,0.44444618631602284,0.33594298355037017,0.21895850132224629,-0.07150501708953744,0.1447099493842266,0.4043603661149718,0.5057289155483788,0.5572131293905592,0.3565666737730865,0.19809135689350515,0.31463496998444423,0.2234398040634293,0.450514048856773,0.4305341179664863,0.3772783670106749,-0.08206775661214134,0.34622034572821725,-0.3136757755621008,0.4934606393621128,-0.12207392546347792,0.3725516537726743,-0.4237575885026042,0.3373146451479856,0.18625355135117602,0.46939384374257015,0.45171177273635615,0.38335681949367945,-0.11367217554772197,0.35598469058317855
acc_z_std,0.15196856239442252,0.7029869900396147,0.8414325128626039,0.5908878868603642,-0.4503790732074401,0.435419127825138,-0.08649029639024386,0.6455849747039926,0.514644326601229,0.5247140298034226,-0.4581953698488004,0.4917126755139214,0.09489988824392798,1.0,0.9125745524552586,0.95085081890524,-0.6182236809027334,0.8204298345724456,0.2978707288475422,0.4740231214741957,0.46728369153051047,0.5443088736666996,-0.2973548187018042,0.5455965423618786,0.2999055132101011,0.4182996920862741,0.468571853515579,0.4369332887051428,-0.21107343712411325,0.401505560773794,-0.0306783991839788,0.3248964309156501,0.24263403121882307,0.20796356313646533,-0.32742679555643633,0.18237148250528004,0.14383545927500815,0.10101921580014646,0.15031755209813438,-0.1440072905700597,0.07557112579944908,-0.14383545927501254,-0.26285249688354345,0.10001120990333649,-0.20561900306859648,0.45849641431068405,-0.31704225725439783,0.4489275577543024,0.4970722800780025,0.34032289238787755,0.4875710892247782,-0.4977672181988047,0.517285125425724,-0.497072280078001,-0.2512842272089324,0.17580439554582464,-0.1726440238595875,0.27926929055694116,-0.3424670527459343,0.2808030030872627,0.12665439030223757,0.20222925333856862,0.18743263064235297,0.14761181238309293,0.03645288659366731,0.12665439030223768,-0.09419310132411646,0.07181146709250419,-0.016525649188681532,-0.12686822731564087,-0.08432654125499509,-0.15898128076224202,-0.29641012592523147,-0.038914559682502854,-0.27857564848488275,0.09608770751657492,-0.3537196511657005,0.11977994948133983,-0.48181114945678977,0.0661403236891352,-0.349161920531597,-0.450601585649619,-0.5135282544862749,-0.46241584781997846,-0.4976552536043248,0.0623056353321707,-0.3675427400451939,-0.3976801770629189,-0.6052367552251444,-0.4261896118598981,0.3376673724563821,-0.0438311595401011,0.3739564743066257,-0.3073136964558555,0.28423152581062383,-0.3201911748040346,-0.5525229584771486,-0.02386034427143554,-0.4573518271564676,-0.5178247126171193,-0.4735450169007003,-0.533837639287475
acc_z_max,0.2296429095418132,0.5752414542115603,0.8648198185337844,0.37319541486534163,-0.27577635066583517,0.18552370658066397,-0.004515167974905104,0.4857428683108343,0.5031934628640619,0.22678785694727938,-0.26996184839906334,0.18381932324488118,0.3709300730855593,0.9125745524552586,1.0,0.7812558848653212,-0.27868188757334883,0.5551763049740731,0.24267165385307277,0.29234469861041446,0.28919133679312825,0.31417556339054686,-0.17711923121251116,0.31022971593321474,0.11955182718842115,0.20270418717032443,0.18910454409387742,0.14798545920015946,-0.19263032788697346,0.11820689693689693,-0.22667241302622082,0.007779970643420799,-0.04635363113783884,-0.09711127900501583,-0.2542336332343439,-0.10513916262616554,0.04179953981499155,-0.12845099941457994,-0.029498753894726042,-0.04328155544224022,0.15882007111061539,-0.04179953981499461,-0.31460448667504837,-0.13628654904430884,-0.3422466589927309,0.39749241876009844,-0.28380026224732924,0.40511806042708237,0.31369659713719433,0.1332082115440333,0.2975820112231627,-0.31498530728234425,0.40963725429735576,-0.3136965971371938,-0.3346574807893987,-0.0899411307178216,-0.35258956699287863,0.03016045468620219,-0.33269086527994485,0.040694000315448606,-0.1049817892790136,-0.08694813559115366,-0.10467443283997976,-0.1056635056940786,-0.07632032530781757,-0.10498178927901351,0.0077378252316558285,0.19395311347801697,0.12686358144434406,0.0015715861528821206,-0.01671264844438491,-0.032175139422566106,-0.2136365472413009,0.006484072457641972,-0.19130771658362097,0.16181314414379167,-0.30541238604081283,0.1696388434014852,-0.2603011448898453,0.13059836772799135,-0.13048922019617312,-0.27461308482737157,-0.3115260852287666,-0.28851034679353804,-0.30986464391731733,0.09518568474784397,-0.18720291714203385,-0.2191753065281895,-0.4766130360013414,-0.24966398819022553,0.2195650602352022,-0.021269257583529298,0.2561608485816677,-0.1902806159254254,0.188964821082372,-0.19764259945777615,-0.3217516930427523,0.013517406580153374,-0.22413735987871422,-0.3210255281177301,-0.3072516324208942,-0.33365834756217894
acc_z_rms,-0.010710761832472956,0.7232004124711515,0.7267088095688943,0.6769232728542622,-0.5857617378636569,0.5457456503576668,-0.2217431419380577,0.6203336852334895,0.3877711660102667,0.6428111320404177,-0.5850322921859877,0.6292004689785894,-0.13575425718741937,0.95085081890524,0.7812558848653212,1.0,-0.7779885392612323,0.9433171560278987,0.19506075507899667,0.5071948362482589,0.46404312476061516,0.5874195181255578,-0.3868706237556687,0.5921150928521988,0.38991034522207385,0.48594795752323283,0.5864197735917797,0.5672904424372346,-0.18550338779512004,0.535956832909727,0.10343490745458261,0.480048008012871,0.40200874418872234,0.3544656510554166,-0.3025916915294062,0.3114555834292392,0.09824147001410329,0.16655937442503913,0.152019928987117,-0.09766519591205333,-0.03925941471848077,-0.09824147001410784,-0.3180566428256139,0.185984705415984,-0.20979481212416237,0.5362595678684664,-0.3954924753510371,0.5204788456443271,0.6395164493608095,0.45653425669675557,0.6179124033194948,-0.6399234477067969,0.6119637253212026,-0.6395164493608081,-0.2907564446080416,0.2883045550163621,-0.14721056837459823,0.3234003261853799,-0.4102410124250151,0.3192873285447312,0.16498522798461082,0.29631097388183086,0.27611237226439705,0.20023284217288193,0.04201694505713039,0.16498522798461057,-0.13299359723303314,-0.02105590790855638,-0.0826316508983176,-0.19369121176768433,-0.08794644833932155,-0.21923885744024774,-0.31751502137696674,-0.07275094138413456,-0.3083919163481725,0.03638621426514704,-0.3440623824990082,0.07028192813491942,-0.5652810080125147,0.005484436524373792,-0.45168696983663575,-0.5145418853269086,-0.5796746582043065,-0.5229668696285639,-0.549307175277792,0.01596802714018954,-0.4395119140840844,-0.46848003722400344,-0.6045402968963068,-0.49110355551226015,0.37715993957209365,-0.06111815326444615,0.4086138532648312,-0.3529382549678623,0.3220840494123683,-0.36670759615433457,-0.6203476730780957,-0.07052919038821041,-0.5494266222492334,-0.59740254795651,-0.49596945532348014,-0.6078329561545418
acc_z_min,0.2491789129092609,-0.547843357889183,-0.31468217865910886,-0.6422419064273078,0.6216550225898537,-0.6180678879239376,0.4213178173978602,-0.4899567222549747,-0.09180517367417564,-0.7510428290964898,0.7229925696354434,-0.7771521777630263,0.6198196755275882,-0.6182236809027334,-0.27868188757334883,-0.7779885392612323,1.0,-0.8971444621193436,-0.10796435973620784,-0.5114306301003734,-0.45686017046053956,-0.5974821293207339,0.38360133097832216,-0.6078694169177062,-0.5699249356109015,-0.486415355535817,-0.7282994383909802,-0.7033046570291424,0.0006030684804177783,-0.691441267191709,-0.4263566941812684,-0.7094033115771017,-0.7012559519152486,-0.6431778389187749,0.14203751195486336,-0.5911667610054978,-0.06521375055394815,-0.3692313445099295,-0.22850750351046062,0.06271999384425207,0.2610840515316981,0.06521375055395254,0.23914606953272136,-0.44110758984214804,0.03841761521974587,-0.5022314561904309,0.39898685733364503,-0.46805179977202405,-0.7037333614106961,-0.6053935397675292,-0.691987839800333,0.7030526443417523,-0.5746856602114175,0.7037333614106952,0.1927886659052699,-0.5549826043783831,-0.05227680127566183,-0.42784173861512265,0.3972432656389378,-0.4077546890634673,-0.37258235761791536,-0.5341581095850256,-0.5185846444811357,-0.42089911908482835,-0.14507538894499358,-0.37258235761791497,0.14418764670996756,0.2540350544168667,0.20803340856242514,0.3409927432992546,0.038136560075410775,0.34635829520086603,0.3129278464870286,0.22000625667760554,0.35493496109044786,0.08474490134970507,0.2119011112185428,0.02883398951474195,0.6584676313759605,0.17919859380157177,0.6188428358329677,0.5672791024984148,0.5889141414947762,0.5612809813312386,0.5740964126002976,0.16061129338192728,0.5573128459711799,0.5568048144422475,0.4429939764480952,0.55918132123077,-0.4223832888149963,0.1950662206268974,-0.3787595215209889,0.42274053369531034,-0.39487305694174474,0.42755631173836306,0.6348282212463559,0.20955055735465294,0.6589290628489263,0.6432846477088073,0.40157447883238623,0.6445834683187212
acc_z_abs_sum,-0.06917154759239677,0.6816299755899461,0.5594604369555015,0.7209904897169604,-0.6112405053271386,0.639791822833523,-0.2425323386952485,0.6210902388475863,0.31957773656907035,0.7710999892665406,-0.6201507457031635,0.7721564930555121,-0.33424077457657403,0.8204298345724456,0.5551763049740731,0.9433171560278987,-0.8971444621193436,1.0,0.15015323472822553,0.5430755179326343,0.4827977173895281,0.6457135393771376,-0.4319097895351004,0.6540930356227008,0.44994528303853476,0.579586381899363,0.7023886068235948,0.7013588324877164,-0.18829359382587288,0.6745912967855221,0.19372691089318994,0.6402750023984913,0.5297115988036738,0.49652047206450045,-0.3365393959401914,0.44163441916007706,0.15981791967918751,0.29837806732621686,0.25482332189696866,-0.1584604127487406,-0.07919786297943036,-0.15981791967919187,-0.23961950720450803,0.29253500458513826,-0.09632735458698144,0.4929627350881728,-0.3521632428860049,0.47032724334489406,0.6753874670857858,0.5199774656004563,0.6506633387394133,-0.6754357518742589,0.5979435680070911,-0.6753874670857843,-0.19370526812479738,0.40064551733625353,-0.006948517738091534,0.4498906384368071,-0.339837221755293,0.4419325542856416,0.26764053045210195,0.4395464122649323,0.41979149931118487,0.3165442881669712,0.0913634510811725,0.2676405304521018,-0.2064163696878478,-0.11180440003340181,-0.19581935722171773,-0.25495977281424625,-0.14033820875486766,-0.274357450782769,-0.31484402360169206,-0.06779451591911763,-0.2979822749148554,-0.021195534444133402,-0.31981671151016666,0.014219266626328993,-0.6185964608087718,-0.02435493989039533,-0.5171863682572592,-0.5397989512038723,-0.6197507432606144,-0.5463817373676241,-0.5808060672245788,0.009652719075346337,-0.47523739643093565,-0.5017925107101199,-0.5892152181320517,-0.5199591952479408,0.38463412059747615,-0.029618479745626567,0.4214940348538803,-0.3599399551575843,0.30966872060109185,-0.3794307216482747,-0.6770082082673485,-0.07054683171667477,-0.6035016503980168,-0.6235648433688534,-0.529361184736312,-0.6346117987723056
gyro_x_mean,0.47951958336218453,0.3424562055264397,0.3379185431775838,0.27472661517305924,-0.01823664391445924,0.2794629560260263,0.36805203962084254,0.5014409651519501,0.5600561792152827,0.23586923996514506,0.08025296064164493,0.17746409420896841,0.16133371257025492,0.2978707288475422,0.24267165385307277,0.19506075507899667,-0.10796435973620784,0.15015323472822553,1.0,0.40132737000002267,0.7130488499984229,0.6806149677916707,0.33673292692788376,0.6801398029508537,-0.01250906417762435,0.32871533149599624,0.2170444923106871,0.1333962934669669,-0.23351780678603595,0.09877289700705386,-0.022501412998607497,0.2941469794364612,0.1740292572140656,0.19628760110642893,-0.3257867037600553,0.20432843042741367,0.49275812720932305,0.45993955860536767,0.5408533561077457,-0.4900165406644074,0.1599875863263553,-0.49275812720932494,0.3830836207011349,0.1868090357253882,0.3584111237947873,-0.13376020508349193,0.2665146608815557,-0.1452685247121081,-0.12193922148633878,0.05005880588761521,-0.026232182372813214,0.12206203274575704,-0.13608997224806904,0.12193922148633567,0.3682718043392412,0.18282411527647355,0.33124117628771693,0.4418650830626675,0.23246184054294367,0.4384441454681562,0.5029811571636962,0.27909962974937536,0.3953934859676012,0.481171676818428,0.4392294354324069,0.5029811571636962,-0.01390611048390736,0.08020933516346186,-0.010917814044450969,-0.08289708158653346,-0.07099033157707854,-0.10769184580162909,-0.16442431656812687,-0.02700359284062393,-0.12658532345633947,-0.02173755773423574,-0.14756338499039487,-0.020868289473411177,-0.2649812407092492,-0.06676674459503631,-0.22127574952501608,-0.23933815409165646,-0.21781052103833107,-0.23541482763135582,-0.2491982419345852,0.041652006466950865,-0.19956447639122282,-0.15786114402504303,-0.2471151395675047,-0.17015884458414676,0.2106270890418068,-0.04034005290942165,0.1934419050351537,-0.18855375147681452,0.15344494523909802,-0.1967632220729052,-0.28335029142886026,-0.010346146826724847,-0.25737757524549515,-0.2074027161951677,-0.22958562741775085,-0.23038435799315557
