,acc_x_mean,acc_x_std,acc_x_max,acc_x_rms,acc_x_min,acc_x_abs_sum,acc_y_mean,acc_y_std,acc_y_max,acc_y_rms,acc_y_min,acc_y_abs_sum,acc_z_mean,acc_z_std,acc_z_max,acc_z_rms,acc_z_min,acc_z_abs_sum,gyro_x_mean,gyro_x_std,gyro_x_max,gyro_x_rms,gyro_x_min,gyro_x_abs_sum,gyro_y_mean,gyro_y_std,gyro_y_max,gyro_y_rms,gyro_y_min,gyro_y_abs_sum,gyro_z_mean,gyro_z_std,gyro_z_max,gyro_z_rms,gyro_z_min,gyro_z_abs_sum,quat_w_mean,quat_w_std,quat_w_max,quat_w_rms,quat_w_min,quat_w_abs_sum,quat_x_mean,quat_x_std,quat_x_max,quat_x_rms,quat_x_min,quat_x_abs_sum,quat_y_mean,quat_y_std,quat_y_max,quat_y_rms,quat_y_min,quat_y_abs_sum,quat_z_mean,quat_z_std,quat_z_max,quat_z_rms,quat_z_min,quat_z_abs_sum,encoder_angle_mean,encoder_angle_std,encoder_angle_max,encoder_angle_rms,encoder_angle_min,encoder_angle_abs_sum,grf_x_mean,grf_x_std,grf_x_max,grf_x_rms,grf_x_min,grf_x_abs_sum,grf_y_mean,grf_y_std,grf_y_max,grf_y_rms,grf_y_min,grf_y_abs_sum,grf_z_mean,grf_z_std,grf_z_max,grf_z_rms,grf_z_min,grf_z_abs_sum,grt_x_mean,grt_x_std,grt_x_max,grt_x_rms,grt_x_min,grt_x_abs_sum,grt_y_mean,grt_y_std,grt_y_max,grt_y_rms,grt_y_min,grt_y_abs_sum,grt_z_mean,grt_z_std,grt_z_max,grt_z_rms,grt_z_min,grt_z_abs_sum
acc_x_mean,1.0,-0.3118815419337633,0.35548662359501076,-0.3699275565287847,0.81617536918994,-0.39892947409952356,0.9412734386921978,-0.39025282087452096,0.4008822394038999,-0.4493526316647821,0.8072583709095662,-0.44263448176952247,0.1301201968317017,-0.29537820831543443,-0.2427898646064063,-0.2852484083859212,0.16938855230641972,-0.39277658188273823,0.7079052694755684,-0.4977788727545875,0.1918686956681676,-0.6792161853995894,0.7104762588811065,-0.6602870647238903,-0.15413810524339297,-0.11666781414177026,-0.20800430205870785,-0.18798948864461215,-0.1107103174789741,-0.20127454810975307,-0.3996287429245546,-0.5030319442191267,-0.4797989062733407,-0.4720927933474008,-0.29635375089526295,-0.40192270583734996,0.43505184356478055,-0.007683253430626451,0.29815039817658706,-0.4363082572029716,0.4356069106523911,-0.43505184356477966,0.39703200731021454,-0.310118968664631,0.2326430716988883,0.09745084005621903,0.4388093130455772,0.12073910602991851,-0.0124901494952458,-0.09484094228122505,-0.003032382991443933,0.012271370811472858,0.041399450143376496,0.01249014949524663,0.40287516585787003,-0.43679664498786475,0.1937155754980938,0.34261414859920714,0.48296678367214896,0.38430498918176675,0.3108862990643845,-0.3715002100581231,0.137750446071432,0.28658759365600234,0.3781750324223897,0.3108862990643846,-0.13590047710728906,0.16651157265187772,-0.1437953956506795,0.16839418302392484,-0.2022341869923532,0.15550384333140943,-0.23655784748164152,0.21308593839958523,-0.12176851982684242,0.2455796100561538,-0.32268529250144584,0.23655784748164146,0.15663883766535314,0.2697894597322522,0.22981884802806787,0.0934810100365366,0.10527971472142417,0.08403737884968697,-0.0498093957540576,0.15502254685203837,0.059502721564915734,0.06555635620910746,-0.2090985573147809,0.04897270247058392,0.013168730468554235,0.01909637934051737,0.0608204318444424,0.14890756960865084,0.08652914881826998,0.14196728513453377,0.13456479822935982,0.25367895236043037,0.25000477093739515,0.17074844489581006,0.07131273274573814,0.14602139441712256
acc_x_std,-0.3118815419337633,1.0,0.6956364469292412,0.9607140479833353,-0.7286836252335248,0.8530954597543039,-0.38394284984692617,0.8923976264238955,0.5119973608851158,0.8391099698715636,-0.6832139076914299,0.7765007196140349,0.21175454267223198,0.8634026255360016,0.8310955624177548,0.864488905289319,-0.8011426426546063,0.8390346897351446,-0.4414886976931978,0.6780041421020155,0.20490368641343226,0.6080899832091022,-0.6713820252330591,0.5749532055592642,0.32098397794713596,0.5824150403855237,0.5617569469626398,0.5715243663846872,-0.3367000776000971,0.5693140257489014,0.5202477753764311,0.6196630227005325,0.6235210228921602,0.4559123615556381,0.3262479776903785,0.38522533726064845,-0.2306622697422845,0.15766865438295166,-0.12901554318402225,0.23344234605799466,-0.3155052846860236,0.23066226974228277,-0.29387711844082676,0.34437088559833134,-0.16518771331671536,0.18562133290427743,-0.38969557025496715,0.15531478802541465,0.23760962121121768,0.352550643156538,0.2862518034813983,-0.23710169866097133,0.13480136459205383,-0.2376096212112237,-0.2900367280007272,0.38316120770728435,-0.14788328041334592,-0.24544243207008015,-0.3981295971083384,-0.27888241262829133,-0.179420714709678,0.3333317543495962,-0.06266238328423566,-0.15868583574735676,-0.26767295878344427,-0.17942071470967852,0.4892473811490346,-0.16894076659093532,0.50416442736241,-0.5667402644590731,0.49264485167471916,-0.5680378127404746,0.361547134791861,0.11426544053058098,0.44432914698973136,-0.35012471925786376,0.18666904623933933,-0.3615471347918599,-0.5325323290080002,-0.011164069834133709,-0.4872770782179773,-0.48420422924052947,-0.547346635319562,-0.4792672753802963,-0.11211866276611912,0.1488717339034871,0.2075338173431297,-0.1624605368440472,-0.5208854384108873,-0.21731466869643667,0.3517947181365358,-0.0989056678793135,0.24540081369116323,-0.3934334241540904,0.2972256483592135,-0.4077711780006552,-0.4785132932033193,-0.2191788098872314,-0.43826007879081824,-0.4572799772293271,-0.4343976473692503,-0.4669582250828791
acc_x_max,0.35548662359501076,0.6956364469292412,1.0,0.5715572595809999,-0.04585967453396153,0.38308159170656625,0.204293907015386,0.5161069934867837,0.8225829426945471,0.3813545778025572,-0.019679744796469452,0.3236987378850739,0.4051239389521255,0.5710825629777951,0.6386253737122687,0.5761320624185164,-0.5331588445703589,0.40799985697333674,0.14520956332173235,0.23381019100479172,0.32002053872002123,0.0423183993530467,-0.04938629092127727,0.04605246559826211,0.25523792679515955,0.3768826591156716,0.3481468971534883,0.3653988957788675,-0.3485104818581452,0.35785236415946226,0.015330605179479895,0.037477706052460265,0.05186151181635537,-0.08554343841974313,-0.02715780654554505,-0.09641313688630383,-0.04190595183450872,-0.039484060180387894,-0.07379418295684158,0.04225701477386725,-0.06731806664782614,0.041905951834507564,-0.10516325704693573,-0.06976633121495544,-0.13531771634691012,0.1336089165373266,-0.11546608275611828,0.1370312719414836,0.06408595073694495,0.10642819339487727,0.09727600161092281,-0.0640062203469847,0.04604905278590378,-0.06408595073694959,-0.1218104603675291,-0.10071648369804476,-0.1640349434877964,-0.1304826959196688,-0.12197556084507152,-0.12336919303871245,-0.08474000181905013,-0.11002907802213227,-0.1205287790644559,-0.08815555557874036,-0.08233293339213386,-0.08474000181905049,0.32281324880592543,-0.004331548751561571,0.3452927435895017,-0.3333945282064963,0.2821621606617838,-0.3418239464144235,0.03316187468451499,0.37269665985701306,0.24340666817647508,-0.010925698820860094,-0.24328695214500878,-0.03316187468451343,-0.2131834491047166,0.3271452751005041,-0.09929362223583113,-0.22907259357053966,-0.2965088634959472,-0.235486103875907,0.02004190449096316,0.38836119601214697,0.45370298690868816,0.07923316089737523,-0.6464954351959632,0.004450181145431936,0.31209627326415523,0.012760541933070028,0.31019892589127335,-0.15848917903707233,0.28010716706968425,-0.17854369921296023,-0.3183917502016032,0.046586596957116776,-0.1957425977662169,-0.2352625342945777,-0.3906335558044229,-0.26099375780042705
acc_x_rms,-0.3699275565287847,0.9607140479833353,0.5715572595809999,1.0,-0.7766517542259745,0.9541985413553501,-0.43390998418557014,0.8845106945072783,0.3972896349623889,0.914917698494654,-0.727689415010855,0.8893776257513992,0.09571222441129039,0.8446879740257417,0.7704020000897951,0.8473519862571597,-0.8256219987848408,0.873440879129849,-0.5445567924629209,0.6937588301083056,0.13364454806652123,0.6871692671489963,-0.739643906159118,0.6579009002550653,0.3053444648129088,0.5974090837588952,0.5679248325638836,0.5664025543697662,-0.3330993734331941,0.5661478720530105,0.606318245508774,0.749979997170128,0.7287626141889139,0.5338494478962423,0.3474953436726427,0.442422187479447,-0.2017431679507263,0.19024531058071364,-0.09086128512448732,0.20460167739444665,-0.2933365134870876,0.20174316795072464,-0.270270751694117,0.38333834162268166,-0.12750394856089253,0.24966620599641548,-0.3686702475543448,0.21477352814740228,0.3419186590135124,0.39925512095643617,0.3717804409706415,-0.341360753390151,0.22378038152863464,-0.3419186590135182,-0.2588307411139553,0.4300270610538255,-0.09723947171010441,-0.2047481299945778,-0.36986356987388813,-0.24257794166001997,-0.14395848793730498,0.37311531076526244,-0.013793074601050795,-0.12094396259128269,-0.23199096305291037,-0.14395848793730542,0.4864344655493603,-0.2133585801416378,0.48349463871524745,-0.5888537304875118,0.4987455351680453,-0.5896205513448959,0.4797340716737911,0.017670910052535627,0.5010347410461855,-0.4727195753007262,0.33872181784088135,-0.4797340716737902,-0.6243460318113103,-0.15673315288775694,-0.6080724958157149,-0.5610853653743904,-0.6023222796925183,-0.5510265770503113,-0.20002618182620133,0.054974613881971064,0.07184589941982708,-0.270952580000595,-0.48440045430139206,-0.31562488591014276,0.31229218577074247,-0.16304375578653266,0.17122261352923646,-0.4573651540054952,0.2909715573258535,-0.4675000253567668,-0.48827975944586954,-0.29494259166566006,-0.46963683712239607,-0.4971715993161342,-0.38911791421439546,-0.5023392080494338
acc_x_min,0.81617536918994,-0.7286836252335248,-0.04585967453396153,-0.7766517542259745,1.0,-0.7736106848566519,0.7805945120408744,-0.7647637327018696,0.042171683611243696,-0.7905399210574285,0.9661178635248185,-0.7450166156216088,0.00882234621800469,-0.665990116346639,-0.585521390448498,-0.653775523642246,0.5675912654241687,-0.7468770096474201,0.7445073887462392,-0.7074710875682946,0.005108250838459068,-0.7769348393092625,0.8703873100839817,-0.7278661161833954,-0.23409083637224687,-0.3915719571346118,-0.4287645720515897,-0.41226040043070306,0.10260498774496322,-0.41900834162064865,-0.6258795414163971,-0.7647449098329606,-0.7443706678008991,-0.6637018656485826,-0.4105523918194846,-0.5763219867147181,0.3641349166209292,-0.17573776591756632,0.20016505682980384,-0.3670931680329943,0.4368848671783638,-0.36413491662092795,0.3719594419378289,-0.49545951913776876,0.16975655804190123,-0.03465679645562694,0.4811092700685368,0.004757655715348792,-0.157000428223083,-0.2952175945578899,-0.18774584031559635,0.1564756154190727,-0.04693973494510955,0.15700042822308702,0.3628723122232688,-0.5824725717370505,0.12859384387379136,0.29640779226200564,0.49849197444388715,0.34745109234532,0.24358751006726875,-0.5254951688569497,0.04664318758763772,0.2127188690288687,0.3583111920570471,0.24358751006726923,-0.35883777124584354,0.1983879175448731,-0.3691694620472318,0.43316670765501536,-0.39823947791112674,0.4277496632404,-0.3699300132916218,0.10784779510848516,-0.3275356684942976,0.3713577446720748,-0.3682987709960894,0.3699300132916211,0.4212584128258111,0.23695467560572506,0.45777800495908333,0.3424664776496924,0.3849032912767285,0.3322004022326859,0.06428965300782985,0.07235579086789182,0.013928277811716998,0.1798459016473883,0.08395742026839641,0.1893421887853738,-0.19660647316778018,0.04401648802503117,-0.10734202104588936,0.3042928942627065,-0.09137703250825466,0.30941509298618564,0.35604447328314026,0.30983261649844823,0.4085986661454104,0.3909276774214502,0.2625471750433301,0.3790413947333504
acc_x_abs_sum,-0.39892947409952356,0.8530954597543039,0.38308159170656625,0.9541985413553501,-0.7736106848566519,1.0,-0.43787357521394277,0.8187099035659895,0.24598529957508514,0.9191405954553256,-0.7334122143579733,0.9287203451078568,-0.05655531872340755,0.786832040740478,0.6623697691618748,0.7961351322073994,-0.8233818528741021,0.8850416678498016,-0.6331551536973984,0.6946262680273375,0.04969130730737641,0.7235586273227596,-0.788079766717208,0.6910035524495688,0.2509789830913527,0.6035295430987229,0.5541229659539257,0.5469515492187229,-0.3167669855681114,0.5427556774355485,0.6911159745943505,0.845203247246158,0.813272804838713,0.6129859566283824,0.396904330754747,0.5137498920913492,-0.14661606005711275,0.2588355552760978,-0.024335094322842494,0.14994617658510281,-0.25865408889617564,0.1466160600571112,-0.22156582386507143,0.44671491746554937,-0.0637300664834042,0.30089575101140054,-0.3368774473313999,0.25943014001298914,0.4315764993024993,0.4588601816388367,0.4517319988255191,-0.43093972059100444,0.29296821468136486,-0.4315764993025047,-0.19937730955580715,0.4880542491616237,-0.022366046581462764,-0.1385538152340863,-0.32510410117357635,-0.17963263506019742,-0.07891364622955128,0.4272869595511085,0.0602426832634133,-0.05432914700056929,-0.17746934857583085,-0.07891364622955165,0.4832566552409148,-0.2350579977635905,0.4699082123995233,-0.6167121057241722,0.49898832408525784,-0.6178065387012951,0.5915742218550492,-0.08103334557011785,0.555612944559122,-0.588980868218346,0.4938906147348993,-0.5915742218550483,-0.7159792399449761,-0.2950312905467657,-0.7243610825982213,-0.6372477053974618,-0.6569910250676732,-0.622761346417763,-0.2752708605829471,-0.07774258217320389,-0.10267710356251636,-0.3847827142421353,-0.3674637710220474,-0.4132994394457853,0.2940708374075432,-0.19743626051665536,0.13745162576214134,-0.5058124438323224,0.3006919078972082,-0.5157955931407735,-0.4897951781677432,-0.34978796417886593,-0.48472984607455916,-0.5404822738563035,-0.3453996081563078,-0.5432630631644371
acc_y_mean,0.9412734386921978,-0.38394284984692617,0.204293907015386,-0.43390998418557014,0.7805945120408744,-0.43787357521394277,1.0,-0.4060968485950131,0.34736898926221726,-0.4842980586765074,0.7944882657799779,-0.4936980681592106,0.11850842889794654,-0.37712016463408904,-0.3285438381998109,-0.37898017392576955,0.26883899356806734,-0.44875367285935014,0.6558990745085316,-0.5079504426684581,0.16625767883690068,-0.656304844315704,0.7004468918355286,-0.6408818554558174,-0.3389313689649244,-0.18454134214575602,-0.34872817768545206,-0.31693170615110305,-0.15871975366105542,-0.3248627295670511,-0.2816705942267609,-0.44058449680965567,-0.39810084728921163,-0.3146381431409613,-0.1844749332628874,-0.22542288782761852,0.5094546704022123,0.15403208331415874,0.4145796768624896,-0.5094559144343054,0.468388854695989,-0.5094546704022112,0.49021898803401537,-0.12824447192996857,0.36641662371411915,0.026580226287525724,0.48199038532162936,0.03691093235009132,-0.05030398955386016,-0.03391349335661405,-0.011380167659537836,0.050365679392374955,-0.015029138702460103,0.05030398955386096,0.5095928658753647,-0.25888432733215494,0.3377230603670281,0.4552086828777937,0.5349363247626381,0.48764869426833946,0.4018081857601848,-0.17698834396076646,0.2645552617211445,0.3843339546364546,0.4174387629486578,0.40180818576018507,-0.17412434696828893,0.2121969655303578,-0.16939094235293797,0.2175516222727449,-0.24880761916253658,0.20353005862149967,-0.2620259605037991,0.10269543000703606,-0.19874424865563947,0.26402372605863894,-0.2687552875696415,0.26202596050379884,0.21133752564622454,0.25309448237798204,0.2693742326132618,0.155589375946418,0.15531472428776735,0.14427009659606857,-0.020767383863488382,0.06602255088301227,-0.006916572041615714,0.08357131409574059,-0.04992622292656923,0.08816821928258926,-0.0019056795894373641,0.03732596765904756,0.050632740487733856,0.18604863986314102,0.04258374656495308,0.18363106137632454,0.19265947557903224,0.25328762813065636,0.2830197095653404,0.20933474421031603,0.12975223633382074,0.1893390424245255
acc_y_std,-0.39025282087452096,0.8923976264238955,0.5161069934867837,0.8845106945072783,-0.7647637327018696,0.8187099035659895,-0.4060968485950131,1.0,0.5757524055225243,0.9349098276735451,-0.7695512921741235,0.8345434332685042,0.121168814467729,0.7212746598849357,0.6692256154440683,0.7121545582003815,-0.6798479133189824,0.72697932844755,-0.506687746970447,0.619938107694843,0.14833673153661953,0.5872187928640743,-0.6736342574201297,0.5528736404881158,0.2767724848704578,0.4286799614039547,0.44948832359402296,0.4560946465997906,-0.18786452672567708,0.4639997541983807,0.5526936703084554,0.6240219915492243,0.6375794041690263,0.43861573552025174,0.37930986752420603,0.3648744335726775,-0.3127415297717279,0.10275123479379752,-0.20871588916536024,0.3153131794649434,-0.3833006365296913,0.3127415297717264,-0.37872270906258115,0.33351204300010273,-0.24394557900051347,0.1360104358316499,-0.4688492809973262,0.1072130957078101,0.1388939513487791,0.22900895931008472,0.15724629660147035,-0.13850288515770007,0.06504996650561637,-0.13889395134878468,-0.37101696379600857,0.3746718127231106,-0.22240628390096406,-0.3282963384877961,-0.4727263777104628,-0.3635795340236212,-0.2845200475765111,0.34055308218373975,-0.15170409801420318,-0.26017983883131485,-0.3737698161553187,-0.2845200475765118,0.5485866472724255,-0.1889707793672978,0.5584067737307111,-0.5783767825175531,0.5524774637747077,-0.57855759479901,0.3729438642694808,-0.005736141359075459,0.40062983408036423,-0.3687580906867074,0.2713334466024602,-0.3729438642694799,-0.4429635226167824,-0.017824147497577776,-0.4088685059280293,-0.37376664555611694,-0.4490144185135306,-0.36840385458196273,-0.016303647261293384,0.021096769750599223,0.15183987851863776,-0.1345082001555923,-0.22746888053496916,-0.16328020767318457,0.3522205976720441,-0.08146751466775046,0.26019699635190485,-0.3866771181649775,0.2672468058126758,-0.3976257881473932,-0.5015139152440902,-0.23403297370333054,-0.45883755829221584,-0.5079322050038537,-0.43961553488588523,-0.5166779743014748
acc_y_max,0.4008822394038999,0.5119973608851158,0.8225829426945471,0.3972896349623889,0.042171683611243696,0.24598529957508514,0.34736898926221726,0.5757524055225243,1.0,0.3982534846565339,0.03619729263707279,0.28778086308641,0.3200059560807328,0.3263983102710101,0.38701329370843285,0.31727884708497683,-0.32101603912515775,0.18423114452319264,0.21541528757070036,0.09432097531958845,0.3172661074274592,-0.06217764223575283,0.07698056527595445,-0.052846909294820665,0.1571631783581967,0.17527028010226517,0.17822816177766782,0.20971667875941097,-0.1859783144569255,0.21693111171462426,0.027882914210933495,-0.03358453075902455,0.014443747270034267,-0.14165357200781323,0.051193045399112534,-0.1368786882542302,-0.007068049691509558,-0.02629343018828997,-0.04488661750679773,0.007549523992112891,-0.03598494304451553,0.007068049691508687,-0.08228800872755046,-0.08678549490535409,-0.12558508013141736,0.11226928521109289,-0.0933297486189604,0.11712598137966455,-0.03265252507584364,0.01831203302191386,-0.01442161808775228,0.032728406189840575,-0.027066898883509178,0.03265252507583913,-0.09219739066947512,-0.13296220826066668,-0.15405289052205465,-0.11083956959186907,-0.08939897714752741,-0.10087557055809887,-0.10191058164829261,-0.10604319168427992,-0.1414825079148883,-0.1037418322253964,-0.10625166435818884,-0.101910581648293,0.35545334310484256,0.014022507389734958,0.3777416069148977,-0.28448087214769224,0.303586213586324,-0.29263339310668673,0.002043040010967629,0.19928313755820543,0.13728025180914988,0.008901749162370595,-0.17018131909501497,-0.0020430400109661775,-0.06117437396926149,0.39554932993836606,0.05869725740144571,-0.06974627106761624,-0.15491896130371482,-0.07976549742363635,0.12266210342584731,0.24281222553911802,0.3882799529419459,0.14273241277450194,-0.31369537616147736,0.1016349056329471,0.3056282912841254,0.008484779100281097,0.32121091476093705,-0.1468107485022066,0.2604682771537409,-0.16218700459083457,-0.28040189475649424,0.09200302956286477,-0.1466423888628567,-0.21985465201610196,-0.35728228710438326,-0.24868829771898965
acc_y_rms,-0.4493526316647821,0.8391099698715636,0.3813545778025572,0.914917698494654,-0.7905399210574285,0.9191405954553256,-0.4842980586765074,0.9349098276735451,0.3982534846565339,1.0,-0.788868269857316,0.968083691665176,-0.08444252093685321,0.6917946354159155,0.583449464426354,0.6979056587030071,-0.7264711174283485,0.774827371666967,-0.593237159826582,0.6758098204288092,0.09587823754617622,0.679764112787772,-0.760489195539349,0.6467115206919144,0.31925330872951635,0.4686318660133777,0.5130635455728043,0.5095319622010249,-0.1431808804280941,0.5206677016530923,0.6164056291554968,0.7558031682455706,0.740202123775343,0.491442425999046,0.3741724916758021,0.38971924189471785,-0.27719900381703616,0.12647110580121618,-0.17202324971420777,0.2798533937890754,-0.35828341925074086,0.27719900381703494,-0.3561413322329022,0.3318860637494142,-0.21828810372860155,0.24627708283206595,-0.4408071592662677,0.214081355522043,0.30218694399396856,0.31343030365071295,0.30270277678588553,-0.30172103802963685,0.20170433353805486,-0.3021869439939739,-0.3438111227199222,0.3783641777508254,-0.1861652166767118,-0.2905491185162216,-0.438478148949481,-0.3266103265135324,-0.24167145450475622,0.3277531448972159,-0.10974588833857996,-0.21821049881235285,-0.3199646505530026,-0.24167145450475674,0.549978953849353,-0.255965035217198,0.5341878764103278,-0.6220900047829225,0.5665476504186086,-0.6200926780384782,0.533236324732611,-0.12714038972728248,0.4817946538556686,-0.534266775492196,0.460668227499218,-0.53323632473261,-0.5826536898167248,-0.2114656349214042,-0.5857230644441651,-0.4987403353456925,-0.544269975917485,-0.4870068880581845,-0.1388155427936759,-0.09159580029844207,-0.019060504003681165,-0.2822540724835786,-0.22573109333154484,-0.30178556927947187,0.32392920443394513,-0.18817395466335513,0.17360131018409194,-0.48589060089351244,0.2981583166709285,-0.489540777534273,-0.5154992473804284,-0.3474738602578388,-0.5114049160658594,-0.5582421222998035,-0.38203135213825934,-0.5598458024191133
acc_y_min,0.8072583709095662,-0.6832139076914299,-0.019679744796469452,-0.727689415010855,0.9661178635248185,-0.7334122143579733,0.7944882657799779,-0.7695512921741235,0.03619729263707279,-0.788868269857316,1.0,-0.7250656373032077,0.02230679416379606,-0.6480714925126404,-0.5624006883556881,-0.6378364292023189,0.5579506820895598,-0.7245768356822239,0.7424773475506184,-0.6873793154853163,0.0034251929575134852,-0.726822465457971,0.8619363150490401,-0.6756446299451194,-0.2541056875708758,-0.3532487109276678,-0.4064012302211747,-0.38502546458933257,0.05133419980165543,-0.38704235110327995,-0.5643030485935414,-0.7046848812014165,-0.6789481748534615,-0.5910197360635885,-0.3652797468049135,-0.5031481536127448,0.4415843682773324,-0.08420644762194933,0.29240718602458626,-0.44395630806264114,0.4907405568929289,-0.4415843682773307,0.4484350517057963,-0.43377651482271645,0.2551936506075237,0.015054016511189731,0.5402820944602805,0.048582669021454236,-0.06726183887705814,-0.20852593889481424,-0.08577236899252258,0.06683497221639885,0.02734434804887708,0.06726183887706234,0.4434605118562086,-0.5186432201122799,0.2189123980768658,0.3816125195010566,0.5582082198558153,0.42969709995741534,0.32697322305094206,-0.4626969270945709,0.13514101418902708,0.2974423621378765,0.4261188430530951,0.3269732230509427,-0.3789224202130187,0.21833779159574326,-0.38476971474609184,0.44518654595405965,-0.42163593251439735,0.4382218799046152,-0.3172775004351666,0.0927644823752501,-0.29284882585516725,0.31845469753651007,-0.32135592933223434,0.3172775004351664,0.36829101610515086,0.21549477844451606,0.4040503499743679,0.28302296881244166,0.33360063344419927,0.2726536013956995,0.010566562573031076,0.09963201098046319,0.012259715230193317,0.16372846142711,-0.001572429913461415,0.16544533280045123,-0.21297876223369253,0.005308022577003279,-0.14550077968948086,0.254897965181647,-0.09012445164176482,0.2622521358105222,0.38183011260479577,0.3017565580307456,0.41886489983997527,0.4166120695533242,0.2899117384913193,0.4032345621119595
acc_y_abs_sum,-0.44263448176952247,0.7765007196140349,0.3236987378850739,0.8893776257513992,-0.7450166156216088,0.9287203451078568,-0.4936980681592106,0.8345434332685042,0.28778086308641,0.968083691665176,-0.7250656373032077,1.0,-0.1910277055425514,0.6625951018839443,0.5391770740661135,0.6790040718699414,-0.717274336133371,0.773892663294558,-0.6150958707237457,0.6865222713794571,0.04804060355534765,0.6974590888322574,-0.7683103956704779,0.6721134990847113,0.3151796575452717,0.48096554495226596,0.5295014214613352,0.514871899788454,-0.14622016334233942,0.5266811058406198,0.6156195043043279,0.7722407458337783,0.7476646031048627,0.48980657463053895,0.35858988468383923,0.3825958714569546,-0.2639779433232992,0.14431334777914004,-0.15981150234203806,0.26682374264232295,-0.35834748485401524,0.26397794332329766,-0.34181780221032,0.3156165073635567,-0.21035997431512615,0.28478330105495897,-0.4258501928663461,0.2524784516366252,0.37447973354109826,0.3527319455141855,0.37125226069693046,-0.37396153934501963,0.26243847926064595,-0.37447973354110353,-0.3286986255789904,0.3602862864807786,-0.1760443801577253,-0.27279142193887673,-0.4223290465810307,-0.3061507916892736,-0.2170302207262093,0.2953048168617976,-0.09651220877282367,-0.19629878520642463,-0.2907811384066181,-0.2170302207262098,0.5313954574883967,-0.3035419280510006,0.49374294858904744,-0.6382832692893401,0.5595174277788897,-0.6341770839269404,0.6167106699674221,-0.16145744955739327,0.5324209531055476,-0.6188203140887241,0.5370066179611057,-0.6167106699674214,-0.6562775369368573,-0.30652407071654525,-0.6743300139374617,-0.5702124465975046,-0.5921305178301367,-0.5550357314753703,-0.20414038398188447,-0.126008193849144,-0.08029237434666225,-0.3589975177230734,-0.24408253800655735,-0.38209327707829527,0.30189495127112775,-0.23873796388581472,0.12660139372676849,-0.514265541729903,0.31843047521584616,-0.5144734634557627,-0.5190487563790004,-0.4252880711323879,-0.5464410611120997,-0.5829913592274196,-0.3492770736465915,-0.5781639208397282
acc_z_mean,0.1301201968317017,0.21175454267223198,0.4051239389521255,0.09571222441129039,0.00882234621800469,-0.05655531872340755,0.11850842889794654,0.121168814467729,0.3200059560807328,-0.08444252093685321,0.02230679416379606,-0.1910277055425514,1.0,0.32727992158029506,0.4670537676812257,0.25506338282593904,-0.04081013267194451,0.0464635506711489,0.2194930879672107,-0.06624640862531425,0.27209504293354014,-0.0561228084339177,0.2050131879801245,-0.02540807971508727,0.0684096771567599,-0.02668499885041083,-0.007434453704976492,-0.0523448189551247,-0.09905059230530017,-0.07313607328072635,-0.3182090377577869,-0.20302845570467523,-0.31230511108371317,-0.19074247549608886,-0.36115505378194407,-0.17863649637904558,-0.042801065315934,-0.31588091283692316,-0.1169263398061671,0.039335346337032416,0.10863502280799388,0.04280106531593382,-0.04587828903842916,-0.1709079393704183,-0.07232412108195857,-0.09208535303853867,0.034745135289102225,-0.07057699159750953,-0.18320846184524706,-0.20055506302030782,-0.20227511742727639,0.18265640268806052,-0.12470378829286029,0.18320846184524545,-0.07015411025374056,-0.12736516208006765,-0.08867154815918446,-0.08467452993225141,0.0001791661925629281,-0.084964919239545,-0.09387783463878162,-0.10729379388084237,-0.09351663403004731,-0.09396208679049842,-0.031020548329723667,-0.09387783463878178,-0.0252513604488977,0.3283118993696487,0.09390840219803566,0.09143216967950318,-0.09927828479506508,0.07367742726810607,-0.3560607067402447,0.506370110507256,-0.046717582004725804,0.38046690249916626,-0.5300722863706316,0.35606070674024537,0.2246857372783224,0.6537772158983469,0.374297904729845,0.1411638424722305,0.056305325975533324,0.11666344366072745,0.1729492354383626,0.4015969068954885,0.4168014654755601,0.33177892280785054,-0.28079617179645244,0.29666064990928476,0.178251633259733,0.3135621413170278,0.3175530670176188,0.26359820319890487,0.008119851238618633,0.230267603473997,0.059564151097595504,0.4150266255228432,0.20314545242602314,0.15803078392803963,-0.18274426831210025,0.12102206314217434
acc_z_std,-0.29537820831543443,0.8634026255360016,0.5710825629777951,0.8446879740257417,-0.665990116346639,0.786832040740478,-0.37712016463408904,0.7212746598849357,0.3263983102710101,0.6917946354159155,-0.6480714925126404,0.6625951018839443,0.32727992158029506,1.0,0.9644070175945249,0.991506690652097,-0.8609090679525847,0.9350180121528788,-0.4652001850734456,0.6485823442855573,0.18065168021136369,0.5606506272752787,-0.6490452566007949,0.529258848752517,0.3401851569262324,0.5883689938301317,0.5882788704696921,0.5372482316276673,-0.31847726948784444,0.5101957390881392,0.4307079884604848,0.5655930966515744,0.5323953951201139,0.4285327996339679,0.21590287729001725,0.36223091892786313,-0.2609828488433508,0.11255023923272237,-0.167511324303184,0.2632964806528306,-0.33191211282355787,0.2609828488433496,-0.32079041291921595,0.33111108309763804,-0.1872063741153899,0.18305348005672012,-0.41003561407557193,0.156972068126385,0.2136790992957683,0.36127187571612124,0.26940059713490216,-0.2131543026801687,0.08656778159978223,-0.21367909929577436,-0.318118931681487,0.3618931280333137,-0.1721382214944885,-0.27718402639445167,-0.4153166156875939,-0.3098738359518444,-0.1845036428426102,0.30303919858129075,-0.06954102894299305,-0.16649426961141478,-0.26053593495037575,-0.18450364284261045,0.45875540793412134,-0.25198690768038706,0.448385465672661,-0.580268898470062,0.4852746348667152,-0.5760954176124151,0.31805904805800655,0.1958595023781683,0.4595692410393695,-0.30327773000040403,0.13521689101307877,-0.3180590480580057,-0.5696054099059992,0.054293155597099525,-0.49712012674138184,-0.5432109159348281,-0.6026945282973667,-0.5403024399170463,-0.16290825039840123,0.11348267652540979,0.15606019930858409,-0.2299300954195113,-0.482384384569884,-0.2842132217111727,0.41261564967999154,-0.06482356306459697,0.3238382618284365,-0.2796570140802307,0.37240550297470115,-0.30889704616524044,-0.46194779315990137,-0.26382447021864813,-0.43511913242222316,-0.4588275165260492,-0.405476208332879,-0.4586348788959795
acc_z_max,-0.2427898646064063,0.8310955624177548,0.6386253737122687,0.7704020000897951,-0.585521390448498,0.6623697691618748,-0.3285438381998109,0.6692256154440683,0.38701329370843285,0.583449464426354,-0.5624006883556881,0.5391770740661135,0.4670537676812257,0.9644070175945249,1.0,0.9460761046340675,-0.7573757215754361,0.8270573723314182,-0.37782735051630884,0.5677834767186091,0.1808480633728872,0.4658978691796849,-0.5389566520463702,0.4446045563511225,0.3121740179301234,0.5110976268311578,0.5130528965435392,0.45735731530060236,-0.3331643178440582,0.4322610262393333,0.299696741869833,0.4032171658512331,0.3818511079243463,0.30838205411166625,0.14436971157342463,0.2578771683466025,-0.32310674154783753,0.021864495518607696,-0.2463792624216582,0.3248438929451066,-0.36609747684576044,0.32310674154783636,-0.36447962434703823,0.2378743239839205,-0.25429175439995644,0.09751948133543868,-0.43005844267126214,0.08118557159329598,0.08492870070018015,0.24478264471279895,0.14206938384869552,-0.08456630071364205,-0.003304791657699938,-0.0849287007001855,-0.3706809723189671,0.27267122866085236,-0.24972094859714036,-0.3404814341421654,-0.4467594242869985,-0.3666764131380271,-0.2568252390803996,0.22351675869388404,-0.15705883702793044,-0.24206595772439554,-0.3192881003997689,-0.25682523908040017,0.41472290463300027,-0.2458605213413559,0.40706270021965096,-0.5056293035625672,0.4483875526194453,-0.498589565453681,0.19192977944033263,0.2794474524008115,0.3782787217279443,-0.1736884420725541,-0.0161438807956455,-0.19192977944033188,-0.4347833563314269,0.18868903155026842,-0.33958307927019843,-0.428628362634782,-0.49959642517693753,-0.4304876076599478,-0.07831120529383906,0.20062605652017035,0.285871774807992,-0.12276452507903185,-0.49685683201595543,-0.18376376460666563,0.39375005597956186,-0.018854726895146924,0.336907776893713,-0.18201833951042126,0.3379404110305878,-0.21244904429573033,-0.41809737539230857,-0.20955554524264386,-0.3911566936363202,-0.38605903957893195,-0.40429190225675943,-0.3849741385224955
acc_z_rms,-0.2852484083859212,0.864488905289319,0.5761320624185164,0.8473519862571597,-0.653775523642246,0.7961351322073994,-0.37898017392576955,0.7121545582003815,0.31727884708497683,0.6979056587030071,-0.6378364292023189,0.6790040718699414,0.25506338282593904,0.991506690652097,0.9460761046340675,1.0,-0.8843816640123577,0.9525017527222114,-0.4686061013558522,0.6672889649673849,0.17002481236131137,0.5707040920223595,-0.6649278249070204,0.5385615333069962,0.3561054064789216,0.6073701517022846,0.6129019733612987,0.5628282438179535,-0.31161768344218127,0.5360856751377243,0.4455889853799757,0.5675430607530058,0.5462187229980907,0.4270494930982854,0.23597269135957866,0.36230193355048673,-0.24821975095409307,0.13910428891196563,-0.15249680356430506,0.2508260491745735,-0.3327903889305546,0.24821975095409177,-0.3135698917715515,0.3316247398731381,-0.18349143255874245,0.21604143364617662,-0.4076551518722653,0.18835415289160512,0.25092871967393066,0.3939040192689068,0.30901525626512716,-0.25035569016179643,0.11503773801230036,-0.2509287196739365,-0.31030874163212585,0.35868611184675897,-0.16891159517662163,-0.26907710101749743,-0.4117929139199365,-0.30048500239182685,-0.16942394733594904,0.29610746620085837,-0.061510247652400186,-0.15243860071460932,-0.24847242300382372,-0.1694239473359494,0.4713583527098635,-0.27429140752983394,0.45424428074301193,-0.6064593595869442,0.5025905394184813,-0.6008739222768748,0.358647704677979,0.1711926003830671,0.4896336224309612,-0.34466623538642377,0.1828840417582287,-0.3586477046779786,-0.6162674192974933,0.019479452336995228,-0.5504327614147464,-0.5872476821880076,-0.64405135085078,-0.5834381504627009,-0.19611220833377574,0.0808758147989996,0.1202169458968399,-0.2704015016489364,-0.4948463507912029,-0.3229144902169742,0.42156639347631336,-0.09460241149674944,0.3170257445686999,-0.3183072826154889,0.4007820439846187,-0.34596477625928757,-0.47431811644702104,-0.28113158939148253,-0.45293130286592653,-0.47708171972640545,-0.40863011637426633,-0.47656718185875124
acc_z_min,0.16938855230641972,-0.8011426426546063,-0.5331588445703589,-0.8256219987848408,0.5675912654241687,-0.8233818528741021,0.26883899356806734,-0.6798479133189824,-0.32101603912515775,-0.7264711174283485,0.5579506820895598,-0.717274336133371,-0.04081013267194451,-0.8609090679525847,-0.7573757215754361,-0.8843816640123577,1.0,-0.8895773589257726,0.4280963832160711,-0.6668676052494443,-0.18061461478134797,-0.5692150746287822,0.6500348153185921,-0.532333775494317,-0.33899279364799484,-0.6462219670882047,-0.6114657618234577,-0.5975099797617753,0.3217137663102216,-0.5782757778625522,-0.4724056425826817,-0.6109003658721749,-0.5882045661262352,-0.41313709569319357,-0.23412748908585201,-0.343658487052372,0.07458139729054515,-0.1896954368047712,0.0027028794964542,-0.0769891341309076,0.16653402382696866,-0.07458139729054368,0.1634326775315188,-0.3124879597442244,0.05715337522270699,-0.30424820195158825,0.2541671576812709,-0.27331011246437753,-0.3727267938517138,-0.4409345857324178,-0.4091793859529168,0.3721777992462973,-0.22673732889494108,0.3727267938517204,0.15403204370457302,-0.3132359474370343,0.042367941704868635,0.11302982123453041,0.24152259237613943,0.13997616904335797,0.017929225862397175,-0.2545876772788412,-0.058650999651523095,0.004029130713663954,0.07984182147763677,0.01792922586239744,-0.46963360526854203,0.20034552593136273,-0.45219909217590293,0.6070401614163214,-0.4624824229600434,0.6102482730158816,-0.38093909889130423,-0.06409366032880312,-0.45362031843210937,0.37288891839061816,-0.26412741654329186,0.38093909889130284,0.6513342975547294,0.09806715451955489,0.6120311245197984,0.6152171369592369,0.6487198345962046,0.6073574557540189,0.24709039208897737,-0.010955541944839876,0.008651909516548312,0.3296212507842155,0.46733252875560194,0.36765557475647026,-0.4245299363068468,0.15612216383490266,-0.2882572331344844,0.3570260919261311,-0.4322812932076481,0.37623157020968184,0.47390935441885557,0.2415527941094381,0.4144298732158497,0.48951714657393114,0.37881217031668574,0.49974899323882865
acc_z_abs_sum,-0.39277658188273823,0.8390346897351446,0.40799985697333674,0.873440879129849,-0.7468770096474201,0.8850416678498016,-0.44875367285935014,0.72697932844755,0.18423114452319264,0.774827371666967,-0.7245768356822239,0.773892663294558,0.0464635506711489,0.9350180121528788,0.8270573723314182,0.9525017527222114,-0.8895773589257726,1.0,-0.5783845842414089,0.7147314902372943,0.12297687392240624,0.6708713114647046,-0.7712753779870155,0.6267516990892826,0.32651763201759104,0.6371341072531105,0.6313260292349379,0.5868686629818672,-0.28251589285073364,0.5618039941741644,0.6231572065041073,0.7570910821735296,0.7379725077253168,0.6020241748205694,0.36693884115568504,0.522726972806181,-0.15842190849836235,0.28886055489004353,-0.030011588677076047,0.1620837703121224,-0.28701172692236626,0.1584219084983611,-0.23174635236078053,0.4724593964476725,-0.06804835672929076,0.27847080679170666,-0.36303195413292555,0.23711615131897817,0.3769626859429458,0.5023335032521898,0.43726076711751793,-0.37620485518036656,0.20974111770440018,-0.3769626859429521,-0.2144962112752299,0.4988392957225807,-0.037135605656218366,-0.16076313013315166,-0.3535689428172063,-0.20065154444449457,-0.06517307443726025,0.434168134691161,0.06883037728127628,-0.04313086870476333,-0.17442814907848794,-0.06517307443726049,0.4717150774721666,-0.26320111085369285,0.45880731067941255,-0.6286352488508093,0.49952219067483905,-0.6255089032933592,0.4903911245984046,0.01615333207134949,0.5268034833892574,-0.4836731193748265,0.3769077437066055,-0.4903911245984036,-0.7193994408507234,-0.17208484622983866,-0.6957573354854596,-0.6631068007206576,-0.7003320238537566,-0.6533323725173884,-0.28360405824471513,-0.05525401034725988,-0.056147978190333195,-0.3793743396596182,-0.4045011054297574,-0.4167852151007099,0.38100987753071347,-0.1503624896087203,0.24346639705569,-0.42462371783803093,0.37532859015171627,-0.4458278676131731,-0.47554829762423684,-0.3347892030318106,-0.4736925542587743,-0.5084756286756966,-0.3654330535467216,-0.5067785434642523
gyro_x_mean,0.7079052694755684,-0.4414886976931978,0.14520956332173235,-0.5445567924629209,0.7445073887462392,-0.6331551536973984,0.6558990745085316,-0.506687746970447,0.21541528757070036,-0.593237159826582,0.7424773475506184,-0.6150958707237457,0.2194930879672107,-0.4652001850734456,-0.37782735051630884,-0.4686061013558522,0.4280963832160711,-0.5783845842414089,1.0,-0.5239074628642921,0.5129856591962113,-0.589210474715685,0.8605609433771108,-0.5560748756164292,0.15556184752834462,-0.1885855829591235,-0.05181501286702955,-0.02306569517385433,0.24304835599273314,-0.029320598149117017,-0.6736801178838572,-0.655545031412132,-0.6790002189119085,-0.5860469978882399,-0.5441258315382974,-0.5170886160395406,0.5153207790007901,-0.13891647579516142,0.3418692532714274,-0.5192767199507786,0.6101939104444005,-0.5153207790007897,0.5157685648856419,-0.47753574529828474,0.3138613994135551,0.03718660378611494,0.6377396237990981,0.07926979995831325,-0.083068357657666,-0.1163725288173431,-0.06411971826263761,0.08263844442548236,-0.036998221135245854,0.08306835765766553,0.4793136596623951,-0.5403781901038033,0.258135936562729,0.4234740240601542,0.6248334289424231,0.4697303890508149,0.3931084912628292,-0.45581388607422824,0.20817624956369826,0.36497516657003676,0.5208268888827996,0.39310849126282904,-0.4725039238246101,0.35348680875203575,-0.4134007393635211,0.5591084928167837,-0.5316205294912498,0.5476303952997292,-0.3860704786625863,0.1917114636786742,-0.3001047809259315,0.39335488474801084,-0.4367594179623304,0.38607047866258676,0.45214105289175527,0.39318509341316105,0.5298941831301568,0.35784620575893467,0.3755414796798089,0.3390461686614002,-0.005332740858605956,0.20692337349488066,0.08519648372860349,0.2911790646343605,-0.1826608273787804,0.2895706235963859,-0.22478662053979737,0.09899138994648295,-0.09347440740824738,0.31642878928430035,-0.18805850544565977,0.312190706566516,0.5422931723200579,0.5708767395742996,0.6432683820427287,0.5981605348090825,0.3203305572417651,0.5627481544494122
