,acc_x_mean,acc_x_std,acc_x_max,acc_x_rms,acc_x_min,acc_x_abs_sum,acc_y_mean,acc_y_std,acc_y_max,acc_y_rms,acc_y_min,acc_y_abs_sum,acc_z_mean,acc_z_std,acc_z_max,acc_z_rms,acc_z_min,acc_z_abs_sum,gyro_x_mean,gyro_x_std,gyro_x_max,gyro_x_rms,gyro_x_min,gyro_x_abs_sum,gyro_y_mean,gyro_y_std,gyro_y_max,gyro_y_rms,gyro_y_min,gyro_y_abs_sum,gyro_z_mean,gyro_z_std,gyro_z_max,gyro_z_rms,gyro_z_min,gyro_z_abs_sum,quat_w_mean,quat_w_std,quat_w_max,quat_w_rms,quat_w_min,quat_w_abs_sum,quat_x_mean,quat_x_std,quat_x_max,quat_x_rms,quat_x_min,quat_x_abs_sum,quat_y_mean,quat_y_std,quat_y_max,quat_y_rms,quat_y_min,quat_y_abs_sum,quat_z_mean,quat_z_std,quat_z_max,quat_z_rms,quat_z_min,quat_z_abs_sum,encoder_angle_mean,encoder_angle_std,encoder_angle_max,encoder_angle_rms,encoder_angle_min,encoder_angle_abs_sum,grf_x_mean,grf_x_std,grf_x_max,grf_x_rms,grf_x_min,grf_x_abs_sum,grf_y_mean,grf_y_std,grf_y_max,grf_y_rms,grf_y_min,grf_y_abs_sum,grf_z_mean,grf_z_std,grf_z_max,grf_z_rms,grf_z_min,grf_z_abs_sum,grt_x_mean,grt_x_std,grt_x_max,grt_x_rms,grt_x_min,grt_x_abs_sum,grt_y_mean,grt_y_std,grt_y_max,grt_y_rms,grt_y_min,grt_y_abs_sum,grt_z_mean,grt_z_std,grt_z_max,grt_z_rms,grt_z_min,grt_z_abs_sum
acc_x_mean,1.0,0.1608530731986007,0.4130409746254662,-0.026206820223392973,0.4620290431472843,-0.16230454522797003,0.9134446606557266,0.19464541896066587,0.5884966723017605,-0.0991075353924644,0.6175956858702688,-0.18784716804731794,0.3892938906937928,0.09363067721292619,0.21306679314932295,0.06241257727314451,0.04740001888480944,-0.034954097370732747,0.6254119662367996,0.036709008937771875,0.3417640498666139,-0.029341093167049904,0.2590402341912047,-0.025321069420374372,-0.49962203766758295,-0.00363792724467601,-0.3654813484339868,-0.2841544050348988,-0.4541056316098578,-0.30374000711489135,-0.7884490365314305,-0.23433092873339426,-0.5572745252983822,-0.3724093775708292,-0.5565163258785999,-0.346030872072822,0.5352092735217147,0.006003436422155151,0.29596280494573357,-0.5379728017885148,0.5002558720327294,-0.5352092735217181,0.47889339035602396,-0.3345585420579628,0.17386092637192535,-0.3957853616210132,0.6730749210718561,-0.35720994035508796,-0.3928277658370652,-0.262749531425327,-0.4301111293361621,0.3919615254754,-0.2868294069095014,0.3928277658370649,0.31504061214114687,-0.39741428246121147,0.0932000057915745,0.24884295388868416,0.3894064643487953,0.28823581341498694,0.05482037331194281,-0.11674706101826207,0.02171254819072265,0.04846932773943392,0.05590529217948567,0.054820373311942706,-0.1594499246289726,0.44302904201838267,-0.018351046633100953,0.3467155684050088,-0.34552685928623084,0.29320825867899447,-0.05676732866948174,0.2921195828224573,0.08601724997781912,0.25941899033318006,-0.2609004419930973,0.20414466714589785,0.1533839389379305,0.3469642058001533,0.27552895848142367,0.06928997865033246,0.05316954095579631,0.04655548806725434,0.09989738640427298,0.3657282820466673,0.2811444346261486,0.26315291960051845,-0.18768964379183223,0.2231085783165318,-0.1383926775381037,0.32455382683460404,-0.01607147704596651,0.17516458647494823,-0.2618451421734763,0.14937728320702096,0.0015858921555216318,0.31245333300271155,0.17884652764729952,0.19049665265621038,-0.2886748754992617,0.15501866471105696
acc_x_std,0.1608530731986007,1.0,0.9267191188452091,0.9188205944284527,-0.7355814149889571,0.7661056627566575,-0.03292228632905632,0.9546471924600082,0.831180828010699,0.7823442042240619,-0.5689803003865088,0.6870644007325053,0.2049743281854408,0.9604681085676854,0.8991375836085139,0.9543683281800348,-0.8676206371193623,0.9128705738681765,-0.08129671809410821,0.7117934361553817,0.45290487855886746,0.644618711661649,-0.6514928915550259,0.611023239676647,0.3256830997179313,0.6717241429414341,0.6103401491523842,0.5576176831191174,-0.37038531729740065,0.5335300383396285,0.06791599476124684,0.4609984148646465,0.3576039902489842,0.44087748986466085,-0.4577431790480213,0.43257502312936524,-0.20729258546594326,0.44365432592981724,0.06882263526409234,0.2125282343044308,-0.573599435462578,0.2072925854659413,0.0049747518420328075,0.43115669376312815,0.16363331575268972,0.30393526677505023,-0.28113248207669295,0.26488808687346005,0.2356693033032549,0.5845645921349564,0.42620460418727873,-0.23462995568102177,0.004693920319182428,-0.23566930330325592,-0.3977131403749116,0.3785583840868239,-0.2530960642015701,-0.3282439288823898,-0.5336698401052911,-0.34400908164983013,-0.48993909187694906,0.30641394373498715,-0.4591629492990633,-0.48561504223358076,-0.5201521291296133,-0.489939091876949,0.27003056191105934,0.3737079794106877,0.40087548668666934,-0.15246158253481762,0.15914375715919682,-0.21461910060194392,-0.05272059517684975,0.23478453494501986,0.030800350859209652,0.020760841014813698,-0.3417441654432799,-0.003501125642996496,-0.23801473393504344,0.2696822280215205,-0.0630470776852998,-0.08228845640434543,-0.3794971404915364,-0.102415423363779,-0.398631755187267,0.4005527003821103,-0.06092806981234204,-0.19271229939938583,-0.8100248039919021,-0.27668152645437083,0.23720427967527682,0.09999913162500809,0.37256276187577475,-0.15944424996464404,0.09278613532709218,-0.17773455384931341,-0.3521039395321389,0.15999293296294148,-0.11063665202473044,-0.0031857668124572183,-0.5760401964055187,-0.034924751868923146
acc_x_max,0.4130409746254662,0.9267191188452091,1.0,0.7585198024844717,-0.4782448956573817,0.5336529459409052,0.19080924291495918,0.8865978942526712,0.9180311786867782,0.5876098508058278,-0.30922611675016,0.4626236356628899,0.4354081657680004,0.9038578046905148,0.9505211680142452,0.872517010355789,-0.7203525357509781,0.7669936394065964,0.00783366839537923,0.5544352257739389,0.37562691645035995,0.45022012381417886,-0.5204265231649154,0.41318484563841484,0.16516231921853602,0.498648355235909,0.3726518185763447,0.34746755936810614,-0.4018406894660632,0.3291594453844216,-0.20821895812738472,0.17618294178923846,0.03982935116353214,0.13225475568464465,-0.4380099090925643,0.1348957365211842,-0.16687669378039857,0.22448648547155647,-0.03810701961962814,0.16940439455826903,-0.38520600707139185,0.16687669378039682,-0.024487303867202513,0.15424226963212903,0.011870280632438269,0.2403304674850206,-0.16460792007561512,0.2276301917009417,0.12152361189798187,0.37063053248074396,0.25816197037087163,-0.12102448068776649,-0.018391547976870516,-0.12152361189798248,-0.3498820092539672,0.09094852498200819,-0.3324462258678552,-0.3147522343140032,-0.3908674826350608,-0.31216714769717374,-0.38845714786589935,0.08564053816498732,-0.39396855197738817,-0.3906339179939545,-0.3931487116864727,-0.3884571478658993,0.22549007961843184,0.4182140532660818,0.3726661347121387,-0.023550768801333572,0.09853173594612834,-0.08847038774679764,-0.09866577954785424,0.26055116421939906,0.0020109065884108333,0.15244719954979077,-0.42343751522379824,0.11413400758471245,-0.1501860088367881,0.311785498603426,0.02440763244527074,-0.06606395885163477,-0.29160325453882313,-0.08737231734328928,-0.2915927548122991,0.42016270383850157,0.013168140446556337,-0.0796147947705813,-0.7701994614110369,-0.1618586525614039,0.1853234296157783,0.1053795510446866,0.3056137575532112,-0.11520465289006827,0.05304945595288029,-0.13144674209126772,-0.2924885428710479,0.19513875584032392,-0.05926136241830042,0.030004618070549584,-0.553911495199374,-0.0053688030425863825
acc_x_rms,-0.026206820223392973,0.9188205944284527,0.7585198024844717,1.0,-0.8256454025661425,0.9480418137710035,-0.17892203315258343,0.9053063907602258,0.6763077293167433,0.9313412822067567,-0.7059493250306017,0.8815748796609395,-0.021327000001566076,0.9223311253360941,0.7564107527899467,0.9336050304769201,-0.930541208710894,0.9537128913733308,-0.12536457535452242,0.7617493274247903,0.50180810305891,0.7920148933096306,-0.6771676881191836,0.7692173528193996,0.4780925004880801,0.7977962983709348,0.7941354081769714,0.7328860672096674,-0.3218383747504077,0.7061779687178542,0.2608139931743236,0.682449303220537,0.5985724306080455,0.6925175502458158,-0.4687102990300602,0.6775203920392397,-0.18124151881102812,0.5886700718646092,0.19339225996622103,0.1874677444201177,-0.6204152554001484,0.18124151881102568,0.06083994697524479,0.6408196058775648,0.3158773003880842,0.34518992225329864,-0.3062213782529944,0.2816260109349534,0.3374686245405657,0.7658879275875036,0.5629466231355615,-0.33588698409973444,0.026991065553925365,-0.33746862454056703,-0.37168093966409055,0.6321949861443696,-0.10880938325316254,-0.27052121268332463,-0.5801415829047997,-0.30430779186518914,-0.5220488082047273,0.5869632730409056,-0.4429908333751659,-0.5076561629523665,-0.5835989256650218,-0.522048808204727,0.25261724249726253,0.35676799718560703,0.36745563121386343,-0.23206188053939086,0.13852541777075897,-0.2964319890732846,-0.03330791690228775,0.19922232896597583,0.03929006843188833,-0.08022270493172065,-0.26833487166153225,-0.09203159516096615,-0.32245093478027476,0.21522363146857065,-0.14778288799277473,-0.12080789463825503,-0.45160169770434244,-0.13891817762111644,-0.5007284535714474,0.3500873450922484,-0.15200005231076702,-0.2906610170958295,-0.7977060495583147,-0.3695282900809582,0.27330236918422984,0.11445671640198309,0.41853126384298306,-0.19471855212708367,0.10806393628573902,-0.21724495302527505,-0.41173351078964776,0.12394185358651948,-0.17192987715788238,-0.03680660322497707,-0.596375237955676,-0.06781436583534564
acc_x_min,0.4620290431472843,-0.7355814149889571,-0.4782448956573817,-0.8256454025661425,1.0,-0.8221715606325322,0.5744792777806987,-0.656653478634456,-0.2862059511587775,-0.7580737304698385,0.8921376956263902,-0.7469794733177493,0.2360643176454726,-0.7349767034726178,-0.5740424847366814,-0.7642255413847377,0.8027383749237492,-0.816489492793041,0.3567515692885902,-0.6001713647319078,-0.268575492443437,-0.6384591164621595,0.6564209117255912,-0.6145560427579676,-0.6132559075715852,-0.6101150066626685,-0.7970605488430775,-0.6831026574319317,0.03659818120385575,-0.6736435749508942,-0.5630905365158317,-0.6685885991518272,-0.7575361059554092,-0.6922988540761723,0.12979553116787615,-0.6645125115388381,0.42731903611174643,-0.47903660814669413,0.025005383679389797,-0.43415113189012783,0.8067753555071466,-0.42731903611174576,0.1829468062174279,-0.6285274108103618,-0.13670163324143933,-0.47992673523163204,0.5672147613783871,-0.41758631008448976,-0.4333890074497,-0.6853674110130314,-0.6151399673533471,0.4319606875523201,-0.14331703437772597,0.43338900744970216,0.500606293276152,-0.6262893907092381,0.22288707081885523,0.40152517945294897,0.6912831443771432,0.4405761910121749,0.5040060683826714,-0.4395364627810352,0.44637855224235023,0.4944682106336731,0.5473955441473656,0.5040060683826713,-0.3636019177187353,-0.07663166355005409,-0.37728744147382137,0.3839938412539306,-0.35795483301902686,0.4095184284844803,0.007965108303811521,0.009108830140632577,0.03609125952762923,0.1455540557631607,0.11349074648753224,0.12720161440372044,0.312012916353447,-0.00369048894074664,0.23848592946554545,0.10728943856576899,0.37005025143076503,0.10817748965518109,0.44260817431316646,-0.09664333985482658,0.26006084238249016,0.366190821551726,0.5798012497070805,0.4080599060745497,-0.3154728964951706,0.12072818043202808,-0.35941370138704354,0.261580370441536,-0.25897246064349766,0.26102682745090694,0.3380166697864376,0.06985335621216775,0.24314546065780532,0.11624043401735393,0.3524457372605268,0.12198255793417044
acc_x_abs_sum,-0.16230454522797003,0.7661056627566575,0.5336529459409052,0.9480418137710035,-0.8221715606325322,1.0,-0.2605384062431682,0.7664076311704915,0.4742679324079676,0.9275154109558114,-0.7393916050957032,0.925389233712768,-0.2662438397827219,0.7789438671288306,0.5312907811267592,0.8087548952454691,-0.8789394281836308,0.8908957868720624,-0.08277386029108445,0.7478777244767634,0.5357604662912023,0.845004799656283,-0.6104880687052028,0.8286108995668138,0.5191548171744951,0.8282491230409783,0.8535088079595544,0.7833536375650151,-0.2726843935576354,0.7537385901880723,0.4147873877191527,0.8379148501621265,0.767287906571826,0.858537726814475,-0.46549732846694386,0.8423840854596288,-0.06089212054994058,0.7223908799794624,0.35804576726262866,0.0680419515478214,-0.5803768259561904,0.06089212054993839,0.1810199834302229,0.7883036239078113,0.4763010659226899,0.2846553819568748,-0.24291077476600992,0.20666770109697802,0.3568208058510699,0.8227632130732069,0.5884152261771014,-0.35500816667651297,0.02170593769608552,-0.35682080585107134,-0.2576425931457724,0.7952807629118672,0.06959080953072337,-0.1377822186055921,-0.5287259264048347,-0.18242891442503212,-0.483447809140333,0.7679488187962238,-0.37527360310553926,-0.46325158348409357,-0.5723036968567876,-0.4834478091403324,0.2110494721608181,0.299811740573064,0.2965677547999322,-0.28363539236132407,0.1055988920167881,-0.3429399172629406,-0.0017986721519402521,0.1444754625741202,0.04778463173015448,-0.16486076241978345,-0.16108722570301223,-0.16406956923694144,-0.3541141105843543,0.13559038942312307,-0.20395517910618732,-0.1296872482359344,-0.45383024719732606,-0.14272483983661316,-0.531058862547083,0.2615982578642193,-0.21750574455645008,-0.3432930238817071,-0.689226650344542,-0.40904067789451976,0.26958974237049343,0.10983933902550845,0.4085464361298946,-0.19697354204848627,0.11004527976624885,-0.21953025422843603,-0.40505833556398,0.0781630231757854,-0.19286005133889142,-0.05562753399714502,-0.5312428066671104,-0.08030275563193574
acc_y_mean,0.9134446606557266,-0.03292228632905632,0.19080924291495918,-0.17892203315258343,0.5744792777806987,-0.2605384062431682,1.0,0.01535753609133991,0.4480513979605446,-0.240660726478169,0.7812303586195504,-0.3201239758177817,0.40637012307423165,-0.12414647004607607,-0.018412486246539787,-0.15890609387861007,0.237252941961491,-0.22934486376230484,0.7557759470936775,0.039238399418674866,0.4460271245877432,-0.11130606349245577,0.39102369593399644,-0.1070692504567269,-0.7355636042218284,0.003896933188374548,-0.5255967082990631,-0.3747335199440551,-0.5906117424255717,-0.41479607338758445,-0.7040243412183023,-0.2955525630685291,-0.6005582169254107,-0.31401166818010573,-0.4767813244211414,-0.26916671618685617,0.6587909382483853,0.07126673716298101,0.4414730083202729,-0.6613926206848003,0.62676065349755,-0.658790938248389,0.643968577128665,-0.24285911344742184,0.3500773783918448,-0.6522973794018188,0.8266488319201296,-0.6214708703128837,-0.5698275018373645,-0.31506340748892614,-0.6009812684611634,0.5691366402095993,-0.43532864560322976,0.5698275018373651,0.480554960636705,-0.28118319980683,0.3026268669293143,0.3944627283361798,0.5061426755556095,0.4248391193993862,0.1105973958638017,-0.032394775885916396,0.09482481872728095,0.1078993733647841,0.10054705617864415,0.11059739586380157,-0.26331046823792026,0.421778322701844,-0.12698668716785055,0.4860207202472603,-0.4540721183530326,0.44819151656581574,0.057121033522634125,0.37947755112316955,0.21667928938605527,0.2263642986760294,-0.12701595867926382,0.16368806497886712,0.2901480041257011,0.4007228949904717,0.38814222234892887,0.1851497329775678,0.17395744862155096,0.15944313165068605,0.2759305474917097,0.41704694170060624,0.43848119276831277,0.4149514857064469,0.01863763999060378,0.3864669429758672,-0.3075291982966265,0.45241302326269717,-0.15181097339916846,0.34087427133353093,-0.41652523069310765,0.31201631548762987,0.144853493149225,0.42645380522405313,0.32478951181682797,0.32000928939264656,-0.19568383936335162,0.2873513877681265
acc_y_std,0.19464541896066587,0.9546471924600082,0.8865978942526712,0.9053063907602258,-0.656653478634456,0.7664076311704915,0.01535753609133991,1.0,0.8783355042454952,0.83546581569254,-0.5544582680234718,0.7325962088586669,0.19638721283251806,0.9221415266905284,0.8325731321656272,0.9204248745848411,-0.8543750209355233,0.8878719766913118,-0.04239523997375145,0.7385544440220748,0.5192647839200037,0.6857343785590356,-0.6065079273207757,0.6629416388429847,0.28899812061628194,0.692249786653737,0.601920034351913,0.5696396916199521,-0.39851843879419063,0.5387832951824015,0.037593377573501535,0.48149407972522396,0.35194758152273087,0.47301500465255253,-0.5109750968189599,0.46988935516315544,-0.15466183929586952,0.46124107366728245,0.11651913545034792,0.1596225730200159,-0.5299486657257167,0.15466183929586538,0.07117865277704517,0.46539651456955444,0.22763292051210865,0.2479251854499307,-0.2241261423946849,0.20576235652373945,0.19483122011956988,0.6174327608056653,0.4025596083647009,-0.19366156905711504,-0.034029216788072206,-0.19483122011957082,-0.3544200003633673,0.41348945153124644,-0.19778468459466858,-0.2981187971760837,-0.5061054229146095,-0.31616888348843625,-0.5005377707084335,0.34992930483432416,-0.46418936021932633,-0.4949956926879358,-0.5366206126482399,-0.5005377707084334,0.22903930626926527,0.4008346366983216,0.3758463345277536,-0.12386462563362163,0.10504359529386033,-0.1900988031942556,-0.014245529439979386,0.2661805727789361,0.06635367839246675,-0.03390944437390021,-0.3130737321595282,-0.057770557630845196,-0.20939076984768384,0.30253869333384303,-0.028755659819501057,-0.0444880267371136,-0.3601084977406266,-0.06676009702286126,-0.3488562200892108,0.4274013361010864,-0.00805608160771517,-0.15174930189455027,-0.760846985611975,-0.23463392519524523,0.19060151700240188,0.16246042461516927,0.3485895347253534,-0.11609949938651379,0.03470438797617496,-0.13753012131123166,-0.31495480473977183,0.21366967725211178,-0.08583887705004745,0.03583842605355276,-0.6009701132577928,-0.0022236638924198553
acc_y_max,0.5884966723017605,0.831180828010699,0.9180311786867782,0.6763077293167433,-0.2862059511587775,0.4742679324079676,0.4480513979605446,0.8783355042454952,1.0,0.5631352758776307,-0.11063600264329439,0.4236231777205785,0.46637626625154416,0.7759033755475788,0.8005495126349661,0.7454087302318602,-0.6199565644794386,0.6525464801936457,0.23352717426879968,0.5998566645586902,0.5563867911374681,0.46362780594668945,-0.3744844998409138,0.4405830841112977,-0.07189789929307046,0.53239368081102,0.23643468700040476,0.27445531323285954,-0.5793071238879679,0.23638640081012433,-0.32720436653815826,0.16617648282501363,-0.0603957099613605,0.15132500085352837,-0.5836721494706542,0.16824705223399236,0.06883187072757424,0.31248457400779056,0.16868119394970615,-0.0665103750018156,-0.19279955647254554,-0.06883187072757835,0.23229455141377803,0.19136552682099076,0.21932378640088993,-0.018213842857625926,0.10146568116554708,-0.03151894153160277,-0.0722216738351049,0.3321745397536274,0.07516353048224103,0.07275166871612097,-0.18355571732867665,0.07222167383510447,-0.1551972248993919,0.12567855107153608,-0.13825678745621114,-0.15103388870587317,-0.22963744273926487,-0.14756908169708027,-0.3624524550369151,0.15978234512070094,-0.3568447945210771,-0.3624002038506933,-0.3796698874425361,-0.36245245503691526,0.10222719309135596,0.5096011288395439,0.28758845632695684,0.1259281597024261,-0.07267947471311587,0.05596300764813791,-0.00775248356424486,0.3852645895129868,0.12679556993152696,0.11622648184867723,-0.36230323171062884,0.06495629924916572,-0.038616753770781075,0.43161049960900216,0.15469294246201537,0.034706225768442935,-0.21541365829615985,0.004828071545124028,-0.15315237300545742,0.5414167424477659,0.19058516742203177,0.07070596990485278,-0.6605054604749367,-0.013298242064643084,0.03318932663090572,0.2961732813361717,0.21599417233667226,0.0414025951190898,-0.131484254733601,0.014481037292444772,-0.1957276812327028,0.35183611740529125,0.06597039436067824,0.16052031926642393,-0.5819732492220382,0.11514717174541887
acc_y_rms,-0.0991075353924644,0.7823442042240619,0.5876098508058278,0.9313412822067567,-0.7580737304698385,0.9275154109558114,-0.240660726478169,0.83546581569254,0.5631352758776307,1.0,-0.7388816629083583,0.9815745925033387,-0.15816538492602963,0.8068594643076811,0.586049274732514,0.8413697187778889,-0.8859391504026359,0.9029182452644191,-0.19497409255761994,0.7651328188693471,0.4592198755754607,0.8588936225159554,-0.688655206313763,0.8517231280316049,0.4952024209514163,0.8134797649922885,0.8305199575210561,0.8431987636250565,-0.29236168018634695,0.8246380826276526,0.21963277164104114,0.7508848082828944,0.6230955663805546,0.7427593308293967,-0.5442163129679558,0.7155581073706829,-0.18177994619729246,0.5580055331080266,0.19282869605356137,0.187401915880586,-0.5822279946084701,0.1817799461972886,0.0808839121536864,0.6590574682582253,0.3572361867395483,0.3187076658119136,-0.27563067634987226,0.25343944383375816,0.331831465854906,0.8196234761320055,0.5688297695391663,-0.3301301634588205,-0.0013249619182889732,-0.3318314658549072,-0.3694538137163978,0.6631837992556634,-0.07237544610489739,-0.26723231033401523,-0.5718662094568442,-0.30188885846565433,-0.5572142759573759,0.6272166409030221,-0.4637861248727409,-0.5398252342253873,-0.6153668149738264,-0.5572142759573757,0.1536024171542784,0.3635951998860197,0.28740156528031285,-0.20584579124670735,0.03725358268900443,-0.2690216006629167,0.07183097460480896,0.26428795898999846,0.146829161995931,-0.20280038112938278,-0.16107064677415,-0.21301215758125774,-0.2891528362320357,0.23896159054769958,-0.11761740274772532,-0.06706532376949184,-0.4274719148470128,-0.08741250653476246,-0.4339376154932802,0.390466156460447,-0.07888896028093684,-0.2317975296719246,-0.7069361777230535,-0.308462963416748,0.1723861165234515,0.22633703743623748,0.35255099050439076,-0.09916646691554225,-0.0035435673328261066,-0.12734333810254445,-0.33675373145309095,0.203082220181749,-0.09275438393442084,0.03459025501818324,-0.5694161912027962,0.0020494336355998052
acc_y_min,0.6175956858702688,-0.5689803003865088,-0.30922611675016,-0.7059493250306017,0.8921376956263902,-0.7393916050957032,0.7812303586195504,-0.5544582680234718,-0.11063600264329439,-0.7388816629083583,1.0,-0.7589072695855098,0.3577081449055434,-0.6195523509517327,-0.431155106989076,-0.659780383184576,0.7315355116367479,-0.7305924811871417,0.5587122323665523,-0.46842516830519715,-0.03987796361755541,-0.6017032160677823,0.6678077119148039,-0.5870522315902751,-0.7912790782160214,-0.4684672930725619,-0.8538022642920315,-0.7106504122453566,-0.22897698863596985,-0.7233547979081014,-0.6147261651641045,-0.6531867210171804,-0.7909403623843005,-0.6456673842195113,0.01421924089443707,-0.6065557946614573,0.53571048091964,-0.33454808141682757,0.16435838548225645,-0.541582776376817,0.8174376893112264,-0.535710480919639,0.3631618697477826,-0.5652158616758405,0.01897115678276661,-0.6372360449974773,0.7223510616104312,-0.5789592293931412,-0.5612852226483448,-0.686943006374787,-0.7227273249490511,0.5599170523228174,-0.2829761439885757,0.5612852226483459,0.5603371332712558,-0.5691330638896065,0.28777875634154426,0.4510536630017975,0.7112727678169875,0.4908816927923467,0.4353746925585889,-0.3656919538715808,0.3831503681602049,0.4265600325100057,0.4669161939106091,0.4353746925585886,-0.3720813171102537,0.052729064048655475,-0.34894100589062627,0.456762420717197,-0.42023083221576585,0.470966166971867,0.05460762873753323,0.13606344029311368,0.1251709440945815,0.21415926880188213,0.07496830421345674,0.17703301046630118,0.35843584012795915,0.10973239220472591,0.3149086838936121,0.15065082598174168,0.3693034094700039,0.14586712017022507,0.47078072920483904,0.06179289402009547,0.3788898006058224,0.4498388249311474,0.4792108418636921,0.476650730044997,-0.37801081187814517,0.22793096295380538,-0.3736524563705487,0.3494184620621999,-0.3507785707327256,0.34338623173756133,0.337901994163958,0.19263482156302458,0.3174859292112292,0.22461533149640497,0.24003733745646263,0.22321082589168104
acc_y_abs_sum,-0.18784716804731794,0.6870644007325053,0.4626236356628899,0.8815748796609395,-0.7469794733177493,0.925389233712768,-0.3201239758177817,0.7325962088586669,0.4236231777205785,0.9815745925033387,-0.7589072695855098,1.0,-0.27794261906099776,0.7260725629020521,0.47660272240222123,0.769040432010413,-0.8391205072667727,0.8600381849777003,-0.23545347556933252,0.7280595570824346,0.40885671150184605,0.8647931645308818,-0.6841256744245064,0.8600018470314329,0.5410926762530539,0.810901815798801,0.8627590581936748,0.8840144483150502,-0.24143249543909973,0.8705697092430926,0.26891067043372663,0.7974697359445444,0.6780034568425158,0.7872165118180345,-0.5259530315945262,0.7552486846241083,-0.16609071776359297,0.570608010797378,0.2197309978594901,0.17175760324553818,-0.5628288547303645,0.16609071776358975,0.08611487305919789,0.6917441694640647,0.3823789852807092,0.3237308940789794,-0.27765195412535315,0.25466030544000273,0.3617520867533505,0.8431946417330346,0.5982603141384897,-0.35996350330500176,0.015423314534348283,-0.3617520867533522,-0.34605958377560575,0.7043323074945471,-0.025768495525146453,-0.22980609485369738,-0.5570301305728782,-0.2674715827109789,-0.5354275842503371,0.6770465807292454,-0.4308264720117416,-0.515677258947551,-0.598805364097013,-0.5354275842503364,0.1198264542970594,0.32309956604628204,0.24119073099878796,-0.2351039869141324,0.018786587456216884,-0.2948377408866094,0.09343226557559994,0.2441981251299393,0.15815351406732991,-0.24816436407998327,-0.10783106803036079,-0.25301735680888565,-0.30641409622835986,0.18431301398010885,-0.15351323285401583,-0.07698406737634646,-0.42316277314161344,-0.09317544890105467,-0.4503069193230155,0.34364975564477535,-0.11372405001456475,-0.25548206804213963,-0.6569654235724647,-0.3271400776098871,0.16354388021212135,0.22182547482621912,0.33685138663582653,-0.09582938975983678,-0.005338814887934593,-0.12384197320141574,-0.32527598584254663,0.17627049288689714,-0.092046159073162,0.024137288622803572,-0.5160771077686716,-0.003234166369349186
acc_z_mean,0.3892938906937928,0.2049743281854408,0.4354081657680004,-0.021327000001566076,0.2360643176454726,-0.2662438397827219,0.40637012307423165,0.19638721283251806,0.46637626625154416,-0.15816538492602963,0.3577081449055434,-0.27794261906099776,1.0,0.20951489332488457,0.4637894862042791,0.11530666094579309,0.11450731768598621,-0.06088926989762768,0.0017037241405721143,0.03819820196455757,-0.027121155566800698,-0.27311836709640613,-0.11203729212635292,-0.29522172197876506,-0.38570635072871096,-0.03860902516712257,-0.34804016005489863,-0.23894645677447726,-0.33832086220269264,-0.2643620223811985,-0.39288192727615107,-0.6094524079672794,-0.6284981934141185,-0.41084589962652396,0.11659328366502836,-0.37236878597472695,-0.20068209843551005,-0.32508603092300775,-0.2907626347233577,0.1980629264759321,0.0875340699370103,0.2006820984355114,-0.15555412035373728,-0.28047926915598564,-0.23575301879493513,-0.14392192288785047,-0.0029155278955118394,-0.11786926816915887,-0.32608479171656374,-0.1625282344612501,-0.289459782917948,0.3258828641163285,-0.21091681448277205,0.32608479171656485,-0.15298979922191944,-0.3001863047192336,-0.27162856625921755,-0.22785305772596007,-0.030989597120276054,-0.21314624750558078,-0.0609546414505386,-0.3651474442778388,-0.11368184673647884,-0.07030432552961066,0.0041925215255287866,-0.06095464145053855,-0.007276660307316821,0.24695884428209472,0.10419397013123598,0.40313626025502214,-0.06915464134976854,0.3936642955055738,0.043896771439302755,0.31950280362685196,0.15425841218449018,0.2338378400891191,-0.19198103591927246,0.17480686521734984,0.3113421312953413,0.3458025451318065,0.3610477959397822,0.20878641464018188,0.19091549306572841,0.19146752771746373,0.3149653205866489,0.369718035980172,0.410138122655001,0.4036194342050774,-0.12145295964412647,0.37017443246394754,-0.233910725255095,0.21319818848558086,-0.15696476002368803,0.24940759123710796,-0.24829801694922526,0.2427199834286754,0.17204758028270395,0.3121915338423566,0.2849941390353564,0.26195182275687867,-0.10621103033661684,0.2461805007395899
acc_z_std,0.09363067721292619,0.9604681085676854,0.9038578046905148,0.9223311253360941,-0.7349767034726178,0.7789438671288306,-0.12414647004607607,0.9221415266905284,0.7759033755475788,0.8068594643076811,-0.6195523509517327,0.7260725629020521,0.20951489332488457,1.0,0.9313731608132698,0.9914351771164465,-0.9147526015887244,0.9484091947270867,-0.17939782125909406,0.6753033638225195,0.3665772713804707,0.6487023963697002,-0.7159069783002304,0.608694373107659,0.43882106571674107,0.671004458044706,0.6653478094352491,0.6331070182548164,-0.30866757861521416,0.6176678519987248,0.07524228026352446,0.4484896918523364,0.3672509484478025,0.4325460310387831,-0.41482228246642705,0.4197701009894402,-0.29389013977281275,0.35849205318911515,-0.028246435301286173,0.2982740204752257,-0.6006058983785848,0.29389013977281236,-0.09549747885916739,0.41164001294941793,0.08838314963634972,0.3955946166754809,-0.3658501024579153,0.3564738322396707,0.27912798220178087,0.6387799355309395,0.4781656659366403,-0.2779520973331645,0.028055675560684494,-0.27912798220178153,-0.49024082944571934,0.37276730118033313,-0.3340028521177516,-0.40175932226755484,-0.6045090523934037,-0.4187438339393612,-0.521599113403019,0.29830531208125594,-0.4911196994534922,-0.5168110237880954,-0.5453639300855644,-0.5215991134030183,0.2937445159613111,0.3856089150060883,0.42316590979000135,-0.15038633129115733,0.18039277523114253,-0.21501186500809896,-0.02574292360694294,0.24605462492142183,0.04292194725801081,-0.0037505850458844554,-0.3321443683230307,-0.027834474125144212,-0.22170134065263125,0.26605325501935106,-0.055572292349952035,-0.06453645112237061,-0.3652594289492496,-0.08159385063200154,-0.39281048762228615,0.38763722132664136,-0.08751059187994747,-0.1797905385162556,-0.8256448949770718,-0.26205016687471344,0.22107067935000538,0.07878656372431858,0.34626085635542747,-0.14809379122596805,0.09284446475498032,-0.1617745521715198,-0.3268855201494788,0.1635971971376581,-0.09729528143594739,0.016667237253833244,-0.5616051840601727,-0.013958889625581658
acc_z_max,0.21306679314932295,0.8991375836085139,0.9505211680142452,0.7564107527899467,-0.5740424847366814,0.5312907811267592,-0.018412486246539787,0.8325731321656272,0.8005495126349661,0.586049274732514,-0.431155106989076,0.47660272240222123,0.4637894862042791,0.9313731608132698,1.0,0.89457527465503,-0.739559815826351,0.7834796231982986,-0.19371038463449938,0.5038895293841177,0.21651859639931292,0.40729091603519957,-0.6344396716431876,0.365019993468818,0.3145131305557232,0.4742938349857325,0.44616840345566233,0.41771206418149137,-0.28635760042746217,0.4088621583213228,-0.09594468190176261,0.1411045334849806,0.0859434760110133,0.13372607019700025,-0.273117320654634,0.12872732158895056,-0.3738160591922225,0.11785688254540573,-0.21985983242344315,0.3761207817152963,-0.511046835357043,0.3738160591922226,-0.22859002706297923,0.1471476751910845,-0.12957234970396916,0.386417468962484,-0.36960068086384057,0.37199667357332944,0.18936854544283024,0.421505239277845,0.33528952769978093,-0.1887071202429133,0.027705244520745655,-0.18936854544283072,-0.5195947591515439,0.10130455295506584,-0.4744264972840162,-0.46969276379667996,-0.5349938699707337,-0.4717695353760295,-0.4426643615481912,0.02256404506780502,-0.45386206912160265,-0.44573997899926426,-0.4300622599272573,-0.4426643615481908,0.29772782150311894,0.36288867426265814,0.4258030315461858,-0.05933408823163489,0.20184537257678906,-0.11561183479802886,-0.0646371825855017,0.225353175417694,0.0028074815421966696,0.11300079006403066,-0.3854600862069808,0.08057693422075562,-0.12503938136552945,0.26613708454567914,0.018810022975379374,-0.03588361579437063,-0.25498619093665437,-0.05102255329257807,-0.26953110413375836,0.3711265404162534,-0.014248416636992242,-0.07848412855925742,-0.7586320578781859,-0.15439887141700329,0.18313039266338674,0.028708629200809202,0.27095132861444965,-0.12004608175103999,0.09015663202761945,-0.12725833934124603,-0.25658612929620656,0.15195617275602194,-0.059685240592224804,0.03747963765504687,-0.489403478172106,0.010643968047623109
acc_z_rms,0.06241257727314451,0.9543683281800348,0.872517010355789,0.9336050304769201,-0.7642255413847377,0.8087548952454691,-0.15890609387861007,0.9204248745848411,0.7454087302318602,0.8413697187778889,-0.659780383184576,0.769040432010413,0.11530666094579309,0.9914351771164465,0.89457527465503,1.0,-0.9401915793976153,0.9748543874936545,-0.1927894052066177,0.6938314754386196,0.3697982269720678,0.6961896223099374,-0.7291100238477515,0.6581417797649773,0.4696058623805162,0.6915963065259957,0.7050031656533647,0.6825067091155278,-0.29174929514774506,0.6693341974009807,0.08974231719552274,0.5172593215428682,0.4244682811670602,0.4725895693300053,-0.45706567020654343,0.45412563378781173,-0.2817595300023198,0.38053990653101455,-0.011027140664613721,0.2862727608684336,-0.6141549285205085,0.2817595300023187,-0.07790772220335329,0.4327489609930794,0.11140031872818305,0.4021950938386196,-0.3620392589528352,0.3618040973527332,0.30205221518175296,0.6598445121505965,0.500501282074202,-0.30087626139022194,0.03632801821564,-0.30205221518175357,-0.49089302941676044,0.3929840548217324,-0.3243584413256609,-0.39425098358256233,-0.6134730322743431,-0.41115357807103226,-0.5386770739234606,0.3177773081068886,-0.505357826677405,-0.533585638537959,-0.5655688930121885,-0.5386770739234603,0.2840376558389623,0.3766935743545957,0.4097159802885192,-0.1703526812109517,0.17043391560284515,-0.23440448481938683,-0.00470444120190817,0.24561334260090856,0.056848788570263764,-0.04414655072057212,-0.30416702700234444,-0.06566287047957457,-0.23507409084590658,0.2557024624500394,-0.071422668767457,-0.06506390021858857,-0.37909153249423744,-0.08161176617150738,-0.39886553285794263,0.38690401320407264,-0.09366081207515708,-0.1891398377944188,-0.8205715732816332,-0.27084475964743,0.21635543792984027,0.08700687584590336,0.3479025032001479,-0.1426132581884635,0.08807740279217417,-0.15642437560592345,-0.3257222990382757,0.1682617327883264,-0.09688790985642297,0.01940028835142545,-0.5637151323401605,-0.010716449335599329
acc_z_min,0.04740001888480944,-0.8676206371193623,-0.7203525357509781,-0.930541208710894,0.8027383749237492,-0.8789394281836308,0.237252941961491,-0.8543750209355233,-0.6199565644794386,-0.8859391504026359,0.7315355116367479,-0.8391205072667727,0.11450731768598621,-0.9147526015887244,-0.739559815826351,-0.9401915793976153,1.0,-0.9581755667292576,0.1812695352784536,-0.7113421253872535,-0.41021701509808994,-0.7746773180596465,0.7035905346351256,-0.746583041369051,-0.5514046676709186,-0.7053442536054254,-0.7885041654283121,-0.7316332434337701,0.20080064240852258,-0.7201458565932466,-0.20944597148442348,-0.649200473599748,-0.5712161077219424,-0.5961318653093385,0.45794900900108554,-0.5722558977996636,0.22631775978642668,-0.47831297563401814,-0.0860581381389696,-0.23172100014064018,0.6271439137522593,-0.2263177597864256,0.043582073487833065,-0.5272038796220404,-0.18153675435222946,-0.44614859320931277,0.37058216105869496,-0.3946797478301072,-0.38422633762084335,-0.7288839521890276,-0.5845893257670453,0.3828423733671378,-0.08275673801474463,0.3842263376208439,0.44384662062361296,-0.5102294696060924,0.22665791631530685,0.3293351081304295,0.6070004642950049,0.35368215442093304,0.5078126473115344,-0.4521769073546103,0.4515101132446604,0.49813446343362094,0.5539207547594104,0.5078126473115335,-0.3035019937001035,-0.33543658635554,-0.3982253984764226,0.2248498392660015,-0.19429250154366273,0.2852329020433038,0.046012977534029005,-0.15944890258232,-0.0031190492595358213,0.06445374161528855,0.25765498728651215,0.06973730018701474,0.3079593362461905,-0.2065958804138888,0.14328312323666323,0.11856167473217541,0.4358366508285316,0.13530951985936368,0.4954775225282152,-0.2892807694059693,0.20722514816024978,0.30788222276387056,0.7709871239285362,0.3775020289678143,-0.2956349118754276,-0.044371352559417515,-0.4127529696940539,0.22401157888272993,-0.15697846353099817,0.23937394037928791,0.39595822883425563,-0.08865666092229722,0.18474545570745224,0.05991877075087296,0.5468003547530496,0.08811100223379001
acc_z_abs_sum,-0.034954097370732747,0.9128705738681765,0.7669936394065964,0.9537128913733308,-0.816489492793041,0.8908957868720624,-0.22934486376230484,0.8878719766913118,0.6525464801936457,0.9029182452644191,-0.7305924811871417,0.8600381849777003,-0.06088926989762768,0.9484091947270867,0.7834796231982986,0.9748543874936545,-0.9581755667292576,1.0,-0.16841228458167373,0.7437060988503776,0.42946044498719504,0.7798425725552595,-0.725438669847478,0.743516317332118,0.5105478268725627,0.7629500053995946,0.788972920458482,0.7744159428382584,-0.28864713390716196,0.7596398381878484,0.1932578693992365,0.6694091293521583,0.5689942839946055,0.6222544196056702,-0.5053676433224172,0.5990028485693849,-0.22105115889455057,0.4985828939030178,0.1005462577335276,0.22652839324641896,-0.6304940337169455,0.221051158894549,0.011079388088890663,0.5635896139396945,0.23996518596813432,0.3663976358990914,-0.33176614387969006,0.31435823334724433,0.3223736521362496,0.7376003624127577,0.5397164854144701,-0.32100095128714823,0.02261435017599424,-0.3223736521362505,-0.4457077034138146,0.5277060565981656,-0.22301887047695035,-0.33203180800899085,-0.6182678926195976,-0.35653978682502513,-0.5612249555046108,0.45258985096367355,-0.5062457559345058,-0.5520902138284279,-0.6064371895571218,-0.5612249555046108,0.2566420406001309,0.35560237689313995,0.3747040747575349,-0.2161497999825362,0.1455836305932402,-0.2794723774489815,0.03808446400179838,0.2584929459075535,0.09741828533536877,-0.126399574867926,-0.24271904612459494,-0.1436027149427325,-0.26440390042638945,0.2423965825385104,-0.10190885162579999,-0.062125308464333624,-0.4079717040523355,-0.07833425040432923,-0.4308720599684468,0.38412542051783494,-0.11556514264654384,-0.2207531470145958,-0.799500335654114,-0.3024507402529852,0.2063399982729251,0.12333496670207468,0.3561938124211261,-0.13082433070346458,0.06921338289347712,-0.14761318974271656,-0.3306086605727987,0.17745524955866898,-0.09297664732842433,0.022802161541877565,-0.5599614990740567,-0.006576908283473998
gyro_x_mean,0.6254119662367996,-0.08129671809410821,0.00783366839537923,-0.12536457535452242,0.3567515692885902,-0.08277386029108445,0.7557759470936775,-0.04239523997375145,0.23352717426879968,-0.19497409255761994,0.5587122323665523,-0.23545347556933252,0.0017037241405721143,-0.17939782125909406,-0.19371038463449938,-0.1927894052066177,0.1812695352784536,-0.16841228458167373,1.0,0.040255103906027975,0.646620786765005,-0.10211251723007243,0.6007040876693811,-0.11254559320098509,-0.5953423841051356,0.022977603660864727,-0.37873371503043,-0.3650203619523558,-0.470162810762599,-0.4059199388869327,-0.2687720564495105,0.045702170421500155,-0.15397533486992618,0.01932577690929489,-0.37663133101036306,0.05652823590710631,0.7608614809043492,0.3803269839801964,0.6616098861155304,-0.7602887418775433,0.4818665464539507,-0.7608614809043527,0.7983307695562452,0.05965234630635449,0.585233609809839,-0.6740178470008769,0.819530999862059,-0.6714236250011438,-0.4893294991891664,-0.2686459961372932,-0.510012109616093,0.4887542413990941,-0.3669014339258966,0.4893294991891648,0.5804245933840171,0.01931801172149992,0.49967292112178485,0.5198061903730117,0.47500193198236385,0.5289253367774938,0.12025670001858707,0.24190102055793536,0.1347184920875651,0.12289272928473023,0.05778125010531923,0.12025670001858682,-0.1548968567617297,0.3069149677152381,-0.08539474239165959,0.2335249920248193,-0.31849274690247803,0.19886236967299015,0.03792869154291087,0.14575173066097144,0.11907369516900934,0.16352337369226505,-0.002119966698401941,0.13812907171948693,0.17222918419074654,0.17888584037766392,0.21650127876232908,0.1316728380024246,0.13958320492586035,0.1220417559859724,0.14053291470479623,0.14112046480527074,0.20215081316863223,0.20365284366374256,0.12794050680238087,0.20629438535306818,-0.1717431257252582,0.24386105413979273,-0.09842676482637,0.19445545253860452,-0.23818246275607471,0.1798665079729988,0.09654258653918985,0.21059302161096052,0.17318423190074647,0.203829433249036,-0.09404970745109294,0.18628803116521325
