,acc_x_mean,acc_x_std,acc_x_max,acc_x_rms,acc_x_min,acc_x_abs_sum,acc_y_mean,acc_y_std,acc_y_max,acc_y_rms,acc_y_min,acc_y_abs_sum,acc_z_mean,acc_z_std,acc_z_max,acc_z_rms,acc_z_min,acc_z_abs_sum,gyro_x_mean,gyro_x_std,gyro_x_max,gyro_x_rms,gyro_x_min,gyro_x_abs_sum,gyro_y_mean,gyro_y_std,gyro_y_max,gyro_y_rms,gyro_y_min,gyro_y_abs_sum,gyro_z_mean,gyro_z_std,gyro_z_max,gyro_z_rms,gyro_z_min,gyro_z_abs_sum,quat_w_mean,quat_w_std,quat_w_max,quat_w_rms,quat_w_min,quat_w_abs_sum,quat_x_mean,quat_x_std,quat_x_max,quat_x_rms,quat_x_min,quat_x_abs_sum,quat_y_mean,quat_y_std,quat_y_max,quat_y_rms,quat_y_min,quat_y_abs_sum,quat_z_mean,quat_z_std,quat_z_max,quat_z_rms,quat_z_min,quat_z_abs_sum,encoder_angle_mean,encoder_angle_std,encoder_angle_max,encoder_angle_rms,encoder_angle_min,encoder_angle_abs_sum,grf_x_mean,grf_x_std,grf_x_max,grf_x_rms,grf_x_min,grf_x_abs_sum,grf_y_mean,grf_y_std,grf_y_max,grf_y_rms,grf_y_min,grf_y_abs_sum,grf_z_mean,grf_z_std,grf_z_max,grf_z_rms,grf_z_min,grf_z_abs_sum,grt_x_mean,grt_x_std,grt_x_max,grt_x_rms,grt_x_min,grt_x_abs_sum,grt_y_mean,grt_y_std,grt_y_max,grt_y_rms,grt_y_min,grt_y_abs_sum,grt_z_mean,grt_z_std,grt_z_max,grt_z_rms,grt_z_min,grt_z_abs_sum
acc_x_mean,1.0,0.16675009342892946,0.42681532095108865,0.22200991309366244,0.27173503297197,0.209314418152988,0.5471503157622056,0.026089945309519004,0.20100097231945005,0.04529592019937157,0.21771547051630366,0.07351345813056831,0.033247782930420765,-0.24135272133346045,-0.2348847270544656,-0.2274313124958863,0.23784799065929085,-0.21910748142027758,-0.5037546552745714,0.5804029832621367,0.1604774847917707,0.544666933552756,-0.5385938519935883,0.5197609784824438,0.13717298449243792,-0.09334234234719099,0.056243754909824965,0.20577978141865838,0.14761675126447257,0.22579685828792095,-0.3009639083566312,0.07355036821648266,-0.15890815632819655,-0.2392220387701282,-0.3445292431853359,-0.26173551148007146,-0.2467308849450492,0.03154176829641406,-0.2596503544157868,0.24668667515699974,-0.2499631197921769,0.2467308849450517,0.21093208310151462,0.33876438269652737,0.27804977621777366,-0.19486947405616692,0.1124927448902488,-0.21243275662199035,0.0634322182376103,0.2210119866484481,0.0865046952729593,-0.06331913108853157,0.019696207434599038,-0.06343221823760967,-0.2744334079874612,-0.019404820589050107,-0.2612940061739815,-0.2181581373549174,-0.25025438674991496,-0.21910873656808205,-0.15237310088105113,-0.27177152142665245,-0.17313561510987235,-0.1536944238724909,-0.10410908059299168,-0.15237310088105102,0.13821574755452065,-0.23850238720229902,0.0788176828252547,-0.31452579694809635,0.16289621462321255,-0.3149596193442765,-0.06289165957884166,-0.007876264540408002,-0.06429456233369446,0.06215591927590176,-0.05670492020065278,0.06275226678078388,-0.3851894095684792,-0.07783543012951238,-0.31928043518304466,-0.367178702317341,-0.3339763639169027,-0.3770704601471057,-0.32375511137454843,0.1657009650671114,-0.28598252064450197,-0.11671533376966702,-0.3157968131018762,-0.1327979780110607,0.18902624674342727,-0.1003792079230245,0.12389036159863678,-0.1441290533894207,0.14791431242685635,-0.1522889616895772,-0.03484405643952347,0.18154226501405163,0.004542974103214807,-0.10156224350695339,-0.0619363367839849,-0.12105609438049982
acc_x_std,0.16675009342892946,1.0,0.8821060400518883,0.9893084348278065,-0.8363416711545745,0.9816721289647466,-0.1380838134420225,0.8711341305015375,0.6382597985518847,0.8709379222475777,-0.7617066333391896,0.8736268327357041,-0.17494376136624104,0.7132423643766668,0.6875650120383796,0.721523620198562,-0.6696512822060648,0.7215521015110035,-0.6127598578435977,0.561991337696114,-0.0975931275339529,0.6158550213374222,-0.640664744346382,0.6027076951681486,0.12916018875621288,0.627211660616108,0.5369887926127347,0.6815011370784155,-0.25832051819986324,0.6558469132899777,0.3407411203190624,0.7491681508371083,0.6150987613936175,0.6544708814929137,-0.09088158495763018,0.6238518528996617,-0.7016619815343085,0.586077347038419,-0.613239773388329,0.7018697724611612,-0.7758607779560318,0.7016619815343059,0.43372822178966236,0.6171428908275605,0.5521189879702245,-0.4292419289919257,0.23852216498656587,-0.43582634982002344,0.8640928043919357,0.4900767121405217,0.871111132945371,-0.8640134262412249,0.8263783598512227,-0.8640928043919349,0.2069717209735019,0.663965140248726,0.3101576871702049,0.259579250721243,0.0952317249837953,0.25260618322708195,0.3282193976691024,0.5666650181239508,0.39269365486259256,0.33454214942552246,0.2505313426105691,0.3282193976691023,-0.4497960279976338,0.5308920683607371,-0.33824314758547713,0.4939526375382756,-0.5277929239278367,0.47703478152259593,-0.8051151062451106,0.4651345453083846,-0.7429528948525959,0.8094697403956043,-0.8114364521961385,0.8064730626837234,-0.37546877471592366,0.19130174215697932,-0.2110149209818383,-0.35285829996461243,-0.49951521120324666,-0.37362887261072253,-0.4320281618488808,0.475929127718075,-0.3372030536346929,-0.44987453605964844,-0.5000195089891006,-0.46527902607131544,0.007752094114691966,0.4054983347187243,0.27918561814983844,0.11060054713222331,-0.1782835802237785,0.08208147925895179,-0.8798765352414104,0.6744212042138832,-0.8077403467949582,0.6330213882501321,-0.8994117890473606,0.5913196859451518
acc_x_max,0.42681532095108865,0.8821060400518883,1.0,0.8890034864313845,-0.5187882145025703,0.8455163694491726,0.05618345954427257,0.8613101693247137,0.842910292808895,0.8434780914697918,-0.5803823356513549,0.8176634737492976,-0.15088754405287472,0.40965629910731843,0.3933777665251702,0.4154685902846806,-0.3879591211458816,0.42078613084361544,-0.5622312517323179,0.5683817481346491,-0.03074245437652999,0.574213380977855,-0.6070971190433351,0.5467747514842852,0.2073782421872894,0.36773064836517316,0.44148434070021425,0.5196119615936869,-0.06190068530580904,0.5142474483377798,0.2063225291527956,0.7082750049030767,0.5041809042877394,0.43130925369904516,-0.20028957517527987,0.3896268458833085,-0.7063365229101195,0.36575189478534165,-0.6660863102865336,0.7064306124114288,-0.7501064550562517,0.7063365229101188,0.31887084206943206,0.4537978461840507,0.4073936161790535,-0.3136909978944465,0.18213367322376983,-0.3206897750762266,0.7282026069434256,0.4349190614465155,0.7369845822941049,-0.7281261663341949,0.6948166285243222,-0.7282026069434248,0.0344705353902933,0.4773082872845404,0.11645135981045639,0.07482387392877268,-0.03728923612182172,0.07014022031591423,0.1334943466620307,0.3461864841023837,0.18116164668329326,0.13902156902924873,0.08879101723391235,0.13349434666203025,-0.2491026946209946,0.3403322125845494,-0.1782933673833861,0.1936298057309316,-0.3092289937245862,0.1793069426406068,-0.6594542032504855,0.284955006369211,-0.6220550817492347,0.6610692217208185,-0.6379795781905547,0.6602809119529218,-0.43437865784200075,0.09582870872882204,-0.29846135571568266,-0.417987675245357,-0.4993739954646802,-0.43243198321280546,-0.44810947165257553,0.4333907079974744,-0.3694963689965576,-0.5520206146495237,-0.5040924761805329,-0.5668427722876683,0.18520879780041788,0.22071805298431077,0.3610362744834942,-0.06274358385604045,0.020428558993347716,-0.08925433812715736,-0.7363141651230665,0.4857321917393847,-0.709001141779865,0.5134650943457136,-0.7366224178202448,0.4853089024450039
acc_x_rms,0.22200991309366244,0.9893084348278065,0.8890034864313845,1.0,-0.8117544276709477,0.9919964114412009,-0.1010615740021196,0.8477859085326737,0.6263571143195282,0.8610353392895691,-0.7384852598027434,0.8706628628004714,-0.1915162808266507,0.6914261411030449,0.6670508178422069,0.7020649615340666,-0.6459400803676992,0.7031685697773408,-0.6670945614498882,0.6007245258157153,-0.1031053155119924,0.669899870279999,-0.6792983431852527,0.6605619606047286,0.16829085210765002,0.6055974850590785,0.5580028606286421,0.6685215505471603,-0.22183612975184258,0.6456940082524105,0.3469172244009968,0.7568160857924466,0.6204847652317397,0.6537156731032181,-0.09743118094691702,0.6221186111519653,-0.7147008782808377,0.5997250541029896,-0.6252866178854876,0.7149104379854478,-0.7902009577090097,0.7147008782808358,0.43546219378403583,0.660496603271905,0.5640919361970145,-0.4283339797976989,0.2238295005261222,-0.4377946129804516,0.8564145971890706,0.49314362851823307,0.8649126248612257,-0.856331338406712,0.8173420930400911,-0.8564145971890704,0.1784769840891121,0.6960815800737149,0.2881728943706049,0.23535139708693756,0.06306544323521732,0.22798459751150885,0.3096647747703715,0.5741190106837653,0.3769580533819996,0.31617178748554375,0.23083479929535328,0.3096647747703715,-0.4298966085330039,0.5268903521463671,-0.31648488010104886,0.4631781847994491,-0.5076984191448961,0.44558070726486815,-0.7979438373610284,0.4431512216253739,-0.7448101515323663,0.8015255586042442,-0.8027948339895831,0.7991329516372652,-0.4041511820109205,0.19054694092025573,-0.23256844793526002,-0.37978620499860294,-0.5270945447305375,-0.40120723241802986,-0.4508167307812911,0.4648840908312545,-0.3605313942669253,-0.44962731622371016,-0.5157169321144345,-0.46364517615961437,0.05104500209114468,0.38023075278080376,0.31128500723725744,0.07209900681491271,-0.13900924544806928,0.04370135525962738,-0.8726016484884499,0.6698022988249372,-0.800310805108713,0.6161269650353676,-0.8915973318293771,0.5753835496613795
acc_x_min,0.27173503297197,-0.8363416711545745,-0.5187882145025703,-0.8117544276709477,1.0,-0.8290265111213245,0.3860507471356435,-0.7102545108501035,-0.32156246668764066,-0.7427397957900966,0.8182227466469871,-0.7511913045870829,0.17662304867469086,-0.9065034131882325,-0.8663482883230371,-0.9119657060660487,0.8588006140346246,-0.9045249482718604,0.44954636706534984,-0.2979176861462355,0.23540232583498644,-0.418586828480274,0.4170611956256888,-0.43313045046669996,-0.002073208714987422,-0.7342098167671343,-0.4898186405518417,-0.6164513442680358,0.40650150839700055,-0.5735533492713051,-0.48679167819782587,-0.6601019783729892,-0.6649148424265063,-0.7873123793073185,-0.10364019752745444,-0.7735048407176696,0.4636060731876883,-0.6482993386430462,0.34649881957486073,-0.4638756913062115,0.5492947336930054,-0.46360607318768565,-0.35701319637428264,-0.5663210958388919,-0.47142333848080276,0.35665214329276806,-0.16555602202748573,0.35875532573966706,-0.7814050424177171,-0.39120532029457805,-0.7813478352339293,0.7813693058101788,-0.7585596932087877,0.7814050424177165,-0.4067637717893996,-0.7268423284528304,-0.5095269315552642,-0.4422648941011237,-0.27265870077472515,-0.43477508392487224,-0.48281383440053355,-0.7376152396316813,-0.55768829550693,-0.489249847342976,-0.37779729224472786,-0.4828138344005334,0.5883262837264528,-0.6885182202071553,0.44533188337832125,-0.7303950523987015,0.6815258721878201,-0.712523779242842,0.7214536201804709,-0.4651316368835451,0.6671793142526767,-0.7258483749315287,0.7450113034164582,-0.7227838161263612,0.1563095628691616,-0.23180425680452083,0.027783260375183937,0.13988037015593405,0.307634512704279,0.15659335145023642,0.2062873440765858,-0.32884590115822293,0.1331082877057001,0.23026257170384645,0.2690871429025497,0.23607925339620645,0.17938793920298904,-0.46476148349390056,-0.10986509237277613,-0.27372448954928463,0.32103961022866007,-0.25864257249868816,0.7967260764923584,-0.6333071063780951,0.7099182598649025,-0.6194003095994958,0.8183147349509374,-0.5831654154316498
acc_x_abs_sum,0.209314418152988,0.9816721289647466,0.8455163694491726,0.9919964114412009,-0.8290265111213245,1.0,-0.14484553438265296,0.8130309588251072,0.54844517871853,0.8276496428878872,-0.7523920136296819,0.8492105284402979,-0.2368737184164222,0.7078801993254253,0.6670290051381464,0.7196619997479026,-0.6731898679592164,0.7240751221475483,-0.6880062313349626,0.6147049173016108,-0.10385459478823227,0.6905373767866435,-0.6974201363654662,0.683572548523847,0.14792530333431075,0.6440878834591778,0.5573492437919663,0.7115349424244409,-0.25841781194339963,0.6874993091025471,0.315269899937402,0.7274564942853928,0.5807748855913409,0.6435254426664686,-0.11408441710867599,0.615776414244526,-0.6827846807448917,0.6235804398934194,-0.5868782117020116,0.6830104086708285,-0.7626849909666696,0.6827846807448902,0.4834194422749689,0.7084315038689345,0.6173964567304477,-0.4753601403537507,0.25620890586053846,-0.48583390374494867,0.8464544131009922,0.5301942026655484,0.8593511426793264,-0.8463512198536232,0.7984555429095712,-0.846454413100992,0.19905936395915136,0.6948330277982516,0.3059951252411298,0.26305802374978726,0.08235492065502786,0.2555788880292363,0.33894511886422707,0.5590995163577787,0.4009775772277436,0.34475832045595367,0.2621445031622703,0.338945118864227,-0.46613978164061154,0.5118427494578195,-0.35488014598038753,0.4904689695256316,-0.5355257756437227,0.4749621148601889,-0.7928077835206278,0.4884491762763413,-0.7307483060147142,0.7974597295646252,-0.8084237493127308,0.7941611419910555,-0.4088497242557804,0.19933689083188902,-0.227275485625107,-0.3815934963055265,-0.5315364484442394,-0.4052311987472179,-0.44243848545127873,0.4618671328937392,-0.34981285363090625,-0.4081006222536865,-0.5062070774312005,-0.4227063840491281,-0.01296879031154181,0.40996844733643173,0.25623099834454327,0.12130965449148595,-0.19640137671995217,0.09233964858948397,-0.8635273851408127,0.6983485009306563,-0.7795317511629035,0.6092499625364696,-0.8897196603445359,0.5648706571581594
acc_y_mean,0.5471503157622056,-0.1380838134420225,0.05618345954427257,-0.1010615740021196,0.3860507471356435,-0.14484553438265296,1.0,-0.3169383629236476,0.1393825097252275,-0.31850763992962927,0.6596523280971385,-0.3055522061216926,0.6133642399618405,-0.3989566096580454,-0.16158420624951006,-0.4006420476299364,0.5358326169423889,-0.4436447307986906,-0.0918419367230784,0.1950061415304209,0.17536049626156405,0.13129611560389168,-0.14025745599649939,0.1053328766627944,0.04778256872867358,-0.3938996641660832,-0.2056149600279553,-0.13820363584480286,0.26747747110148873,-0.10894884089243607,-0.10990815932171313,-0.22987806729956856,-0.16982060617075,-0.13759343813987357,0.012196495107481876,-0.13443120146583526,-0.15380664504119035,-0.13405705422492073,-0.19164360914256348,0.15370551882187336,-0.1233459446670484,0.15380664504119107,-0.26977426733085247,0.015570232869378779,-0.18001737113983457,0.281496978713843,-0.2561975625394766,0.27259199819654356,-0.01543330601916813,-0.09852176877518613,-0.012815911557953478,0.015412469539795203,0.005745620801393248,0.015433306019168685,-0.24576795436699087,-0.027207347748579656,-0.21983616426338218,-0.2437074559788222,-0.21572476139853392,-0.24527968318850443,-0.15448131619928682,-0.1750793494684212,-0.14968925473037917,-0.15234975502664405,-0.1100157461513825,-0.15448131619928687,0.3725763551754428,-0.0332237203142219,0.3499268518677221,-0.39196946388075027,0.327275520085689,-0.4086987141740937,0.11279456690954198,-0.15555831853475313,0.09712464343397055,-0.11225061412335359,0.1301343569746642,-0.11209387266980729,-0.24506152522778749,0.02231735855944752,-0.1848070037057278,-0.22993440000138782,-0.25290355412926696,-0.24394815265046738,-0.23314815479797885,0.1736041012125563,-0.19921657435662923,-0.10959947753233235,-0.23984728789797552,-0.12520979974442134,0.4359243681394941,-0.08625775007931637,0.37528571431759633,-0.34618887288089756,0.30474817649156244,-0.3673789801884285,0.17101871958307516,-0.07736158757367845,0.1446680698023493,-0.4589738957503101,0.15362227661622413,-0.46635567064410993
acc_y_std,0.026089945309519004,0.8711341305015375,0.8613101693247137,0.8477859085326737,-0.7102545108501035,0.8130309588251072,-0.3169383629236476,1.0,0.7940912374576142,0.9610851822654777,-0.8553603840166616,0.9233632534216202,-0.2108723301808084,0.6209946893126187,0.5590021918355109,0.6223139887308449,-0.6246851781249289,0.6297063599786201,-0.38755449876001147,0.3245188589454379,-0.1428006500067268,0.3718244785081078,-0.39136449494333103,0.3626499461609608,0.08898636513810541,0.5102420761544654,0.42613702499251704,0.5012460954287745,-0.2183581743618249,0.4780946882377302,0.31886638204051976,0.7990832332959038,0.6202657102921193,0.5793788540283,-0.13150976928966013,0.5410599952454173,-0.5651920852347968,0.4219609734194974,-0.504691105269904,0.5653303339920993,-0.6204000464818429,0.5651920852347951,0.2605731131480076,0.36757365333916914,0.3193428371628873,-0.26184394986179516,0.13557777706391383,-0.26278064426443587,0.7201734579835702,0.37107925736259845,0.7182604682762361,-0.7201408672967392,0.6998007713325793,-0.7201734579835701,0.21129306798801784,0.5016784486841401,0.28792363538052873,0.22909060890336475,0.12690049078058063,0.22469804421625292,0.2392624839826618,0.49518984451765147,0.29610390495348915,0.24532956113749896,0.16784299486475063,0.2392624839826615,-0.4062995657820779,0.48087801369116795,-0.3056584265033982,0.41085359854787656,-0.4764875111760386,0.3958057198155033,-0.6413801502211769,0.2766405429749235,-0.6127266329717734,0.641535558941905,-0.6217941036584618,0.6416479971319305,-0.21504059791416485,0.060846505743696794,-0.15543274971676882,-0.21568780439669258,-0.27521142715614516,-0.21617512594518348,-0.22960657824660968,0.33588760900200093,-0.16407373153818522,-0.5208278699552897,-0.2921381334343686,-0.525182352429062,0.03928639047607435,0.24920830581336303,0.23756312136862318,0.08650360180901367,-0.07276739652779043,0.07645912236840144,-0.7502431469874601,0.4842596102625553,-0.7131616281074449,0.6277954652740206,-0.7472590507719156,0.604452541062636
acc_y_max,0.20100097231945005,0.6382597985518847,0.842910292808895,0.6263571143195282,-0.32156246668764066,0.54844517871853,0.1393825097252275,0.7940912374576142,1.0,0.7266628757411329,-0.3960495662205218,0.6489422075333082,0.07670104534929767,0.19418980945544387,0.25057095016456554,0.19166194193351313,-0.15074466588635452,0.17947085459603937,-0.2858705460591262,0.3074741198278444,-0.02566417423370523,0.2849248261339512,-0.32847775430975346,0.25637856121380537,0.18944624067081137,0.11838346154303092,0.27041561928917157,0.24750748335620978,0.07350608285096469,0.25181186130337213,0.23350503465713351,0.5701596754841175,0.45494595583672237,0.3155791365739005,-0.07960542444590862,0.2761257076238578,-0.6220098518480612,0.06953255501874889,-0.6267913247871605,0.6219773017099349,-0.6130169279747363,0.6220098518480601,0.0153610983606575,0.12865797529008752,0.0655636436964918,-0.01454191659622179,-0.012145396781166502,-0.01581497949991415,0.5758571329877701,0.2474353190498505,0.57166890492051,-0.575855326460675,0.5724877483052395,-0.5758571329877696,-0.03641971974052231,0.3176862732525958,0.027337951891131473,-0.04024258104604009,-0.07947916696483574,-0.04301486549860464,-0.0034153844678519118,0.2366437763344221,0.038401422883529074,0.002782959238579192,-0.032375289125629494,-0.0034153844678520783,-0.032714249203145127,0.34516883937140347,0.04014240776609485,0.03214783515953628,-0.11598285953871032,0.012654348222303378,-0.5012711377370532,0.053727157013826764,-0.4982252605449201,0.4993219425047227,-0.4417280726422509,0.5015427601040183,-0.30081951792886713,0.03526321995337218,-0.2362237428314962,-0.29973306890195395,-0.34192216449040935,-0.3024314399912818,-0.3729692695710825,0.3510233174793119,-0.31728113361454,-0.5930059356131683,-0.41959635620009056,-0.6017029647311278,0.3609987538966975,0.04738453076112799,0.45200625701126407,-0.25344854021055835,0.22391480453520654,-0.27204366013720516,-0.5725711727199813,0.20656550973831406,-0.6142950395825577,0.3838812030989061,-0.5417693926861398,0.37798571737367254
acc_y_rms,0.04529592019937157,0.8709379222475777,0.8434780914697918,0.8610353392895691,-0.7427397957900966,0.8276496428878872,-0.31850763992962927,0.9610851822654777,0.7266628757411329,1.0,-0.8544135338936697,0.982031255422311,-0.22826568981096312,0.7049284696617907,0.6244093114543976,0.7075873989850205,-0.6972228697419581,0.7172274191647278,-0.4172842778999797,0.30140532462244446,-0.22519846632771343,0.37757041931556035,-0.384978122820774,0.3756921499680563,0.04573325574889428,0.5964985606787624,0.44155009530719225,0.5032502474522105,-0.29303215310576985,0.4694022543671456,0.366469543352446,0.9087036349903371,0.6990470252777139,0.6225646953361547,-0.1619158820523376,0.5761267782218871,-0.5263157222504963,0.45378203354933677,-0.462858453180384,0.5264669355592217,-0.5932008118025385,0.526315722250494,0.2504756343229836,0.3835277199282544,0.3173726465840132,-0.2523915512647063,0.12134852553253947,-0.25265072274368816,0.7540399586895471,0.37107052216029307,0.7463111890554779,-0.7540185650080468,0.7332389086301859,-0.7540399586895471,0.30115902893977176,0.5410420728633281,0.380500582974508,0.31741230755421557,0.2077358725498592,0.3128717474885856,0.32203698853600327,0.5797349129750656,0.38602115792762026,0.328633859277683,0.24081332448210885,0.32203698853600293,-0.49638391166549456,0.4849284339549801,-0.4028825893362598,0.45367182289644004,-0.5611339138315052,0.4388079629851683,-0.6347052883168075,0.28407780563895885,-0.60674073341707,0.6347997291089981,-0.6202568030100425,0.6349457674827942,-0.2564806049221349,0.05111918310374406,-0.19164248492128458,-0.2574828490425301,-0.3082660410950502,-0.2581359826594252,-0.17742062024560495,0.31055171978828205,-0.11089675862750883,-0.5086370896474459,-0.24015813134642625,-0.5095664831255444,-0.011848343351767189,0.27596560345538435,0.19248251242053085,0.1565747028009135,-0.11914528385988014,0.1515489516291257,-0.7496089296762393,0.4624575006501128,-0.7073454860016292,0.6191390138683132,-0.7363271861567323,0.5993161623630843
acc_y_min,0.21771547051630366,-0.7617066333391896,-0.5803823356513549,-0.7384852598027434,0.8182227466469871,-0.7523920136296819,0.6596523280971385,-0.8553603840166616,-0.3960495662205218,-0.8544135338936697,1.0,-0.8551504697748792,0.43100802845566355,-0.7741480836664132,-0.6313943314470252,-0.7792904405676377,0.8238434006378559,-0.7999641910781926,0.324164002255716,-0.18804373131532862,0.23787040900006864,-0.2890528622486354,0.28189741483666064,-0.30182827445876786,0.002847371685798448,-0.6495586762849355,-0.41730893450840484,-0.5196822590060026,0.36979027674975706,-0.48329263995845045,-0.3350474354582268,-0.7368827518505344,-0.5877959776691539,-0.6343648402561041,0.08849394114564897,-0.6117808964683988,0.33254680442806295,-0.538886932784367,0.24283227366777224,-0.3327676872107179,0.41708786231056344,-0.3325468044280609,-0.36221937464234977,-0.416716773964926,-0.40551019409783756,0.3661301711125713,-0.21024521219651315,0.36528132905992805,-0.5971718721469016,-0.3375562195346401,-0.5958202158991511,0.5971346647385118,-0.5689722187297753,0.5971718721469009,-0.35420977141297505,-0.5132375489011105,-0.4182000733685044,-0.37760717858729564,-0.25641736057648434,-0.3734316820065899,-0.3486106184869488,-0.5818403457241569,-0.4038343864302563,-0.35304068628533114,-0.25854166350796426,-0.34861061848694863,0.5922499988864718,-0.46290937738131865,0.4922643612688808,-0.5809460307247659,0.6322047537100123,-0.5743175184127819,0.5363682625239494,-0.3492473897776535,0.5008301874128092,-0.5375284130635366,0.5504217676377131,-0.5363649096279469,0.07599010176804112,-0.05865844181353134,0.03893511406942129,0.0798730282735746,0.12953277269669528,0.07691191027212685,0.004269344145011237,-0.18330757617123325,-0.040563044741078094,0.28936251926857004,0.05968771103523946,0.28575068322006114,0.23424057809630086,-0.3263828690071457,0.011630540161934419,-0.31975332479139057,0.28552388695374054,-0.3202931871957217,0.650388658510331,-0.5128107560671133,0.5724796375245822,-0.6481468524300847,0.6640927376853005,-0.6224640146317794
acc_y_abs_sum,0.07351345813056831,0.8736268327357041,0.8176634737492976,0.8706628628004714,-0.7511913045870829,0.8492105284402979,-0.3055522061216926,0.9233632534216202,0.6489422075333082,0.982031255422311,-0.8551504697748792,1.0,-0.21367332715526444,0.7131070109863847,0.6360227672641262,0.718659733116747,-0.6937750590666583,0.7293223369266587,-0.44336060485518347,0.3157025367922191,-0.23247352051587827,0.4016583329138799,-0.4049960829022804,0.4013612300321112,0.024656235878444774,0.6192316471648983,0.43643365247336313,0.5083518044910779,-0.31898500850888817,0.47075495222031444,0.34506301666657146,0.9421994277391557,0.6928814424805813,0.6381892402169006,-0.21341492379229746,0.5928782600305481,-0.5138310551667681,0.49597314163508716,-0.44474541875094403,0.5139965965876144,-0.5898905709652336,0.5138310551667663,0.25736813275230214,0.4319247830156316,0.33751423217838844,-0.25798747050312676,0.1105762591624854,-0.2595035490963738,0.7582537572398984,0.36266957480230944,0.7467912047855664,-0.7582335699715044,0.734772171850933,-0.7582537572398976,0.3130724627838855,0.5579394976200855,0.3944033360651943,0.33400220014869936,0.2173518934388915,0.3290788394001709,0.34115811431970605,0.5979103121835098,0.40702730941377374,0.3478786588225661,0.258057871753736,0.3411581143197058,-0.5202464377575137,0.4710085696616346,-0.4316842766006146,0.44463656492635656,-0.580063309398569,0.4293017776926519,-0.6173621254013151,0.30380421080910824,-0.5872643098427103,0.6178623601787584,-0.611037963474744,0.6176422096271877,-0.2868219405526245,0.04231930257213441,-0.21884713909729728,-0.28653102201714975,-0.33383015324839654,-0.2881606977700297,-0.15842110647762278,0.31198213195890656,-0.08928540078195232,-0.5075071428630518,-0.22517562777804145,-0.5080175580399876,-0.019664500827351515,0.2976556319601107,0.19263518223764484,0.17753285383295117,-0.1350496784962069,0.17202344618768692,-0.7286991555385984,0.4755560566438326,-0.6732514651836492,0.5757473917349463,-0.7190414770811728,0.553835328243377
acc_z_mean,0.033247782930420765,-0.17494376136624104,-0.15088754405287472,-0.1915162808266507,0.17662304867469086,-0.2368737184164222,0.6133642399618405,-0.2108723301808084,0.07670104534929767,-0.22826568981096312,0.43100802845566355,-0.21367332715526444,1.0,-0.14722420553093515,0.11529228652592548,-0.16413369955968443,0.3653405543525209,-0.21196669929501025,0.15115005329401976,-0.11823393204047347,0.010630813827799781,-0.1443781938714966,0.13232457352458102,-0.1570858917876135,-0.20355496643790053,-0.13294534435350944,-0.2796012147209792,-0.26036038254209376,-0.016856116980929953,-0.2846450240670522,0.015951667663587073,-0.1140391652809701,-0.020430189189320852,-0.029850737742448313,0.11199996890875885,-0.027455010722309093,-0.038784507805163355,-0.18484857230533355,-0.07648185324976359,0.0386675755823662,0.0025156608902558108,0.038784507805162204,-0.467347998630164,-0.2075789715439867,-0.421400975485129,0.4686278729202051,-0.4028755353662939,0.4700642664450609,-0.025199142304199305,-0.3745414973134454,-0.07180128422546556,0.025033958418192632,0.03121114751545452,0.025199142304199645,-0.09618964655620406,-0.09182305611309653,-0.09567650986808256,-0.14692057203184736,-0.06965724463368643,-0.14742947920316715,-0.11641960005442903,-0.04098547765634437,-0.10228569068291261,-0.1130778993759066,-0.10082505780271285,-0.11641960005442897,0.31443163679225633,0.13226059249564917,0.3388259901749513,-0.10299254947327689,0.2423324260849194,-0.12395183493851786,0.06823944935545753,-0.236941172646019,0.016681509878011248,-0.07164542559749368,0.1088931286092497,-0.06811753642800196,0.19867306290205466,-0.016306146655103135,0.07794447303841291,0.1869657664836068,0.14733923003092297,0.19576544300858859,-0.03137155579745732,0.020322560488849877,-0.04373154328943864,-0.01802904688252699,-0.03407337085159936,-0.01777414942999325,0.3384102361681108,-0.17322708419790953,0.26655629042537754,-0.22297603166077004,0.3265051164973677,-0.20751039195215573,0.13725864515192196,-0.04590565058656245,0.1301629777318247,-0.24052364937341575,0.1318771921021531,-0.24204437698740916
acc_z_std,-0.24135272133346045,0.7132423643766668,0.40965629910731843,0.6914261411030449,-0.9065034131882325,0.7078801993254253,-0.3989566096580454,0.6209946893126187,0.19418980945544387,0.7049284696617907,-0.7741480836664132,0.7131070109863847,-0.14722420553093515,1.0,0.9346007667434808,0.997355240446299,-0.9574420243891892,0.9934864416661612,-0.3842096218063945,0.15131662732353482,-0.36088067767916593,0.30863479414187267,-0.2844361665661848,0.3390995822773818,-0.20371433722173363,0.8084001437264109,0.319507381382482,0.6367504305603489,-0.5866527806225095,0.5844106302526342,0.4733666952338627,0.6469041020474463,0.6593807703948475,0.7914095948451497,0.09666111850722785,0.7763609624610827,-0.23248372739003303,0.6654498309848983,-0.11348273435046205,0.23277408494888896,-0.33479036582816507,0.2324837273900301,0.3128786290391025,0.5282489006537402,0.4187419524569835,-0.31423468670440013,0.12989690817834745,-0.3145571693681873,0.6860146439003796,0.3598082184257607,0.685266045352557,-0.6859847102028067,0.6632015989384177,-0.686014643900379,0.5771894526833673,0.6606753890012237,0.6636899617654116,0.6033680193243909,0.45457080120580007,0.5968307137960469,0.5976793084508645,0.7646307026100954,0.6691197432007884,0.6038250179809239,0.4930560129366346,0.5976793084508645,-0.7555422732656685,0.660138221920001,-0.6267833036273621,0.7961335323972003,-0.8274161630745066,0.7812495858304657,-0.5424724758243025,0.4206202075574432,-0.49310259468289647,0.5466950122158009,-0.5780044921313308,0.5434096333412654,-0.06783511850171818,0.1304378514506886,-0.006707367497666196,-0.06426197194571702,-0.15880577910506774,-0.0694050588341308,0.06597338046678705,0.22678758752766254,0.1346127635643537,-0.06471794654081045,0.0034638789646781304,-0.06855893950927404,-0.39591411562582557,0.4697668892246049,-0.12479276245896552,0.5044960198983133,-0.45885442276057115,0.5109685936219202,-0.6333986958429738,0.6180890677588222,-0.5250822341810442,0.5330463666239894,-0.673923369047525,0.49343730481846887
acc_z_max,-0.2348847270544656,0.6875650120383796,0.3933777665251702,0.6670508178422069,-0.8663482883230371,0.6670290051381464,-0.16158420624951006,0.5590021918355109,0.25057095016456554,0.6244093114543976,-0.6313943314470252,0.6360227672641262,0.11529228652592548,0.9346007667434808,1.0,0.933480773370302,-0.8113510921012279,0.9037668640741408,-0.3892122220573187,0.1629111677116845,-0.3436603811302188,0.31620263539644977,-0.2942163664126095,0.342756895912762,-0.12514002947150465,0.6719338029021276,0.31717125169661947,0.5207049468122165,-0.45133589288286224,0.4706570600729606,0.6051363513662396,0.588962371322231,0.7357187406229561,0.8607168007999402,0.26646070648287296,0.8506376648974485,-0.3291875226466769,0.6296846753462371,-0.21597151416652047,0.32945101465295934,-0.41781485052662226,0.32918752264667445,0.20494187418068538,0.4961890839490688,0.3309000620213378,-0.20476108992030803,0.036738635339599285,-0.2057807455503587,0.6797690259266956,0.22851122426496362,0.6680686283562864,-0.6797896362735119,0.6812433003681203,-0.6797690259266952,0.4764477143397212,0.7375644416611259,0.5853174600877753,0.4931753374382755,0.3459480384678827,0.4852445091175151,0.4976033341403828,0.8466077859008893,0.5933138069766872,0.5064967234679818,0.38132649583582484,0.4976033341403827,-0.625217055033979,0.7147135498129655,-0.48528809263329953,0.6762811068615576,-0.72668570050138,0.6511459874029876,-0.5112136741824195,0.3363332509118203,-0.47794230605474297,0.514651066918977,-0.5299950283637773,0.5121864804923415,-0.09915749134299322,0.12402279672268961,-0.043022983840951684,-0.09577032057864501,-0.19395970934292703,-0.10135710640019457,0.036150331295705176,0.2732481456822561,0.11129097304741187,-0.07495963223418346,-0.03586538626253334,-0.08390662353471881,-0.21378149102735464,0.44540017894477607,0.058628240004596884,0.3539610367285515,-0.3260695969319092,0.35347163726665876,-0.6029392014692224,0.5968829412496961,-0.5029883800739727,0.462233864785277,-0.6449468685048617,0.4244853658601702
acc_z_rms,-0.2274313124958863,0.721523620198562,0.4154685902846806,0.7020649615340666,-0.9119657060660487,0.7196619997479026,-0.4006420476299364,0.6223139887308449,0.19166194193351313,0.7075873989850205,-0.7792904405676377,0.718659733116747,-0.16413369955968443,0.997355240446299,0.933480773370302,1.0,-0.9551202014234705,0.9958661561363605,-0.4026412067206447,0.17783278439119612,-0.3395214737424075,0.3343827958974038,-0.30751519151196194,0.3647233035757874,-0.17700162864693647,0.7994610645520402,0.3412373614349356,0.6402227841578918,-0.565074855809194,0.58966537057232,0.47392331252882214,0.6551983669044756,0.6619881020573511,0.8051555486379369,0.08839345566201373,0.7897456188154196,-0.24549850311014434,0.6819785924797712,-0.12215737589295955,0.24579423139093776,-0.349108094345535,0.24549850311014176,0.3304804633185728,0.5481588043383226,0.437839508584145,-0.33123349527556284,0.14032499391816958,-0.3323230864931033,0.6796157342569887,0.36705599508008474,0.6806950819034806,-0.6795792227025368,0.6546025926766327,-0.6796157342569877,0.5523846665696585,0.6838314830061999,0.6435672576807532,0.582556261598231,0.4261812657458061,0.5757039642353131,0.580177983554825,0.7714812082858762,0.6536391075234769,0.586474961235956,0.47363027337198127,0.5801779835548241,-0.7432716025142231,0.6626684886292318,-0.6136457122423258,0.7854176008368138,-0.8169711595584633,0.7699216927768577,-0.5501292842244528,0.4249060941156003,-0.499873550131926,0.5542655387210079,-0.5858618492154766,0.5510094963565363,-0.08181878479422229,0.1382262551596322,-0.01100808548912881,-0.0769966464044562,-0.17780246609435904,-0.08298810402183421,0.04939792788005387,0.2433866418739401,0.12296539101987458,-0.08040305393361405,-0.015023452147528349,-0.0850198168360372,-0.3741185048704369,0.4767305803898314,-0.0972702983999283,0.4855163430601897,-0.45028427459555914,0.48941084687510106,-0.6380967771747612,0.6292828174322744,-0.5263128094758952,0.5302515342606531,-0.6802571128937984,0.48994049405861667
acc_z_min,0.23784799065929085,-0.6696512822060648,-0.3879591211458816,-0.6459400803676992,0.8588006140346246,-0.6731898679592164,0.5358326169423889,-0.6246851781249289,-0.15074466588635452,-0.6972228697419581,0.8238434006378559,-0.6937750590666583,0.3653405543525209,-0.9574420243891892,-0.8113510921012279,-0.9551202014234705,1.0,-0.9645636310851973,0.3397457566092051,-0.11767476363866554,0.3463096420113814,-0.26546746743180244,0.2426751235516284,-0.29773970979657405,0.2323515011355851,-0.8046774660978936,-0.28511153233696057,-0.6831994673436638,0.6107926768598718,-0.6396186469772944,-0.36898378140239996,-0.5989045049633045,-0.5587150570884152,-0.7029322054495264,-0.019416193962262244,-0.6900135293310398,0.13152274069839748,-0.6398542317497408,0.014134696594706562,-0.13181435884319864,0.2359278146227962,-0.13152274069839456,-0.36705387900338904,-0.5176104317418572,-0.45233835291417696,0.36930543961673684,-0.1838608169766457,0.3694158536320829,-0.6331641135113434,-0.44235990578887463,-0.6462547292593233,0.6330932224952616,-0.594964036155007,0.6331641135113433,-0.6210832695588311,-0.569131223877174,-0.6885345510121107,-0.6545826969484202,-0.5125305349527162,-0.6493769883980652,-0.6382847189748572,-0.6634677057967727,-0.6889781758114153,-0.6421731201364183,-0.5483396788045378,-0.6382847189748574,0.8093623953615262,-0.5777906522415834,0.7001985862859776,-0.8107010720589403,0.8566771269510196,-0.8045027000160799,0.4991797646409655,-0.44286250685843714,0.44194613575524777,-0.5032913472457832,0.5469105618472999,-0.4996688310465597,0.06531094368939791,-0.09464211610310073,0.008133030778567642,0.06454293885804419,0.12742174894825067,0.06658031370764611,-0.10843214361086309,-0.1771734663292903,-0.16955072765527168,0.049908775691481506,-0.05370236197433883,0.05033680500219698,0.505822618555146,-0.4507309198580796,0.25746804727588307,-0.5722603643597614,0.528222670200813,-0.58240066055483,0.5919697858724038,-0.5872527104554538,0.48624286781348913,-0.5205994624303913,0.6335842075982496,-0.48150288058400925
acc_z_abs_sum,-0.21910748142027758,0.7215521015110035,0.42078613084361544,0.7031685697773408,-0.9045249482718604,0.7240751221475483,-0.4436447307986906,0.6297063599786201,0.17947085459603937,0.7172274191647278,-0.7999641910781926,0.7293223369266587,-0.21196669929501025,0.9934864416661612,0.9037668640741408,0.9958661561363605,-0.9645636310851973,1.0,-0.39899742674380684,0.18164015814963194,-0.32670324527641514,0.3357811130591036,-0.30671845668453285,0.3660713658030487,-0.19116704126634645,0.8251982655186715,0.33911274884704173,0.6589603150591503,-0.5909820829122032,0.607891323043992,0.42350242917680425,0.6619417193324175,0.6268994910384899,0.7754720646286375,0.03281345277677261,0.7589182100677883,-0.22378080840587736,0.6849689551588996,-0.10039984990645509,0.22407903662650064,-0.32909273778833786,0.22378080840587436,0.3520261950601156,0.5519537757451531,0.45396300557514313,-0.3528052178355685,0.15938001627251364,-0.3539842083797531,0.6657345924395365,0.3899565111235108,0.6691980261139334,-0.665685361889855,0.6349206013171855,-0.665734592439536,0.553939747402115,0.654417716313425,0.6385845211866734,0.5861632849648752,0.43197569554379456,0.5796755724202733,0.5829796013942743,0.7328135752774261,0.64932036041973,0.5885430836945393,0.481647228542092,0.5829796013942743,-0.7517310224298875,0.6356965686587227,-0.6253749079570218,0.797152128625926,-0.8164382055863317,0.7841183394196496,-0.5503358313447311,0.44278042031259807,-0.4959001087996779,0.5547700773539751,-0.5893205326255242,0.5512295102558918,-0.06526376783857517,0.1451592070112187,0.008104467656813951,-0.05957106127034911,-0.16200701212584115,-0.0660816693874089,0.04994520566928964,0.2357907288794769,0.12175978116452954,-0.08732846810398678,-0.011871155509470023,-0.09107468866699038,-0.40133666193505646,0.47786403883009476,-0.12596328705918203,0.509935585625979,-0.4681906902967014,0.5146753034543504,-0.6345187096572636,0.6361818993363559,-0.5194415836437727,0.5376054044910052,-0.6783699390696678,0.49611025717717094
gyro_x_mean,-0.5037546552745714,-0.6127598578435977,-0.5622312517323179,-0.6670945614498882,0.44954636706534984,-0.6880062313349626,-0.0918419367230784,-0.38755449876001147,-0.2858705460591262,-0.4172842778999797,0.324164002255716,-0.44336060485518347,0.15115005329401976,-0.3842096218063945,-0.3892122220573187,-0.4026412067206447,0.3397457566092051,-0.39899742674380684,1.0,-0.7998906005868771,0.208663065702544,-0.9449347498638044,0.9007194393793053,-0.9607491379043861,-0.27809780899499176,-0.41888554872355954,-0.5216142553445516,-0.49680397249821284,0.034376881657156765,-0.4712716067890761,-0.2890235292288254,-0.33517111340817746,-0.3740902808174313,-0.2626524048138295,-0.09100583201826129,-0.24300885647448012,0.5651710067222306,-0.26693067563777256,0.5143922746777632,-0.5652284973476792,0.5752137650995045,-0.5651710067222322,-0.43926146701015945,-0.8186503417986649,-0.6187283222735525,0.41671019435705625,-0.1816354812346294,0.44356752454899373,-0.5108831429524643,-0.44511217894540195,-0.5289201379069762,0.5107659568221837,-0.45438839952317095,0.5108831429524642,0.04776412241651401,-0.6145426509642471,-0.050055584445966014,-0.020994151394543324,0.15013004347990616,-0.012933326937138433,-0.09253053405483695,-0.3239373876963308,-0.13561199431137785,-0.0964764491516777,-0.04471783052488252,-0.09253053405483691,0.2148353353170987,-0.30175140929408006,0.14272365294026068,-0.1769952755661051,0.2573203448937869,-0.1611108411945434,0.5379115533391513,-0.21014004085346638,0.5426013678551084,-0.5352884275577292,0.5284447614962674,-0.537432493773353,0.47638591948295345,-0.03723386181559325,0.3622431881120178,0.4467579024659372,0.5048176565224403,0.46455583383948856,0.4795774504527337,-0.17457089586433097,0.46013119676026176,-0.018033626007435546,0.47205487475404306,-0.010600825348395845,-0.0887739283854843,-0.03205974504325846,-0.14243076904345725,0.1058037606695595,-0.05298651202589719,0.10546543040162139,0.5726726488903374,-0.555549117003812,0.48595688927826064,-0.48114565295248973,0.5952736416742768,-0.44978763684050904
