,acc_x_mean,acc_x_std,acc_x_max,acc_x_rms,acc_x_min,acc_x_abs_sum,acc_y_mean,acc_y_std,acc_y_max,acc_y_rms,acc_y_min,acc_y_abs_sum,acc_z_mean,acc_z_std,acc_z_max,acc_z_rms,acc_z_min,acc_z_abs_sum,gyro_x_mean,gyro_x_std,gyro_x_max,gyro_x_rms,gyro_x_min,gyro_x_abs_sum,gyro_y_mean,gyro_y_std,gyro_y_max,gyro_y_rms,gyro_y_min,gyro_y_abs_sum,gyro_z_mean,gyro_z_std,gyro_z_max,gyro_z_rms,gyro_z_min,gyro_z_abs_sum,quat_w_mean,quat_w_std,quat_w_max,quat_w_rms,quat_w_min,quat_w_abs_sum,quat_x_mean,quat_x_std,quat_x_max,quat_x_rms,quat_x_min,quat_x_abs_sum,quat_y_mean,quat_y_std,quat_y_max,quat_y_rms,quat_y_min,quat_y_abs_sum,quat_z_mean,quat_z_std,quat_z_max,quat_z_rms,quat_z_min,quat_z_abs_sum,encoder_angle_mean,encoder_angle_std,encoder_angle_max,encoder_angle_rms,encoder_angle_min,encoder_angle_abs_sum,grf_x_mean,grf_x_std,grf_x_max,grf_x_rms,grf_x_min,grf_x_abs_sum,grf_y_mean,grf_y_std,grf_y_max,grf_y_rms,grf_y_min,grf_y_abs_sum,grf_z_mean,grf_z_std,grf_z_max,grf_z_rms,grf_z_min,grf_z_abs_sum,grt_x_mean,grt_x_std,grt_x_max,grt_x_rms,grt_x_min,grt_x_abs_sum,grt_y_mean,grt_y_std,grt_y_max,grt_y_rms,grt_y_min,grt_y_abs_sum,grt_z_mean,grt_z_std,grt_z_max,grt_z_rms,grt_z_min,grt_z_abs_sum
acc_x_mean,1.0,0.009714589546517355,0.49839776769692334,0.08848648880949202,0.34488725375775886,0.12173131324609153,0.878800495847147,-0.09273628304131613,0.4687966085583365,0.06539796510084575,0.47543363575682424,0.10564271890699165,-0.5352590425364255,0.04089687678878142,-0.053081962547317604,0.09531912142846787,-0.2351138081766369,0.13023176347395327,-0.4094732182995292,-0.09684543273501463,-0.2565266978371661,-0.07165138859930012,-0.13469595231292125,-0.057607523727726276,0.20034663537001793,-0.07739396835190494,0.10448023767999745,0.06567510787652556,0.23075347029138493,0.07045792681061201,0.5653892368243119,0.14172739360791609,0.37955578876638624,0.28455488628361053,0.4759680216854128,0.2697118827912132,0.3520370234263301,0.31685963371503767,0.40511713837268176,-0.2898854496225657,0.17099518240855408,-0.32228649706945467,-0.31384851580230094,0.36069757430709504,-0.14527965500400702,-0.3112677490928935,-0.4195436204626895,-0.3138485158023025,-0.3740802723438597,0.25383359609503636,-0.18926867825015806,0.35130534698832167,-0.4761472693747734,0.31812019494338184,-0.366718752207112,-0.04636595563599006,-0.25309868549579345,0.3680239189890969,-0.37467177202737295,0.36671875220711453,-0.053688718907964506,0.10540102274631061,-0.019590746662470057,-0.04910844083828879,-0.053691526407143086,-0.053688718907964506,0.08902660246375818,-0.21997510525822117,0.05004552116521411,-0.11713224440996191,0.17231974686150933,-0.09769356581222026,0.006410439365774764,-0.24269032887642353,-0.10354514600661718,-0.13183150733747526,0.16218448541251618,-0.0976523651121913,-0.09715156707976003,-0.26038315034669013,-0.20908560508216043,-0.05716382902581401,-0.01570026348511619,-0.03515884207778551,0.009034317060214774,-0.26827282465126745,-0.1261672610420973,-0.1361771411643398,0.17426407833242621,-0.10985182676812581,0.0761887054701972,-0.24744058360907062,-0.030258507574857693,-0.13138355143310554,0.17391377912506276,-0.10593407934135693,-0.0002196649350967969,-0.2591366111357272,-0.1419244484278597,-0.14103570119228007,0.12363865660842809,-0.10946938734362738
acc_x_std,0.009714589546517355,1.0,0.7475368067025859,0.9265401532295595,-0.8395862650882936,0.8532230835782028,0.09593599707698235,0.9185029051896982,0.6828746424718605,0.8467238557127178,-0.7063842876912011,0.7959886783044967,-0.09113081594788162,0.856266901074495,0.7692678469412387,0.8691678309977636,-0.8214535598135329,0.8709605014096498,0.13155139806271895,0.6001588115119187,0.6030448648731168,0.5914536732832009,-0.4714120344603166,0.594600841258357,0.3542127074382047,0.6659421698116966,0.7041369367124367,0.6578537552301521,-0.3431720614262814,0.6432968858926174,0.26581460218005115,0.6883615352412218,0.5869667002411082,0.6703956678741864,-0.442091693880763,0.6528407751573233,0.18166183631254887,0.5994433338130093,0.4128327151466917,-0.060316126207775655,-0.04667756425233667,-0.09417901591938349,-0.033086493823969686,0.6598147609589634,0.22027817881303982,-0.030256587512216375,-0.31462715138967695,-0.033086493823978,0.18404979791103007,0.6189494680846895,0.34421847982487996,0.01925287208982687,-0.06453390336826252,-0.02894464488205448,0.13778515689083792,0.5485135086051574,0.30991956131225384,-0.13371684631370007,-0.12250815131545445,-0.13778515689082238,-0.3866493582674594,0.521621440620538,-0.303350937134501,-0.37390006721469393,-0.462651948558971,-0.3866493582674599,0.1490577446237184,0.29297916257468515,0.29845831051364424,-0.057829146142046,0.034675468222649636,-0.09338737176519969,0.07733642846748197,0.24822842363511355,0.16349168065789957,-0.18987626541517205,-0.11429301212308937,-0.20688844475169105,-0.22867134052323812,0.2900755826268808,-0.03213228531047737,-0.008668867467078855,-0.4039764445091833,-0.03467866124773492,-0.2379495368781975,0.3347936194685061,-0.0023460666626479274,-0.06869431238062018,-0.5503264682546027,-0.12345735414147056,0.1336204030163478,0.2445155152321501,0.3100939440796875,-0.028297758121905894,-0.034675182933975104,-0.059694573414275504,-0.27288494737810254,0.18410029975463046,-0.10495391704424895,-0.1290270685875344,-0.3379618518386456,-0.16409649898124204
acc_x_max,0.49839776769692334,0.7475368067025859,1.0,0.7576772997388991,-0.3394101024664177,0.7405708530077534,0.5221628172020591,0.6871177562673408,0.9449640809892892,0.7153631096597871,-0.20355801958420225,0.6883542152185633,-0.44586880278840707,0.7001213862040487,0.5709380320713563,0.7344798147480222,-0.8133224383828996,0.7777692990599233,-0.06353217361055426,0.43428384611194704,0.38795415046082976,0.46571381348216906,-0.43077077606293296,0.47436195536041015,0.3848861151298198,0.5035188506037896,0.6068012732986267,0.5434819946884303,-0.1732382909698244,0.536620362486179,0.5330565848553748,0.7223158232125692,0.7411088790755069,0.7426098457590966,-0.14689425827438649,0.7136977025613979,0.25580857952051017,0.6837742658751889,0.4865898517345308,-0.1344411969748009,-0.03178540115379552,-0.18242809420377426,-0.1190210601312348,0.6526956931763359,0.1481534096693671,-0.1159580495552013,-0.3741920149372366,-0.11902106013124256,0.037258987130780755,0.664589927889837,0.25858724126809646,0.08307609294028694,-0.2161847343237871,0.028028393587472163,-0.028739114740268263,0.48101988829836706,0.17664299150234813,0.03288732352894334,-0.27242299514826873,0.028739114740282175,-0.3114065548964901,0.5673635297104781,-0.21233035966600802,-0.2975890646440615,-0.3917794070714789,-0.3114065548964904,0.14706641577509874,0.13557602190542298,0.2479226218667337,-0.09827546503020058,0.08582214069931185,-0.11879826563225836,0.04847355538500196,0.045944205072660074,0.053609967025001995,-0.19982122733770202,-0.006106334576052393,-0.19584214644049408,-0.23152475289877678,0.055302975394695815,-0.15195608074969053,-0.02683731358532081,-0.31342859047604693,-0.031010414223806806,-0.1899153237713125,0.0932461712057128,-0.08956049276946183,-0.13682662408792895,-0.3059043419921275,-0.1619285598080776,0.16229416524467918,0.07264965470368752,0.2644039883990016,-0.08933946402395007,0.0677115969535567,-0.10028052062040829,-0.23077312422796784,0.00604069825182354,-0.17695201547880995,-0.17373221367882094,-0.21918081065123024,-0.18702986817766012
acc_x_rms,0.08848648880949202,0.9265401532295595,0.7576772997388991,1.0,-0.7021414926452214,0.9797232061815822,0.1447970414038692,0.8536643838240863,0.6752846407603277,0.9237748830344005,-0.592047962253459,0.9065244399039475,-0.23602663122059217,0.7904148571751128,0.6358309521685765,0.8266706431126132,-0.8312925720481807,0.8684941355840573,0.1060814418012923,0.6326309452887992,0.6326794182719031,0.6342695774621626,-0.4858284007730321,0.6399796347410271,0.41267652473523064,0.7524548795580833,0.7838907092022335,0.7323433179308736,-0.3801980868206727,0.71413394388733,0.365346789211655,0.8069963994286917,0.6990242650352427,0.7797877419738927,-0.43813035095493996,0.7581536195401369,0.14259777968548137,0.7067368603169705,0.40105010082155007,-0.009613205746890823,-0.1349588201369603,-0.05012596188920433,-0.06401419938043894,0.7451071429618322,0.24008831804291017,-0.06044732836982805,-0.35449318845339206,-0.06401419938044758,0.2085173784633179,0.6939731209194269,0.3982669951210182,0.014170457937126683,-0.052556600466950466,-0.041604973505158294,0.16846230037690202,0.6046948441095911,0.3609556389737157,-0.1643610437715876,-0.107754530249437,-0.1684623003768867,-0.3820704901536485,0.6739535074828469,-0.26973256444923993,-0.3628084921083788,-0.47803175112154284,-0.3820704901536494,0.1369606871522434,0.2635168082956761,0.2653022102567754,-0.08216056565139188,0.02823196328351904,-0.11716601408825988,0.08933077639064459,0.22973738064269025,0.16846904416802458,-0.2397251516172317,-0.06787748587344271,-0.25347424679988423,-0.27457310345811503,0.23994244814347093,-0.08546330196050993,-0.03468263736252581,-0.4309227005135302,-0.05775163967269599,-0.26049146427199144,0.3099255435029529,-0.029680828629001947,-0.09259730307034422,-0.5211685635450652,-0.142957087800398,0.13937565799045135,0.24029585131913198,0.3026568367561081,-0.04612442077873017,-0.03752048723705569,-0.07886039515699092,-0.2858704868095844,0.15969350662717405,-0.13714250729960098,-0.14774058153033673,-0.33637306703720266,-0.18245508223456885
acc_x_min,0.34488725375775886,-0.8395862650882936,-0.3394101024664177,-0.7021414926452214,1.0,-0.5793857072712993,0.21371713484548055,-0.8199270765011459,-0.3357321087364129,-0.645172936978139,0.8905889831387902,-0.5731632509656555,-0.26947902841784194,-0.7870090974712239,-0.8023482646929647,-0.7588501528270305,0.6196043825012687,-0.6973726609398815,-0.18359674685774083,-0.4751514711414527,-0.5048318583823905,-0.4411730142130755,0.3458683933276097,-0.43652610410999937,-0.25821026236883365,-0.4852171803446388,-0.5040291130854125,-0.47345379485121236,0.2836485786008524,-0.459428019666803,0.09645684383681927,-0.3665555297077328,-0.21036477405025178,-0.31500058491284016,0.5108468054008664,-0.31148835033191846,-0.1537911216215154,-0.2599600850287491,-0.2714684218903929,0.07834756523613216,-0.06852399677124195,0.08723593962939029,-0.041031660883971637,-0.3933322993894575,-0.18182652972533572,-0.04234269491320971,0.1420825515494254,-0.041031660883965676,-0.15899194132297803,-0.2938956652903588,-0.20866296226635778,-0.003914268823966121,-0.026246998588213055,0.015876799534650925,-0.1391092237562875,-0.302967123783638,-0.20584610669543632,0.13732421614039267,0.006954026257925845,0.1391092237562759,0.3322160117078576,-0.24912434186292204,0.3009503736389134,0.32743144808339253,0.36800260943369756,0.33221601170785797,-0.12239664638640527,-0.3224562135814161,-0.27050668854198284,0.0008130313945339995,-0.00046354053633197983,0.03682955062634771,-0.03780735494604966,-0.28466077214507646,-0.1429316333251697,0.06781413856690341,0.20560473092660894,0.09406134553407619,0.12935746120902591,-0.37212786611037824,-0.08786480155988934,-0.013770539498949965,0.316358381761629,0.017758377411810886,0.19176909425556926,-0.37683481827653653,-0.04603022355768008,0.004236938450342821,0.568007772484,0.06305988714753735,-0.09513008991454143,-0.26587930480974425,-0.27170800363275655,-0.01287769876990176,0.06642706031404251,0.01882002472992104,0.21644807652186202,-0.23117462565125732,0.0340295848527419,0.06861491147253532,0.31408780097555833,0.10620189354545756
acc_x_abs_sum,0.12173131324609153,0.8532230835782028,0.7405708530077534,0.9797232061815822,-0.5793857072712993,1.0,0.16473033167230805,0.776060660791808,0.6440979912818833,0.8991908575092598,-0.4872564501964643,0.9025610975935288,-0.33040139361946846,0.6932851242716709,0.5110756249218047,0.7424566003436385,-0.7759885583739669,0.8094874771812542,0.12292196187485897,0.6202237806119419,0.6331803454509475,0.630126123953482,-0.45026593299704837,0.6379033665448475,0.4009805695600663,0.7668309699981193,0.7841809877783587,0.731188759080473,-0.3934166544579402,0.7122606961939821,0.4328816091735327,0.8336449898180188,0.7392715160908863,0.8157325482946568,-0.3957310499988624,0.7971323274539666,0.08087006859290712,0.746583697137141,0.35828553710145955,0.05379733848809715,-0.2074165775423242,0.011443270862675823,-0.06738168736669124,0.7596815507396197,0.24547625707608772,-0.06355506316067494,-0.3588189660917645,-0.0673816873666996,0.24003287543189702,0.7320536088622946,0.43601565710139917,-0.009657029130949301,-0.03193273641316842,-0.06915290821165614,0.20512155993626446,0.6485016612105509,0.40391875445088193,-0.20077441513154015,-0.08864409928691729,-0.2051215599362501,-0.3439126087318173,0.7194307190848954,-0.2252066708663942,-0.3231164596058484,-0.45083378652552686,-0.34391260873181734,0.11953337190796035,0.22959075719606756,0.22599572374721236,-0.09420393072396889,0.019976279914770117,-0.1265440711649294,0.09419602314309684,0.19512306555852485,0.15825569727546782,-0.26314436826048326,-0.03110859938678404,-0.27312952307558774,-0.2902257434008794,0.18060636643891473,-0.1236004884886367,-0.048883353819150606,-0.4200865203769803,-0.06714092646932211,-0.2587735914526743,0.26453789291800234,-0.05214881897037599,-0.10623172137465997,-0.46677508238760196,-0.15037041922285974,0.13859601404470337,0.20835858190786613,0.28202084029675567,-0.05666562447796751,-0.02456939993404213,-0.086510949351761,-0.27658379211553197,0.13062458873839292,-0.1507735677330593,-0.15008094749268797,-0.3152899770540716,-0.1822602023102226
acc_y_mean,0.878800495847147,0.09593599707698235,0.5221628172020591,0.1447970414038692,0.21371713484548055,0.16473033167230805,1.0,-0.011863543220572027,0.5834920074474454,0.11933534727354138,0.4421022770301902,0.16143048604718274,-0.5571922199219165,0.19192661110794854,0.10964409362613205,0.23665623856119608,-0.34140971897057754,0.25414741890101034,-0.4376098018783741,-0.14697454254714862,-0.3192327264944774,-0.08632313418776844,-0.122806438999084,-0.06261701325970769,0.4046143623148187,-0.14540507753562645,0.17880022098305123,0.06926005070301565,0.4142484244952159,0.08220368307435515,0.5685470331485888,0.21377852872012418,0.4521163483717071,0.25552598418119665,0.4404736816600818,0.228849538297088,0.44473289199933375,0.24067594211347043,0.4700905095535558,-0.33966537130757957,0.2903124423013537,-0.3670606311316948,-0.37110058841379195,0.32542197128993566,-0.21027336933903382,-0.3691737011795477,-0.45771129011257233,-0.3711005884137952,-0.4641186410312259,0.20198958659506486,-0.2847805447582043,0.46492160214238537,-0.5655082942562869,0.43625104752138744,-0.36661497565623774,-0.09898367478070202,-0.2875160986017477,0.3674297846941932,-0.36880841688838917,0.3666149756562413,-0.06108757765907817,0.03534449571166829,-0.04244585154248991,-0.059905145104498334,-0.05418815835829265,-0.06108757765907819,0.14629019663279155,-0.25784076359262,0.09503566548702377,-0.1795515887770736,0.23281065571180554,-0.162279894845049,-0.07046670117452615,-0.381095754205968,-0.22135819278140978,-0.17840988462114984,0.1396098505405278,-0.126411158871085,-0.22072885776607962,-0.3422916448923613,-0.3235488498337484,-0.1663765211401621,-0.10365047500149631,-0.13888948315510968,-0.09054091428466132,-0.39858355105379484,-0.2690594874456862,-0.2742358464218335,0.12508217594205634,-0.2469681889040063,0.21717223312095452,-0.3851151860803938,0.06097433749181631,-0.27656956404422073,0.33021297022111074,-0.24558648226493662,-0.044421033331236176,-0.40759814903154823,-0.23965694628796108,-0.26708355560377384,0.15079377317011497,-0.22985894062626652
acc_y_std,-0.09273628304131613,0.9185029051896982,0.6871177562673408,0.8536643838240863,-0.8199270765011459,0.776060660791808,-0.011863543220572027,1.0,0.6923213791423458,0.8858044193580326,-0.818313200230938,0.811296334986925,-0.04875575876105684,0.8326403369992723,0.7548542119211442,0.8347201132218101,-0.8051074730111362,0.840098869666355,0.16462715407017595,0.5945760369926645,0.6332296866964197,0.5866731695015619,-0.4438349732390409,0.5841317979646283,0.3325146519153833,0.6325296015465818,0.6541163730073266,0.645235357851389,-0.33938259302940327,0.6331675416332269,0.2073864960414132,0.694319663801478,0.5524333640102815,0.6509927156351029,-0.5110156389475464,0.6353296559756948,0.17240104410068657,0.5765356636474146,0.3977876286326241,-0.07734649887551182,-0.043283163523693095,-0.10972056443849934,0.06970690624425797,0.5774383078899189,0.28497092312462585,0.0719558469540506,-0.18344191273753915,0.06970690624425016,0.24878564892041652,0.5981936547271005,0.38883555491009636,-0.08549174869401134,0.016768950127344733,-0.12794648732305525,0.13373629615090257,0.5164341848900019,0.2956686166133175,-0.1301118851819628,-0.11430785690659193,-0.1337362961508865,-0.41614417354176925,0.530346438653177,-0.3347312015610978,-0.40384909733005664,-0.49456518111855297,-0.4161441735417688,0.16720205645737693,0.3115786797523983,0.31990215411058187,-0.04193391969749433,0.0395171979406934,-0.07932499399556546,0.1019710852946357,0.3143634540072971,0.2032400382737405,-0.17744204908497446,-0.13188953718859323,-0.20203824352669558,-0.18895842249322664,0.33973290189222577,0.014301925597331183,0.033156935559513386,-0.38904365485195214,0.003965834141890214,-0.21112800384895017,0.3930785443809313,0.042004375258836525,-0.027699036491778125,-0.5518288557386083,-0.08593994073669084,0.09431378427873406,0.2956407630981757,0.300957025074945,0.013468241843440006,-0.08367214317669469,-0.02025624924893278,-0.27963848683920167,0.24593445313130177,-0.0986457477986053,-0.10371396104278507,-0.3778033531437393,-0.14629726084636485
acc_y_max,0.4687966085583365,0.6828746424718605,0.9449640809892892,0.6752846407603277,-0.3357321087364129,0.6440979912818833,0.5834920074474454,0.6923213791423458,1.0,0.6862063890168986,-0.1949165949721202,0.6483317941943676,-0.446835661158069,0.7021906858607911,0.5921532294695677,0.7248014537465824,-0.8093230636680706,0.7569885152014625,-0.10164194576640333,0.3351661313103671,0.28646007780889443,0.37507798665297626,-0.37720350232080535,0.3841398022763229,0.4428121475012029,0.3645533924821926,0.5380320528604668,0.45857775470645346,-0.02640463256588083,0.4580533138044847,0.5165560269877771,0.6771666039670639,0.7114121954811947,0.6635670308645717,-0.103853152332675,0.630949682372849,0.31113189785438816,0.5956285448728496,0.5022966585924212,-0.1952925238866917,0.05137564058641562,-0.23981067652632512,-0.1094723770488318,0.5483426637101572,0.11578221073296584,-0.10710603109703913,-0.3211832167407137,-0.1094723770488388,-0.03834513939223268,0.5828996845516681,0.17225196935125284,0.10774223267220182,-0.2645935155023621,0.05945823133082828,-0.09009275554423571,0.37061656367435775,0.08946756261402224,0.09347234694424175,-0.29091133129031466,0.09009275554424846,-0.2936454956561933,0.48644228106779097,-0.2085894158427805,-0.28245792975593575,-0.36140430914524435,-0.29364549565619286,0.17855222345828883,0.07810673530728436,0.25891912792466715,-0.12907578524581664,0.13222897093364192,-0.1467217473751655,0.010370457481561629,-0.0306090408263935,-0.009430075454959302,-0.19930648312376478,-0.008701161322578728,-0.18537197294402183,-0.25983343571018247,0.0009992063588882712,-0.19403761091281588,-0.06899405705387338,-0.3141717282876561,-0.07018171335851649,-0.2059457209329828,0.006581565062695683,-0.14661164195965531,-0.19566152929529831,-0.27277628645174157,-0.21567389947123394,0.20430166760223534,-0.004783955934500205,0.27478434295530557,-0.14901346372055327,0.13268614572191295,-0.1551277055745161,-0.21949947996217464,-0.08013407995207195,-0.2110266058333153,-0.2372467845447017,-0.17039305278486122,-0.24486847715043067
acc_y_rms,0.06539796510084575,0.8467238557127178,0.7153631096597871,0.9237748830344005,-0.645172936978139,0.8991908575092598,0.11933534727354138,0.8858044193580326,0.6862063890168986,1.0,-0.6214173830918591,0.9862437907354487,-0.2718348060343755,0.764733989694368,0.5959648699622647,0.8088431579891655,-0.8308169345900517,0.8683344544453603,0.09057767259981894,0.6436082333418824,0.648322139626816,0.6459028785094879,-0.4947280634790084,0.6485588168839749,0.4275106476069944,0.755138883034531,0.7859947545305102,0.7939121044100036,-0.3793561981581498,0.7821826150107271,0.3050811199514199,0.843980417897231,0.6829089845678549,0.7905096969868394,-0.5293100469238017,0.7636495065444149,0.1904572144597989,0.7102728749956344,0.43788947431863456,-0.05528992169453849,-0.10057775565714314,-0.09452401533130078,-0.012603971603455142,0.705103749610301,0.28187953437741897,-0.00953162542118469,-0.28093080288248606,-0.012603971603463758,0.2404340063209368,0.6851574594522049,0.4283463893706965,-0.04136934503601042,-0.0038561246936607086,-0.09392309629393733,0.12809017542059448,0.5614697502346991,0.3177334664405947,-0.1244568882601356,-0.12926995632856053,-0.1280901754205772,-0.44036194560471154,0.7004976548933758,-0.31850725657239515,-0.41912563914672707,-0.5327580476164185,-0.4403619456047121,0.13471666190127743,0.27378420624088695,0.26551914619158684,-0.07515888368523248,0.023174615238926447,-0.11044416381406774,0.1451003957362519,0.3390365233599261,0.2544092256644398,-0.24754558144662278,-0.06868183132038115,-0.27368214797715895,-0.23998039195486362,0.2985017819017974,-0.039431508086624156,0.01140490561091386,-0.42479165241015626,-0.01611692272417821,-0.2263986117991544,0.4044849186094622,0.04653081769621997,-0.028963649351645013,-0.5322680028290409,-0.08496653763302588,0.06771560577346489,0.33101378514141366,0.2726600682117326,0.02640739489761752,-0.1260021033742108,-0.012630092116985639,-0.2909789210551911,0.2506764352794531,-0.10647134908579822,-0.10272294882989366,-0.3803110586912595,-0.14513465070760914
acc_y_min,0.47543363575682424,-0.7063842876912011,-0.20355801958420225,-0.592047962253459,0.8905889831387902,-0.4872564501964643,0.4421022770301902,-0.818313200230938,-0.1949165949721202,-0.6214173830918591,1.0,-0.5292724968045145,-0.3357384845687757,-0.6200745693515505,-0.6330874175961035,-0.5927268118388779,0.4868682669299156,-0.5518174124401752,-0.2676689552427304,-0.48772469996035034,-0.568648986075905,-0.44728557051658946,0.2892253921965801,-0.4379668866626652,-0.09560902120079504,-0.49011153559871995,-0.39765165479878073,-0.4407044576775965,0.39046489395823086,-0.42644933636137383,0.17274396664410477,-0.33350779878371667,-0.12554156069559283,-0.28961817336652995,0.5829631517515201,-0.29287893155681405,-0.028180767163015413,-0.24515748108785293,-0.15479411310232843,0.003660391983995497,0.03749775905221442,0.009136417273130325,-0.19380480829184152,-0.2961341503438454,-0.2854698117559135,-0.19464905648950834,-0.036421387749892446,-0.19380480829183722,-0.3149191188310791,-0.2858131485740171,-0.32855418141566994,0.18334238067859435,-0.200812195441906,0.19756436532404148,-0.21296662281546408,-0.338625299773642,-0.2726890217768528,0.2111968118485877,-0.06044849588020616,0.21296662281545245,0.3332028121652373,-0.26078494732102997,0.30258937958584076,0.3280935759726054,0.3730950193451038,0.33320281216523767,-0.0943307358207595,-0.3730696124624113,-0.2469404385266275,-0.0588937222691202,0.04710811163655653,-0.021720570077967283,-0.11688631222560826,-0.4209501842240658,-0.25849504473933843,0.05583388541188499,0.1780616876035426,0.09726603853499985,0.021287244529277355,-0.46851068096330456,-0.19649474976918102,-0.11251369931705842,0.25311971733939487,-0.07465321621302373,0.10954939366931218,-0.4948575218172209,-0.16710802946272135,-0.10859310047729881,0.5164468686216552,-0.047172741016531294,0.026873303859226955,-0.3865453671850032,-0.19863777600845084,-0.1358674809320187,0.20221363173352208,-0.09860752913699071,0.1844478420707935,-0.37296979050756757,-0.04311606863681289,-0.03360344629147717,0.34833680867295813,0.01453944565999735
acc_y_abs_sum,0.10564271890699165,0.7959886783044967,0.6883542152185633,0.9065244399039475,-0.5731632509656555,0.9025610975935288,0.16143048604718274,0.811296334986925,0.6483317941943676,0.9862437907354487,-0.5292724968045145,1.0,-0.3312915650410256,0.7190675978755722,0.5319709573549635,0.7732319506636457,-0.7964674489340504,0.8459721033747467,0.06960090946837781,0.6307620894783843,0.6254126681824667,0.6379118594322618,-0.48698718202088964,0.6425467802929794,0.4499358461730578,0.7641098492876196,0.8031679164915946,0.8119758373556021,-0.37035019852943646,0.8005917070559252,0.3206422372655356,0.852325011818936,0.6932542137109331,0.8001441857256691,-0.5141942846692085,0.7729750248450887,0.1968458377147505,0.7227088608348439,0.44396067988773436,-0.04751657452224855,-0.10321088891660687,-0.08676134263176132,-0.04750964112030091,0.7285704285367438,0.26398594431581585,-0.044245598185222106,-0.31562407424986116,-0.047509641120309566,0.22006339919100995,0.688316981844724,0.415407873821043,-0.012530250591500362,-0.024376665521862375,-0.06644838067179652,0.1201711308308854,0.5555682495301575,0.3098022573166817,-0.1165781829520807,-0.1343457917683571,-0.12017113083086903,-0.43003541464862377,0.715318842781047,-0.3035134893442725,-0.4074562127016545,-0.523061508289027,-0.43003541464862505,0.12135383644862788,0.24629717186039354,0.23898995718410002,-0.08563930595009746,0.021898637497905597,-0.11868554665877376,0.15080401411926964,0.3251962467083263,0.25440642304570693,-0.26652274746073246,-0.04995550560902175,-0.29150920832853355,-0.25127963391172453,0.2633182520995449,-0.061005999077729176,-0.00013772634540564288,-0.4165543926497449,-0.02482417343090587,-0.22683682963117302,0.3845043577797836,0.03726844470900789,-0.03319358796745866,-0.5115635260856316,-0.08676037108828033,0.06405422357944211,0.3174400539244856,0.2554137069700473,0.021893299309601384,-0.12348087250557097,-0.016381814213301343,-0.2850996368797358,0.23139969141803549,-0.11051167880043239,-0.10397431219868715,-0.3645781157703347,-0.14405906105941546
acc_z_mean,-0.5352590425364255,-0.09113081594788162,-0.44586880278840707,-0.23602663122059217,-0.26947902841784194,-0.33040139361946846,-0.5571922199219165,-0.04875575876105684,-0.446835661158069,-0.2718348060343755,-0.3357384845687757,-0.3312915650410256,1.0,0.03047571044266423,0.2308773050514169,-0.06868909416131533,0.2885151752646236,-0.20796379877131482,0.13200149311575743,-0.004964072915033214,0.02704483028004714,-0.07932088347599879,0.046737570732797516,-0.0976806293380675,-0.35369899714641195,-0.1106649553422846,-0.3019746662659738,-0.24162671146421796,-0.1600226052369178,-0.2560529486059252,-0.6187442892354799,-0.48981154861938375,-0.620507329970547,-0.444313151458786,-0.21195280586146004,-0.4227784007715587,-0.041838569584113,-0.3896342330483138,-0.1772892115992238,-0.05257266820561033,0.12097518554099508,-0.02842960107408968,0.28212153213350283,-0.3501709163342361,0.10951478745625352,0.28005298971227227,0.37411584592145536,0.2821215321335047,0.050679687241273946,-0.384994496783627,-0.08978927509865178,-0.18596170262164474,0.20725023191223943,-0.14827257144547995,0.03039473901815268,-0.3134385678251344,-0.08914680768990516,-0.03393177247355886,0.22281090340862145,-0.030394739018154673,-0.03054805572998818,-0.3389876611152332,-0.08907179980736121,-0.040216216969820875,0.03310885661669738,-0.030548055729988272,-0.054714483960237925,0.29508726821939174,0.05594939672018441,0.18924471392346562,-0.13337524444066398,0.17226681237542057,0.05880099504954665,0.29670379947187764,0.1673612936475474,0.21001523492023746,-0.1347340300168593,0.1708185144516369,0.31255796736207264,0.38780386876957545,0.3956310222172981,0.21080865360769324,0.16835669488909874,0.18699530004737674,0.17598977862273113,0.2857213285876544,0.27513129830448557,0.2635865983566607,-0.054578641301050224,0.24702163063172752,-0.18365203214133774,0.3012995023298412,-0.04724794283017263,0.2720519360327061,-0.24420367172879986,0.25433653390380145,0.126755892467968,0.3171429139696421,0.275621597505088,0.21521319682528195,-0.036236699319347615,0.19577915682826494
acc_z_std,0.04089687678878142,0.856266901074495,0.7001213862040487,0.7904148571751128,-0.7870090974712239,0.6932851242716709,0.19192661110794854,0.8326403369992723,0.7021906858607911,0.764733989694368,-0.6200745693515505,0.7190675978755722,0.03047571044266423,1.0,0.9527091316810868,0.9863870321443368,-0.8895218189524625,0.9446941239185214,0.023294740766218566,0.4805321417600817,0.4552753572019412,0.4653238093188382,-0.458353995453856,0.46366383607458045,0.3914909107018811,0.5331926672824502,0.6121479246580286,0.5730448408824298,-0.24407952172636066,0.55788359553602,0.14166047459453066,0.5876278579961587,0.48485107825577656,0.5416869464622173,-0.4282159888439085,0.5169589756170485,0.34987827445789266,0.47312462935281163,0.5059629860350631,-0.2085790692407883,0.1461808842613721,-0.23803289571215122,-0.05252989742879395,0.5736492027719268,0.1814587159639798,-0.05041706120186789,-0.28155476940142277,-0.05252989742880262,0.04605875028664951,0.4638450049431374,0.19280669049074628,0.12979909110727367,-0.13878613983137067,0.0946060864990746,0.023062497056014725,0.33436891551215975,0.14823770725096116,-0.020712557238265518,-0.1454856908476906,-0.02306249705599888,-0.41223377981077114,0.4055048899367459,-0.3436229974134228,-0.40281878330530096,-0.4596157683193931,-0.41223377981077225,0.17038658312918595,0.27358873883350765,0.3246180076733535,-0.06204559907274707,0.06321497960316831,-0.09706863093472237,0.07351260555880704,0.21932416301654414,0.1330934026177359,-0.14693405677355523,-0.13386170353215024,-0.16403309554263867,-0.18807539511033802,0.3057092263745077,0.00556695930478655,0.006600892910911173,-0.3686052058315986,-0.015466978606550953,-0.2003404785953619,0.28740279417199593,-0.00591487043528819,-0.06265825861034499,-0.5268336000020891,-0.11338871938445216,0.13833678330044397,0.20807981068276693,0.3129985248897843,-0.008213520303127678,-0.006519939415898136,-0.032685576700182815,-0.21272128859453976,0.1498421607479213,-0.06972531327645937,-0.15159827426351283,-0.2741023285392871,-0.18039726864945815
acc_z_max,-0.053081962547317604,0.7692678469412387,0.5709380320713563,0.6358309521685765,-0.8023482646929647,0.5110756249218047,0.10964409362613205,0.7548542119211442,0.5921532294695677,0.5959648699622647,-0.6330874175961035,0.5319709573549635,0.2308773050514169,0.9527091316810868,1.0,0.9103235698443176,-0.7494330079292737,0.824130786178894,0.030379051897637083,0.374469751871784,0.352118849482453,0.3562991851929176,-0.37729323923190883,0.35333494578352853,0.3058028579201237,0.389377297135513,0.45831631712408394,0.4143000935707828,-0.18557723411651506,0.40017663413838966,-0.006419119187678032,0.3846527908593409,0.2906109277506786,0.3415747242156758,-0.3871709063505629,0.3237117194500405,0.3647982980791326,0.2885131995239009,0.4576117373718887,-0.25278292515522055,0.237524463756155,-0.27191160644366796,-0.015425363943972672,0.40558988743366226,0.1412513015054473,-0.014191472720452736,-0.19064261577152491,-0.015425363943979625,-0.028607908760339213,0.28798574694617146,0.06943142247830511,0.12502603145427774,-0.157153973464364,0.10433809285528513,-0.03823140985579566,0.18645910063417714,0.044056344303429626,0.03965949010605111,-0.1423518407785254,0.038231409855808716,-0.36971922972161175,0.22744860849484716,-0.3341272407459787,-0.3661532640123312,-0.39119822078700484,-0.3697192297216118,0.17046961132243543,0.2539830332927178,0.3188538113243308,-0.04340719382036749,0.07283164528682536,-0.07493303162793001,0.04221135205096019,0.19020864018267544,0.09606250994840282,-0.07641424426114231,-0.1636041886254042,-0.09326700952427869,-0.12447219520156011,0.30890506679845203,0.057235270047997944,0.016717612231639815,-0.29322711382214606,-0.004444602589632713,-0.16202259547853096,0.2567359526742812,0.006080455300668879,-0.0398226385536389,-0.48438887809499087,-0.08655520467780942,0.12827991902869862,0.17611204966797012,0.284963219832626,0.0012291940403968994,0.004380634421015357,-0.018998607534639403,-0.16358760344212903,0.13065262556510676,-0.03664722623809249,-0.12645499233459692,-0.2252644809214704,-0.15039395587915624
acc_z_rms,0.09531912142846787,0.8691678309977636,0.7344798147480222,0.8266706431126132,-0.7588501528270305,0.7424566003436385,0.23665623856119608,0.8347201132218101,0.7248014537465824,0.8088431579891655,-0.5927268118388779,0.7732319506636457,-0.06868909416131533,0.9863870321443368,0.9103235698443176,1.0,-0.9183689990264053,0.9777496547483854,0.019731942196203008,0.5042001677059866,0.47703564912895347,0.49080509380023457,-0.47164436123099446,0.48992418987450026,0.42241074018323,0.5806944374872315,0.6668063557800429,0.6327331957718441,-0.25835046443452586,0.6179390299464009,0.19252878475639423,0.6440033859046453,0.5399319652865815,0.6026255194098108,-0.43353644453477463,0.5769426097097597,0.3507811922450254,0.528756676464469,0.5265509312332636,-0.19542525474537925,0.1223462550797818,-0.22661189640605023,-0.07380631534408924,0.6262063568980986,0.1882726411752089,-0.07137128368628125,-0.317778718048736,-0.07380631534409855,0.0627036744667572,0.5151024125059385,0.2253911367553939,0.13883861425850114,-0.14026032966795407,0.09929159058181988,0.04067828561927921,0.37962174245835384,0.17781507890203466,-0.03798088807850362,-0.1491645158326431,-0.040678285619262636,-0.4262204449841387,0.4508626979213792,-0.34857375371743304,-0.415146938705219,-0.4802594068605593,-0.4262204449841384,0.1595442615167701,0.2734091189930807,0.3118501755541907,-0.06237929231535085,0.0534283659984852,-0.09696417209328131,0.08987365467034845,0.22774432269582964,0.14941707431041112,-0.17571699457716666,-0.11454477077899194,-0.1917977758566968,-0.20421772199142701,0.29902967875132697,-0.011666524050795057,0.006080565897292339,-0.3871549961855212,-0.01592475825713586,-0.209549985899374,0.2905782562299765,-0.010966474376948764,-0.071305903087092,-0.5292850851808335,-0.12181141571856073,0.1359074864953009,0.2182758311561608,0.31644561262559445,-0.006711011205896615,-0.011334005209864762,-0.0324040510949327,-0.21728981959220675,0.15533671118603037,-0.07386167181524587,-0.1561085242409311,-0.2800560088971155,-0.18543740091493524
acc_z_min,-0.2351138081766369,-0.8214535598135329,-0.8133224383828996,-0.8312925720481807,0.6196043825012687,-0.7759885583739669,-0.34140971897057754,-0.8051074730111362,-0.8093230636680706,-0.8308169345900517,0.4868682669299156,-0.7964674489340504,0.2885151752646236,-0.8895218189524625,-0.7494330079292737,-0.9183689990264053,1.0,-0.9319124645708612,0.02153164496927648,-0.4708018178564745,-0.4411912940862535,-0.47676114081303234,0.4551067016712698,-0.48084814673596066,-0.4657611917661559,-0.5454030987710315,-0.6704551136765721,-0.6206648625062883,0.18622765503536465,-0.6108014509967028,-0.34493314350638593,-0.7137063363236381,-0.6533867260743546,-0.6692500879204354,0.3297999361862964,-0.6379910150572836,-0.29619622368245463,-0.592064948932353,-0.491689046899801,0.15515241322350815,-0.04142790025433447,0.1919514162229497,0.11420047011306686,-0.6593772553605556,-0.1673185347725449,0.11144849099344008,0.3602971389492771,0.11420047011307571,-0.08410422601197477,-0.571588750477602,-0.26587841177197424,-0.15107782193695274,0.130980045447873,-0.10497643935140141,-0.05300406027287761,-0.42490344935176455,-0.2066264908629609,0.0500184092415768,0.15856503206437855,0.05300406027286166,0.37188891098119187,-0.5200528951211452,0.28061751459885054,0.35840750561960405,0.43915692591079747,0.3718889109811921,-0.1756749461765518,-0.22033752893981587,-0.2972628681907521,0.09650974785172521,-0.07525047300448774,0.12844182370101173,-0.033834713590864145,-0.12794073497111633,-0.07408886456334944,0.16942207178289137,0.08827842425506446,0.17480714061895486,0.2650604845497673,-0.21635806370272967,0.09485129726164282,0.044150839555418646,0.4164244583565737,0.062309769984723415,0.24828378625995662,-0.1944724768050814,0.08239530574319394,0.1445652635022452,0.4637851303944653,0.18633290486097467,-0.19986151102872102,-0.13154872246839966,-0.33692144923306405,0.08666149753673655,-0.0655067289719393,0.1078650503631728,0.2502086933337124,-0.07513012851639976,0.14125733825941125,0.20302858856685915,0.25742098356149484,0.22785832628846278
acc_z_abs_sum,0.13023176347395327,0.8709605014096498,0.7777692990599233,0.8684941355840573,-0.6973726609398815,0.8094874771812542,0.25414741890101034,0.840098869666355,0.7569885152014625,0.8683344544453603,-0.5518174124401752,0.8459721033747467,-0.20796379877131482,0.9446941239185214,0.824130786178894,0.9777496547483854,-0.9319124645708612,1.0,0.023880867211126783,0.53994596876862,0.5161231665556265,0.5352924761112283,-0.4893818141512065,0.5351387245083251,0.4343358337797022,0.6557277285997665,0.7262934531776352,0.7022904885147494,-0.3050923777213804,0.6879095427049182,0.26974239765865554,0.7457348657120133,0.6347669416391822,0.6990510789497514,-0.44658362805189483,0.6700784947157699,0.2874150839889279,0.6152658220790747,0.49703816066406287,-0.12079036548868123,0.026987138306024283,-0.1567513882727969,-0.08204587779464009,0.6786365770061593,0.2048516227358475,-0.07933413933690783,-0.34019220226442265,-0.08204587779464986,0.13972916545819433,0.602068272231982,0.3179233636271003,0.10523416583262421,-0.08691784877312073,0.0593052304633384,0.1083328115564412,0.47831938939563945,0.2662513044711711,-0.10502784381153607,-0.12026872726619169,-0.10833281155642455,-0.4193908540682551,0.5482329956311414,-0.32372029723883633,-0.405150831155179,-0.48983005454457285,-0.41939085406825555,0.13316052489303343,0.2835297430473557,0.28589507626646893,-0.05902356807157238,0.024625689754331378,-0.09478185071737989,0.11493398388074211,0.24411766169023774,0.1768213657977687,-0.21948673433734153,-0.0858488260194901,-0.23560871915486414,-0.22695135732336671,0.27830787658164485,-0.03948179214040195,0.005594196127594887,-0.40334381068157854,-0.015604879814266264,-0.2177704035961398,0.30183558206360733,-0.01099618698380824,-0.07320809993329637,-0.5225471330076442,-0.12363480080975918,0.12031743668276854,0.24325611168440536,0.3086233249680964,-0.0009843549874247687,-0.0358924586227613,-0.029484470583765725,-0.2296240706674126,0.17322981925317613,-0.07868098475239266,-0.14921045792774318,-0.296750641136721,-0.18110662662483298
